0 	 0.0
1 	 2.2753233909606934
2 	 3.0845630168914795
3 	 2.635758876800537
4 	 2.411804437637329
5 	 2.7057042121887207
6 	 2.7050678730010986
7 	 2.684004783630371
8 	 2.6705970764160156
9 	 2.483886957168579
10 	 2.139511823654175
11 	 2.386237621307373
12 	 2.6543641090393066
13 	 2.807806968688965
14 	 2.7992429733276367
15 	 3.118131399154663
16 	 2.7457478046417236
17 	 3.0832717418670654
18 	 3.0598602294921875
19 	 2.7815911769866943
20 	 3.140880823135376
21 	 3.2612252235412598
22 	 3.0327439308166504
23 	 3.1377172470092773
24 	 2.820319414138794
25 	 3.141486883163452
26 	 3.1064958572387695
27 	 2.7511582374572754
28 	 3.1241767406463623
29 	 2.8325724601745605
30 	 3.1601901054382324
31 	 3.122710704803467
32 	 2.791651725769043
33 	 2.9731369018554688
34 	 2.8909475803375244
35 	 2.9922053813934326
36 	 2.8021745681762695
37 	 3.0947558879852295
38 	 2.8357250690460205
39 	 2.561002254486084
40 	 2.516386032104492
41 	 2.744823694229126
42 	 2.932309150695801
43 	 3.0579423904418945
44 	 2.9753401279449463
45 	 3.150747060775757
46 	 2.853623151779175
47 	 3.34435772895813
48 	 4.2448039054870605
49 	 4.716484069824219
50 	 4.938925743103027
51 	 4.158884525299072
52 	 4.377414703369141
53 	 4.319457054138184
54 	 3.8490407466888428
55 	 3.4253764152526855
56 	 3.463338851928711
57 	 3.1163759231567383
58 	 2.9274590015411377
59 	 2.8577167987823486
60 	 2.795471429824829
61 	 2.9514920711517334
62 	 2.8590245246887207
63 	 3.115481376647949
64 	 2.8214943408966064
65 	 2.8841824531555176
66 	 3.105502128601074
67 	 3.649338960647583
68 	 3.288398265838623
69 	 3.133998155593872
70 	 3.4924356937408447
71 	 3.8723790645599365
72 	 4.028974533081055
73 	 3.9728713035583496
74 	 4.555233955383301
75 	 4.5229339599609375
76 	 4.963921070098877
77 	 5.238129138946533
78 	 5.778606414794922
79 	 5.166317462921143
80 	 4.5138115882873535
81 	 4.836827754974365
82 	 4.8467326164245605
83 	 4.996748447418213
84 	 4.791066646575928
85 	 4.3610100746154785
86 	 5.10640811920166
87 	 5.085078239440918
88 	 5.318629741668701
89 	 5.078944206237793
90 	 4.912989139556885
91 	 4.895627498626709
92 	 4.921380519866943
93 	 5.185659408569336
94 	 5.026392459869385
95 	 5.2787556648254395
96 	 4.6913652420043945
97 	 5.38723087310791
98 	 5.4751458168029785
99 	 4.9170989990234375
100 	 5.3181681632995605
101 	 5.316030979156494
102 	 4.7497358322143555
103 	 5.09613561630249
104 	 4.78235387802124
105 	 4.407466411590576
106 	 4.747034072875977
107 	 5.246313571929932
108 	 5.372957229614258
109 	 5.487033367156982
110 	 5.350308895111084
111 	 5.766594886779785
112 	 5.5286359786987305
113 	 5.327590465545654
114 	 6.122498512268066
115 	 5.9387898445129395
116 	 5.889351844787598
117 	 5.500909805297852
118 	 6.025851726531982
119 	 5.263211250305176
120 	 5.32615327835083
121 	 5.781087875366211
122 	 6.161170959472656
123 	 5.7805609703063965
124 	 6.266655445098877
125 	 6.1683268547058105
126 	 5.946254730224609
127 	 6.137207984924316
128 	 6.076078414916992
129 	 6.2017927169799805
130 	 5.737767219543457
131 	 5.763642311096191
132 	 5.286872863769531
133 	 5.492860794067383
134 	 5.351977348327637
135 	 5.300444602966309
136 	 5.516025066375732
137 	 6.147116661071777
138 	 5.48300313949585
139 	 5.12105655670166
140 	 5.530956745147705
141 	 5.723006725311279
142 	 6.222484111785889
143 	 6.001463413238525
144 	 5.447475910186768
145 	 5.600595951080322
146 	 5.8577561378479
147 	 5.651309967041016
148 	 5.443478107452393
149 	 5.479023456573486
150 	 6.265357494354248
151 	 5.948392868041992
152 	 5.607397556304932
153 	 5.82839298248291
154 	 5.949045181274414
155 	 5.976909160614014
156 	 5.326164722442627
157 	 5.645660400390625
158 	 5.417197227478027
159 	 5.452940464019775
160 	 5.384929180145264
161 	 5.649194717407227
162 	 5.47430419921875
163 	 5.8500261306762695
164 	 5.562297821044922
165 	 5.010293960571289
166 	 5.596480369567871
167 	 5.6439714431762695
168 	 5.766443252563477
169 	 5.840396404266357
170 	 5.636831760406494
171 	 5.481670379638672
172 	 5.5727925300598145
173 	 5.482131004333496
174 	 5.502224445343018
175 	 5.739590167999268
176 	 4.767797946929932
177 	 4.943382263183594
178 	 5.57588529586792
179 	 5.892327785491943
180 	 6.18925142288208
181 	 6.0757012367248535
182 	 6.449441909790039
183 	 6.239344596862793
184 	 6.352895259857178
185 	 6.488048553466797
186 	 5.9567742347717285
187 	 6.275598049163818
188 	 6.01859712600708
189 	 6.156320095062256
190 	 5.748800277709961
191 	 5.9567975997924805
192 	 5.89589786529541
193 	 5.843351364135742
194 	 6.053496837615967
195 	 6.238170146942139
196 	 5.942020416259766
197 	 5.536775588989258
198 	 5.704833030700684
199 	 5.819566249847412
200 	 6.196021556854248
201 	 5.65392541885376
202 	 6.4354352951049805
203 	 5.917416095733643
204 	 6.061899185180664
205 	 6.02385950088501
206 	 6.418807029724121
207 	 5.900645732879639
208 	 6.058838844299316
209 	 5.730008125305176
210 	 5.535035133361816
211 	 5.676082611083984
212 	 5.324970245361328
213 	 4.378559112548828
214 	 5.481988430023193
215 	 5.207735061645508
216 	 5.022432327270508
217 	 5.103896617889404
218 	 4.839455604553223
219 	 5.579347133636475
220 	 4.981997489929199
221 	 5.153329849243164
222 	 5.523725986480713
223 	 5.467262268066406
224 	 5.957803249359131
225 	 6.259294033050537
226 	 6.137815952301025
227 	 6.5023579597473145
228 	 5.710519790649414
229 	 5.692296028137207
230 	 5.847244739532471
231 	 5.961553573608398
232 	 5.902660846710205
233 	 5.855990409851074
234 	 6.008026599884033
235 	 5.9629902839660645
236 	 5.714392185211182
237 	 5.711575508117676
238 	 5.742499828338623
239 	 6.045082092285156
240 	 5.794605731964111
241 	 5.5942463874816895
242 	 5.975236415863037
243 	 6.202078342437744
244 	 6.184910297393799
245 	 6.327394962310791
246 	 6.200238227844238
247 	 6.210793495178223
248 	 6.095477104187012
249 	 6.130035400390625
250 	 6.219170093536377
251 	 6.274094581604004
252 	 6.178006172180176
253 	 6.230978488922119
254 	 6.313655376434326
255 	 6.344431400299072
256 	 6.094642162322998
257 	 6.385351181030273
258 	 6.013064384460449
259 	 6.0232930183410645
260 	 6.087019443511963
261 	 6.152272701263428
262 	 6.276251792907715
263 	 5.996049880981445
264 	 6.157376289367676
265 	 6.173885822296143
266 	 6.287230014801025
267 	 6.181323051452637
268 	 6.125056266784668
269 	 6.351300239562988
270 	 6.008620262145996
271 	 6.101536273956299
272 	 6.139791488647461
273 	 5.894484996795654
274 	 6.285864353179932
275 	 6.24661111831665
276 	 6.343088626861572
277 	 6.294107913970947
278 	 6.218276500701904
279 	 6.157021999359131
280 	 6.122860908508301
281 	 6.201387405395508
282 	 6.188811302185059
283 	 6.263757228851318
284 	 6.073531150817871
285 	 6.119685649871826
286 	 6.183990955352783
287 	 6.106756687164307
288 	 6.042148113250732
289 	 6.009000301361084
290 	 5.8472161293029785
291 	 6.044107913970947
292 	 6.0005903244018555
293 	 6.193071365356445
294 	 6.053234577178955
295 	 5.913430213928223
296 	 5.781838893890381
297 	 5.886810302734375
298 	 5.984384059906006
299 	 6.073927879333496
300 	 6.037369728088379
301 	 6.039732933044434
302 	 6.104518413543701
303 	 6.11399507522583
304 	 5.842848777770996
305 	 5.875275135040283
306 	 5.815530776977539
307 	 6.035966873168945
308 	 5.999578475952148
309 	 6.256553649902344
310 	 6.179099082946777
311 	 5.87683629989624
312 	 5.958658218383789
313 	 5.867908000946045
314 	 6.387392044067383
315 	 6.0975341796875
316 	 6.129276275634766
317 	 6.2646684646606445
318 	 6.30614709854126
319 	 6.272233486175537
320 	 6.2295050621032715
321 	 6.071625232696533
322 	 6.062912940979004
323 	 6.157739162445068
324 	 5.869157314300537
325 	 6.243109703063965
326 	 5.941565990447998
327 	 6.086769104003906
328 	 6.182967185974121
329 	 5.8821120262146
330 	 5.671483516693115
331 	 5.580838680267334
332 	 6.222379207611084
333 	 5.885732650756836
334 	 6.05338716506958
335 	 5.756617546081543
336 	 6.222439765930176
337 	 5.642131805419922
338 	 5.273683547973633
339 	 5.7024383544921875
340 	 6.137571334838867
341 	 6.015975475311279
342 	 6.136391639709473
343 	 6.0557708740234375
344 	 6.123850345611572
345 	 5.947633266448975
346 	 5.8891682624816895
347 	 5.620185375213623
348 	 5.89754056930542
349 	 6.058345794677734
350 	 5.955580234527588
351 	 5.8900146484375
352 	 5.7820725440979
353 	 5.469127178192139
354 	 5.873102188110352
355 	 6.019623756408691
356 	 5.967426776885986
357 	 5.899371147155762
358 	 6.141027450561523
359 	 5.9759955406188965
360 	 5.883602142333984
361 	 6.0391154289245605
362 	 5.810888767242432
363 	 5.930605888366699
364 	 5.699438095092773
365 	 5.777250289916992
366 	 6.018306732177734
367 	 6.159934043884277
368 	 5.902360916137695
369 	 5.96151876449585
370 	 6.053654670715332
371 	 5.89957857131958
372 	 5.8209228515625
373 	 5.85969877243042
374 	 6.090338706970215
375 	 6.02281379699707
376 	 6.126108646392822
377 	 5.889001369476318
378 	 5.920514106750488
379 	 5.766604900360107
380 	 5.691977500915527
381 	 5.837887287139893
382 	 6.328108787536621
383 	 6.1470561027526855
384 	 6.030594825744629
385 	 6.3221611976623535
386 	 6.245363712310791
387 	 6.074696063995361
388 	 6.1283392906188965
389 	 6.149509906768799
390 	 6.455052852630615
391 	 6.349872589111328
392 	 6.098954677581787
393 	 6.285800457000732
394 	 6.154537200927734
395 	 5.639394283294678
396 	 5.547956466674805
397 	 5.983764171600342
398 	 5.85113525390625
399 	 5.658382415771484
400 	 6.111058712005615
401 	 6.086026668548584
402 	 6.119519233703613
403 	 5.984792709350586
404 	 5.9438652992248535
405 	 6.006714344024658
406 	 6.0535969734191895
407 	 5.900381088256836
408 	 6.162171363830566
409 	 6.210571765899658
410 	 6.002851963043213
411 	 6.1738362312316895
412 	 5.941262245178223
413 	 6.255245208740234
414 	 5.942389488220215
415 	 5.53093957901001
416 	 6.094781398773193
417 	 5.925008773803711
418 	 6.215014457702637
419 	 6.13613224029541
420 	 6.455853462219238
421 	 5.9847822189331055
422 	 6.260257244110107
423 	 5.9806671142578125
424 	 6.194283485412598
425 	 6.270761013031006
426 	 6.290044784545898
427 	 6.470670700073242
428 	 6.316180229187012
429 	 5.898108005523682
430 	 6.367023468017578
431 	 5.923252582550049
432 	 5.961768627166748
433 	 5.916937351226807
434 	 5.715180397033691
435 	 6.269454002380371
436 	 6.42794132232666
437 	 6.45864200592041
438 	 6.214645862579346
439 	 6.342487812042236
440 	 6.327009201049805
441 	 6.281219482421875
442 	 6.250207424163818
443 	 6.319779872894287
444 	 6.136595249176025
445 	 6.176728248596191
446 	 6.3935041427612305
447 	 6.067373752593994
448 	 6.2899250984191895
449 	 6.358730316162109
450 	 6.06318473815918
451 	 5.794918060302734
452 	 6.172701835632324
453 	 5.78920841217041
454 	 5.724221229553223
455 	 6.189594745635986
456 	 5.956544399261475
457 	 5.632795333862305
458 	 5.821959495544434
459 	 5.720702648162842
460 	 6.019406318664551
461 	 5.866540431976318
462 	 5.922661781311035
463 	 5.761961936950684
464 	 5.725037097930908
465 	 5.687155246734619
466 	 5.802267551422119
467 	 5.721713542938232
468 	 5.692334175109863
469 	 5.492327690124512
470 	 5.581289291381836
471 	 5.470755100250244
472 	 5.4148478507995605
473 	 5.730224609375
474 	 5.5846452713012695
475 	 5.657885551452637
476 	 5.556522369384766
477 	 5.70554780960083
478 	 5.935744762420654
479 	 6.212368965148926
480 	 6.126899719238281
481 	 6.1808953285217285
482 	 6.134097576141357
483 	 5.915752410888672
484 	 6.107877254486084
485 	 5.757128715515137
486 	 6.078586101531982
487 	 6.104921817779541
488 	 6.13727331161499
489 	 6.187418460845947
490 	 6.122579574584961
491 	 5.997621536254883
492 	 5.895402908325195
493 	 5.949760437011719
494 	 5.800420761108398
495 	 5.857694625854492
496 	 6.014840126037598
497 	 6.044036865234375
498 	 5.889244079589844
499 	 5.8822712898254395
500 	 5.970605850219727
501 	 5.857666015625
502 	 5.960824966430664
503 	 6.031864166259766
504 	 5.997228622436523
505 	 6.002597808837891
506 	 5.927323341369629
507 	 5.921559810638428
508 	 5.940465927124023
509 	 5.773715496063232
510 	 5.847390174865723
511 	 5.605861663818359
512 	 5.924020290374756
513 	 5.504855155944824
514 	 5.564326763153076
515 	 5.727209091186523
516 	 5.956328392028809
517 	 5.649815559387207
518 	 6.023968696594238
519 	 5.916572093963623
520 	 5.83737850189209
521 	 5.771708965301514
522 	 5.738701820373535
523 	 5.793709754943848
524 	 5.677870273590088
525 	 5.992470741271973
526 	 5.836113452911377
527 	 5.90180778503418
528 	 5.943613529205322
529 	 5.915867328643799
530 	 5.770318508148193
531 	 5.824192523956299
532 	 5.807466506958008
533 	 5.681799411773682
534 	 5.71635103225708
535 	 6.05299186706543
536 	 5.8523101806640625
537 	 6.152880668640137
538 	 5.795919895172119
539 	 5.833824157714844
540 	 5.9424004554748535
541 	 5.963484764099121
542 	 5.814662933349609
543 	 5.799387454986572
544 	 5.874758243560791
545 	 5.8918538093566895
546 	 5.988333225250244
547 	 6.081920146942139
548 	 5.968876838684082
549 	 6.006344795227051
550 	 6.059896469116211
551 	 5.973580837249756
552 	 5.873385429382324
553 	 5.879665374755859
554 	 5.962612628936768
555 	 5.94094705581665
556 	 5.765962600708008
557 	 5.919252395629883
558 	 5.882631301879883
559 	 5.8775506019592285
560 	 5.818889617919922
561 	 5.718674182891846
562 	 5.806807518005371
563 	 5.971122741699219
564 	 5.994967460632324
565 	 5.879799842834473
566 	 6.100809097290039
567 	 5.938625335693359
568 	 6.010289192199707
569 	 6.048232555389404
570 	 6.041221618652344
571 	 6.0516815185546875
572 	 5.968803405761719
573 	 5.8537211418151855
574 	 5.857461452484131
575 	 6.025798320770264
576 	 6.105957508087158
577 	 5.970644474029541
578 	 6.0054426193237305
579 	 6.080965995788574
580 	 6.032712936401367
581 	 5.882775783538818
582 	 5.80665922164917
583 	 5.9100494384765625
584 	 5.881409168243408
585 	 6.154778957366943
586 	 6.04671049118042
587 	 5.9908881187438965
588 	 5.913998603820801
589 	 5.998466491699219
590 	 6.007983684539795
591 	 5.999862194061279
592 	 5.902304649353027
593 	 5.860416412353516
594 	 5.882266521453857
595 	 5.956113338470459
596 	 5.771807670593262
597 	 5.899857044219971
598 	 5.762946605682373
599 	 5.971622467041016
600 	 6.063077926635742
601 	 5.927642822265625
602 	 6.1139655113220215
603 	 5.943829536437988
604 	 6.121452808380127
605 	 6.021383762359619
606 	 5.893397808074951
607 	 5.824692249298096
608 	 5.833896160125732
609 	 6.0553765296936035
610 	 5.9009785652160645
611 	 5.9832377433776855
612 	 5.657254695892334
613 	 5.965275764465332
614 	 5.949150562286377
615 	 5.945219039916992
616 	 6.019673824310303
617 	 5.945313930511475
618 	 5.9794721603393555
619 	 6.034297466278076
620 	 6.1182074546813965
621 	 6.007577419281006
622 	 5.7795491218566895
623 	 5.9358134269714355
624 	 5.950599670410156
625 	 5.728063583374023
626 	 5.911282539367676
627 	 6.0644001960754395
628 	 6.056131362915039
629 	 5.810227870941162
630 	 5.784728050231934
631 	 5.838406562805176
632 	 5.880809783935547
633 	 5.950647830963135
634 	 6.093418598175049
635 	 5.853808403015137
636 	 5.8632683753967285
637 	 5.987039089202881
638 	 5.851329326629639
639 	 5.945738315582275
640 	 6.065555572509766
641 	 5.800847053527832
642 	 5.690728187561035
643 	 6.003123760223389
644 	 5.897468090057373
645 	 5.892147541046143
646 	 5.864318370819092
647 	 5.855766773223877
648 	 5.7080817222595215
649 	 6.133617401123047
650 	 5.8497114181518555
651 	 5.721316337585449
652 	 5.868716716766357
653 	 5.874975204467773
654 	 5.8221659660339355
655 	 5.841980457305908
656 	 5.768080711364746
657 	 5.8395094871521
658 	 5.861769199371338
659 	 6.152898788452148
660 	 5.999023914337158
661 	 5.8466644287109375
662 	 6.03971529006958
663 	 5.900963306427002
664 	 5.822450160980225
665 	 5.859576225280762
666 	 5.666487216949463
667 	 5.862589359283447
668 	 5.865925312042236
669 	 5.9149956703186035
670 	 5.923941135406494
671 	 5.693439960479736
672 	 5.843053340911865
673 	 5.9301042556762695
674 	 5.783077716827393
675 	 5.8107008934021
676 	 5.882219314575195
677 	 5.755669116973877
678 	 5.773995876312256
679 	 5.9164581298828125
680 	 5.813076019287109
681 	 5.8277692794799805
682 	 5.83280611038208
683 	 5.940061092376709
684 	 5.783548831939697
685 	 5.874070644378662
686 	 5.846600532531738
687 	 5.91162633895874
688 	 5.964278221130371
689 	 5.798317909240723
690 	 5.787947654724121
691 	 5.755483627319336
692 	 5.929075241088867
693 	 5.947938919067383
694 	 5.9545722007751465
695 	 5.812572956085205
696 	 5.734293460845947
697 	 5.88877010345459
698 	 5.824488162994385
699 	 5.724095821380615
700 	 5.9427571296691895
701 	 5.928956508636475
702 	 5.884853363037109
703 	 5.790855884552002
704 	 5.812585830688477
705 	 5.78753137588501
706 	 5.741486072540283
707 	 5.754842758178711
708 	 5.845858097076416
709 	 5.827970027923584
710 	 5.846395492553711
711 	 5.954107761383057
712 	 5.791473865509033
713 	 5.844224452972412
714 	 5.811271667480469
715 	 5.712818622589111
716 	 5.780818939208984
717 	 5.6796979904174805
718 	 5.800490856170654
719 	 5.832389831542969
720 	 5.921933174133301
721 	 5.708728313446045
722 	 5.809286594390869
723 	 5.751603603363037
724 	 5.842693328857422
725 	 5.684979438781738
726 	 5.825911521911621
727 	 5.693061351776123
728 	 5.776875019073486
729 	 5.83222770690918
730 	 5.833277702331543
731 	 5.690444469451904
732 	 5.872284412384033
733 	 5.808128833770752
734 	 5.9841628074646
735 	 5.723374366760254
736 	 5.746872901916504
737 	 5.808735370635986
738 	 5.782202243804932
739 	 5.7922749519348145
740 	 5.680527210235596
741 	 5.864640235900879
742 	 5.726054668426514
743 	 5.769912242889404
744 	 5.8174052238464355
745 	 5.852978706359863
746 	 5.872185707092285
747 	 5.8231282234191895
748 	 5.816140174865723
749 	 5.769278526306152
750 	 5.780189037322998
751 	 5.631412506103516
752 	 5.82188081741333
753 	 5.953643798828125
754 	 5.7698445320129395
755 	 5.66798734664917
756 	 5.908310413360596
757 	 5.790406703948975
758 	 5.861702919006348
759 	 5.670265197753906
760 	 5.627096176147461
761 	 5.7813920974731445
762 	 5.876181602478027
763 	 5.82222318649292
764 	 5.796102523803711
765 	 6.019277572631836
766 	 5.859206676483154
767 	 5.971941947937012
768 	 5.8571248054504395
769 	 5.864922046661377
770 	 5.892358303070068
771 	 5.768651008605957
772 	 5.830452919006348
773 	 5.6378374099731445
774 	 5.699763298034668
775 	 5.8004279136657715
776 	 5.899842262268066
777 	 5.710348129272461
778 	 5.689659595489502
779 	 5.875074863433838
780 	 5.866006851196289
781 	 5.672709941864014
782 	 5.766658306121826
783 	 5.827698707580566
784 	 5.7561750411987305
785 	 5.762915134429932
786 	 5.73804235458374
787 	 5.814513683319092
788 	 5.719825744628906
789 	 5.70255184173584
790 	 5.831510066986084
791 	 5.778141975402832
792 	 5.7704620361328125
793 	 5.8690104484558105
794 	 5.792285442352295
795 	 5.876720905303955
796 	 5.667768955230713
797 	 5.641686916351318
798 	 5.634372234344482
799 	 5.513736724853516
800 	 5.758444786071777
801 	 5.80471134185791
802 	 5.91060733795166
803 	 5.799953460693359
804 	 5.9901533126831055
805 	 5.862737655639648
806 	 5.857320308685303
807 	 5.816500186920166
808 	 5.857318878173828
809 	 5.844168186187744
810 	 5.733919143676758
811 	 5.900608062744141
812 	 5.740233898162842
813 	 5.878409385681152
814 	 5.8475661277771
815 	 5.91766881942749
816 	 5.8912458419799805
817 	 5.766292095184326
818 	 5.853667259216309
819 	 5.597303867340088
820 	 5.836328029632568
821 	 5.9618353843688965
822 	 5.874216079711914
823 	 5.960751056671143
824 	 5.8382792472839355
825 	 5.917675018310547
826 	 5.797724723815918
827 	 5.804555892944336
828 	 5.919344902038574
829 	 5.849571228027344
830 	 5.761979103088379
831 	 6.028631687164307
832 	 6.043256759643555
833 	 5.868516445159912
834 	 5.700827598571777
835 	 5.921098232269287
836 	 5.728181838989258
837 	 5.776182651519775
838 	 5.563846588134766
839 	 5.706267356872559
840 	 5.89140510559082
841 	 5.726596355438232
842 	 5.925135612487793
843 	 5.632234573364258
844 	 5.775908470153809
845 	 5.973185062408447
846 	 5.776091575622559
847 	 6.049187183380127
848 	 5.964494705200195
849 	 5.9130024909973145
850 	 5.936540603637695
851 	 5.887441158294678
852 	 5.882128715515137
853 	 5.963198661804199
854 	 5.79582405090332
855 	 5.912137985229492
856 	 5.966912269592285
857 	 5.732243061065674
858 	 5.791344165802002
859 	 5.721647262573242
860 	 5.992565155029297
861 	 5.9472270011901855
862 	 5.925096035003662
863 	 5.874661922454834
864 	 6.032377243041992
865 	 5.696298599243164
866 	 5.8242716789245605
867 	 5.931066989898682
868 	 5.914799213409424
869 	 5.85589075088501
870 	 5.782622814178467
871 	 5.936738967895508
872 	 5.834037780761719
873 	 5.7289299964904785
874 	 5.819529056549072
875 	 5.854939937591553
876 	 5.784379005432129
877 	 5.727790355682373
878 	 5.810527801513672
879 	 5.810009479522705
880 	 5.647678852081299
881 	 6.002921104431152
882 	 5.65812349319458
883 	 5.7129058837890625
884 	 6.01076602935791
885 	 5.566764831542969
886 	 5.809316158294678
887 	 5.827652931213379
888 	 5.895092487335205
889 	 5.737351417541504
890 	 5.8069658279418945
891 	 5.870666027069092
892 	 5.942458152770996
893 	 5.772356033325195
894 	 6.08382511138916
895 	 5.909489631652832
896 	 5.764838218688965
897 	 5.866565704345703
898 	 5.734007358551025
899 	 5.783616542816162
900 	 5.708242893218994
901 	 5.761318683624268
902 	 5.730376720428467
903 	 5.88629150390625
904 	 5.759698867797852
905 	 5.8088603019714355
906 	 5.900938034057617
907 	 5.642159461975098
908 	 6.015798568725586
909 	 5.834012985229492
910 	 5.916786193847656
911 	 5.9176716804504395
912 	 5.880898475646973
913 	 5.727626323699951
914 	 5.825760841369629
915 	 5.675666809082031
916 	 5.820471286773682
917 	 5.75157356262207
918 	 5.776210308074951
919 	 5.789341926574707
920 	 5.840539455413818
921 	 5.752207279205322
922 	 5.79255485534668
923 	 5.97247838973999
924 	 5.799950122833252
925 	 6.020129203796387
926 	 5.883764743804932
927 	 5.926097393035889
928 	 5.658740997314453
929 	 5.706099510192871
930 	 5.91568660736084
931 	 5.775844573974609
932 	 5.870784282684326
933 	 5.912109851837158
934 	 5.917318820953369
935 	 5.892201900482178
936 	 5.881779193878174
937 	 5.894659042358398
938 	 5.878210067749023
939 	 5.880650520324707
940 	 5.697152614593506
941 	 5.8638153076171875
942 	 5.845988750457764
943 	 5.874885559082031
944 	 5.999313831329346
945 	 5.809706687927246
946 	 5.856835842132568
947 	 5.680548191070557
948 	 5.803854942321777
949 	 5.650722980499268
950 	 5.807027816772461
951 	 5.748425483703613
952 	 5.8476080894470215
953 	 5.762867450714111
954 	 6.036360263824463
955 	 5.857294082641602
956 	 5.944052219390869
957 	 5.93311882019043
958 	 5.838476181030273
959 	 5.835382461547852
960 	 5.808753490447998
961 	 5.911235809326172
962 	 5.724681854248047
963 	 5.736356258392334
964 	 5.75773286819458
965 	 5.68058443069458
966 	 5.695706844329834
967 	 5.912259101867676
968 	 5.826951503753662
969 	 5.807625770568848
970 	 5.868182182312012
971 	 5.812705039978027
972 	 5.787580966949463
973 	 5.9434051513671875
974 	 5.700869560241699
975 	 5.768040180206299
976 	 5.682684421539307
977 	 5.934307098388672
978 	 5.925418376922607
979 	 5.8675007820129395
980 	 5.754886627197266
981 	 5.846875190734863
982 	 5.837527275085449
983 	 5.818183422088623
984 	 5.945024490356445
985 	 5.776863098144531
986 	 5.858138561248779
987 	 5.782474994659424
988 	 5.637793064117432
989 	 5.757751941680908
990 	 5.675655364990234
991 	 5.9885711669921875
992 	 5.731185436248779
993 	 5.95349645614624
994 	 5.764275550842285
995 	 6.05040168762207
996 	 5.8660149574279785
997 	 5.8841681480407715
998 	 5.610008716583252
999 	 5.8213582038879395
1000 	 5.859429359436035
1001 	 5.854004383087158
1002 	 5.864528179168701
1003 	 5.775723934173584
1004 	 5.943845748901367
1005 	 5.812325954437256
1006 	 5.660206317901611
1007 	 5.848417282104492
1008 	 5.7782883644104
1009 	 5.860791206359863
1010 	 5.88626766204834
1011 	 5.921463489532471
1012 	 5.82076358795166
1013 	 5.8123860359191895
1014 	 5.989068031311035
1015 	 5.796695709228516
1016 	 5.810421943664551
1017 	 5.806589126586914
1018 	 5.800239086151123
1019 	 5.87037467956543
1020 	 5.786553382873535
1021 	 5.753578186035156
1022 	 5.956313133239746
1023 	 5.863918781280518
1024 	 6.091831207275391
1025 	 5.742475509643555
1026 	 5.948391437530518
1027 	 5.75824499130249
1028 	 5.66030216217041
1029 	 6.092811584472656
1030 	 5.851401329040527
1031 	 5.979050159454346
1032 	 5.876439571380615
1033 	 5.838028430938721
1034 	 5.696065902709961
1035 	 5.915205955505371
1036 	 5.784446716308594
1037 	 5.879459381103516
1038 	 5.782173156738281
1039 	 5.816887855529785
1040 	 5.789733409881592
1041 	 5.7859578132629395
1042 	 5.9224090576171875
1043 	 5.89969539642334
1044 	 5.965765953063965
1045 	 5.817632675170898
1046 	 5.832871913909912
1047 	 5.971055030822754
1048 	 5.956106662750244
1049 	 5.828833103179932
1050 	 5.929986476898193
1051 	 5.859066009521484
1052 	 5.749154567718506
1053 	 5.791660308837891
1054 	 5.815066814422607
1055 	 5.693689823150635
1056 	 5.807883262634277
1057 	 5.849268436431885
1058 	 5.899496078491211
1059 	 5.912651538848877
1060 	 5.826288223266602
1061 	 5.698271751403809
1062 	 5.853795051574707
1063 	 5.726183891296387
1064 	 5.755744934082031
1065 	 5.815503120422363
1066 	 5.911032676696777
1067 	 5.9300432205200195
1068 	 5.893808364868164
1069 	 5.9529852867126465
1070 	 5.680073261260986
1071 	 5.936760425567627
1072 	 5.85725212097168
1073 	 5.838597774505615
1074 	 6.008492946624756
1075 	 5.918985366821289
1076 	 5.932828426361084
1077 	 5.93247127532959
1078 	 6.015380859375
1079 	 5.877406120300293
1080 	 5.779886245727539
1081 	 5.750009536743164
1082 	 5.6466827392578125
1083 	 5.660636901855469
1084 	 5.618135929107666
1085 	 5.832271575927734
1086 	 5.693927764892578
1087 	 5.553015232086182
1088 	 5.346767902374268
1089 	 5.450201034545898
1090 	 5.799698829650879
1091 	 5.467462539672852
1092 	 5.519848346710205
1093 	 5.577836036682129
1094 	 5.627727508544922
1095 	 5.59212064743042
1096 	 5.758026123046875
1097 	 5.545131683349609
1098 	 5.693455219268799
1099 	 5.843120574951172
1100 	 5.590766906738281
1101 	 5.670465469360352
1102 	 5.925689220428467
1103 	 5.8754377365112305
1104 	 5.43873405456543
1105 	 5.842574119567871
1106 	 5.8870134353637695
1107 	 5.704333782196045
1108 	 5.824850559234619
1109 	 5.816839218139648
1110 	 5.751537322998047
1111 	 5.872823715209961
1112 	 5.849491119384766
1113 	 5.749604225158691
1114 	 5.7842864990234375
1115 	 5.881692409515381
1116 	 5.856050968170166
1117 	 5.820406436920166
1118 	 5.992478847503662
1119 	 5.77382230758667
1120 	 5.802753925323486
1121 	 5.861474990844727
1122 	 5.666921615600586
1123 	 5.71201229095459
1124 	 5.820947647094727
1125 	 5.801066875457764
1126 	 5.772515296936035
1127 	 5.880661487579346
1128 	 5.818821430206299
1129 	 5.735403537750244
1130 	 5.952458381652832
1131 	 5.781105995178223
1132 	 5.792237281799316
1133 	 5.890930652618408
1134 	 5.83833646774292
1135 	 5.902529239654541
1136 	 5.819112777709961
1137 	 5.807521343231201
1138 	 6.009688854217529
1139 	 5.84511661529541
1140 	 5.910630702972412
1141 	 5.7143449783325195
1142 	 5.769380569458008
1143 	 5.878118991851807
1144 	 5.828059196472168
1145 	 5.813353061676025
1146 	 5.761615753173828
1147 	 5.834141731262207
1148 	 5.826830863952637
1149 	 5.693251132965088
1150 	 5.829372882843018
1151 	 5.819057464599609
1152 	 5.816469669342041
1153 	 5.810693264007568
1154 	 5.938985824584961
1155 	 5.857803821563721
1156 	 5.769303798675537
1157 	 5.842412948608398
1158 	 5.834124565124512
1159 	 5.741180419921875
1160 	 5.8300652503967285
1161 	 5.788620471954346
1162 	 5.751436233520508
1163 	 5.999650478363037
1164 	 5.907397747039795
1165 	 5.797224998474121
1166 	 5.927958011627197
1167 	 5.806917667388916
1168 	 5.755268573760986
1169 	 5.741302013397217
1170 	 5.758013725280762
1171 	 5.774918556213379
1172 	 5.680361270904541
1173 	 5.856118679046631
1174 	 5.976918697357178
1175 	 5.871750831604004
1176 	 5.925773620605469
1177 	 5.725233554840088
1178 	 5.821927547454834
1179 	 5.814534664154053
1180 	 5.847939491271973
1181 	 5.8313703536987305
1182 	 5.75899076461792
1183 	 5.662583827972412
1184 	 5.672049522399902
1185 	 5.9401631355285645
1186 	 5.852946758270264
1187 	 5.836884021759033
1188 	 5.835859775543213
1189 	 5.9065327644348145
1190 	 5.822271823883057
1191 	 5.8366289138793945
1192 	 5.8206305503845215
1193 	 5.866652011871338
1194 	 6.003398418426514
1195 	 5.8443827629089355
1196 	 5.906330585479736
1197 	 5.860218524932861
1198 	 5.845663547515869
1199 	 5.956160545349121
1200 	 5.722842693328857
1201 	 5.548828601837158
1202 	 5.438675880432129
1203 	 5.931718826293945
1204 	 5.906371116638184
1205 	 5.9702253341674805
1206 	 5.914353847503662
1207 	 5.871997833251953
1208 	 5.800514221191406
1209 	 5.754908084869385
1210 	 5.9134392738342285
1211 	 5.672194004058838
1212 	 5.77978515625
1213 	 5.668094635009766
1214 	 5.839387893676758
1215 	 5.569182872772217
1216 	 5.753678798675537
1217 	 5.810564041137695
1218 	 5.8414692878723145
1219 	 5.831674098968506
1220 	 5.737273216247559
1221 	 5.870337009429932
1222 	 6.011170864105225
1223 	 5.959178447723389
1224 	 5.6832051277160645
1225 	 5.837006092071533
1226 	 5.9905314445495605
1227 	 5.927054405212402
1228 	 5.838924407958984
1229 	 5.8867506980896
1230 	 5.81376838684082
1231 	 5.785018444061279
1232 	 5.76097297668457
1233 	 5.987525939941406
1234 	 5.839395523071289
1235 	 5.705836296081543
1236 	 5.97786283493042
1237 	 5.990286827087402
1238 	 5.982386589050293
1239 	 5.891277313232422
1240 	 5.894809722900391
1241 	 5.911437511444092
1242 	 5.874409198760986
1243 	 5.968050479888916
1244 	 6.019365310668945
1245 	 5.921696186065674
1246 	 5.782425403594971
1247 	 5.937639236450195
1248 	 5.807835102081299
1249 	 5.886344909667969
1250 	 5.786898136138916
1251 	 5.705165863037109
1252 	 5.770726680755615
1253 	 5.782059669494629
1254 	 5.796700477600098
1255 	 5.811583518981934
1256 	 5.701645374298096
1257 	 5.6606268882751465
1258 	 5.820258617401123
1259 	 5.698246479034424
1260 	 5.706876754760742
1261 	 5.9242963790893555
1262 	 5.707972526550293
1263 	 5.807915210723877
1264 	 5.822408676147461
1265 	 5.866687297821045
1266 	 5.736141681671143
1267 	 5.508320331573486
1268 	 5.442038536071777
1269 	 5.364074230194092
1270 	 5.5375542640686035
1271 	 5.333953857421875
1272 	 5.52452278137207
1273 	 5.36311149597168
1274 	 5.4520344734191895
1275 	 5.377490043640137
1276 	 5.460916042327881
1277 	 5.4172139167785645
1278 	 5.5236029624938965
1279 	 5.1969475746154785
1280 	 5.281945705413818
1281 	 5.3005499839782715
1282 	 5.403982162475586
1283 	 5.397845268249512
1284 	 5.313772201538086
1285 	 5.604755401611328
1286 	 5.644750595092773
1287 	 5.72471284866333
1288 	 5.963082313537598
1289 	 5.70309591293335
1290 	 5.9248809814453125
1291 	 5.723445892333984
1292 	 5.859318733215332
1293 	 5.738028526306152
1294 	 5.691006660461426
1295 	 5.934870719909668
1296 	 5.693508625030518
1297 	 5.7172393798828125
1298 	 5.62626314163208
1299 	 5.8809123039245605
1300 	 5.3994975090026855
1301 	 5.497480869293213
1302 	 5.4263997077941895
1303 	 5.621604919433594
1304 	 5.791299343109131
1305 	 5.497583866119385
1306 	 5.7565789222717285
1307 	 5.613071918487549
1308 	 5.796282768249512
1309 	 5.894905090332031
1310 	 5.823748588562012
1311 	 5.805080890655518
1312 	 5.623651504516602
1313 	 5.470723628997803
1314 	 5.760422706604004
1315 	 5.69160795211792
1316 	 5.8413777351379395
1317 	 5.750696659088135
1318 	 5.560100555419922
1319 	 5.724973201751709
1320 	 5.604822158813477
1321 	 5.366873741149902
1322 	 5.555394172668457
1323 	 5.392412185668945
1324 	 5.4304585456848145
1325 	 5.295182704925537
1326 	 5.434305191040039
1327 	 5.572970867156982
1328 	 5.612581729888916
1329 	 5.572508335113525
1330 	 5.585122108459473
1331 	 5.41697359085083
1332 	 5.29860782623291
1333 	 5.300992965698242
1334 	 5.342113494873047
1335 	 5.292516708374023
1336 	 5.396401882171631
1337 	 5.343694686889648
1338 	 5.206523418426514
1339 	 5.303675651550293
1340 	 5.178338050842285
1341 	 5.613855361938477
1342 	 5.308422565460205
1343 	 5.368453502655029
1344 	 5.314968585968018
1345 	 5.3607048988342285
1346 	 5.42708158493042
1347 	 5.462296009063721
1348 	 5.477451324462891
1349 	 5.359442710876465
1350 	 5.359914302825928
1351 	 5.314643859863281
1352 	 5.305727005004883
1353 	 5.221329212188721
1354 	 5.476204872131348
1355 	 5.133142471313477
1356 	 5.524774074554443
1357 	 5.40919303894043
1358 	 5.351897239685059
1359 	 5.433590888977051
1360 	 5.182462692260742
1361 	 5.307241916656494
1362 	 5.3157734870910645
1363 	 5.289726734161377
1364 	 5.327322959899902
1365 	 5.201146602630615
1366 	 5.249634742736816
1367 	 5.365133762359619
1368 	 5.450684070587158
1369 	 5.583223819732666
1370 	 5.6816911697387695
1371 	 5.118218421936035
1372 	 5.223512172698975
1373 	 5.414326190948486
1374 	 5.311088562011719
1375 	 5.4618048667907715
1376 	 5.096949100494385
1377 	 5.478797912597656
1378 	 5.339177131652832
1379 	 5.383391857147217
1380 	 5.280702114105225
1381 	 5.371647834777832
1382 	 5.27064847946167
1383 	 5.513777256011963
1384 	 5.403844356536865
1385 	 5.452895164489746
1386 	 5.3777384757995605
1387 	 5.4956955909729
1388 	 5.302403926849365
1389 	 5.284413814544678
1390 	 5.355806827545166
1391 	 5.2723517417907715
1392 	 5.1599202156066895
1393 	 5.348219871520996
1394 	 5.183944225311279
1395 	 5.385857582092285
1396 	 5.224358558654785
1397 	 5.3680830001831055
1398 	 5.193281650543213
1399 	 5.448039531707764
1400 	 5.448918342590332
1401 	 5.196900367736816
1402 	 5.529994010925293
1403 	 5.289265155792236
1404 	 5.365935802459717
1405 	 5.496045112609863
1406 	 5.1293182373046875
1407 	 5.25411319732666
1408 	 5.4376397132873535
1409 	 5.522444248199463
1410 	 5.453473091125488
1411 	 5.42855167388916
1412 	 5.3607072830200195
1413 	 5.249889850616455
1414 	 5.366613864898682
1415 	 5.439815044403076
1416 	 5.449018955230713
1417 	 5.323933124542236
1418 	 5.421722888946533
1419 	 5.381845951080322
1420 	 5.152552127838135
1421 	 5.338263988494873
1422 	 5.412562370300293
1423 	 5.435295104980469
1424 	 5.25257682800293
1425 	 5.480635643005371
1426 	 5.1484503746032715
1427 	 5.475394248962402
1428 	 5.3844523429870605
1429 	 5.331244468688965
1430 	 5.63656759262085
1431 	 5.472767353057861
1432 	 5.518043041229248
1433 	 5.498961925506592
1434 	 5.4774885177612305
1435 	 5.519154071807861
1436 	 5.6631975173950195
1437 	 5.527756214141846
1438 	 5.7622551918029785
1439 	 5.765535354614258
1440 	 5.794646739959717
1441 	 5.772354602813721
1442 	 5.406172752380371
1443 	 5.45126485824585
1444 	 5.478931427001953
1445 	 5.2646403312683105
1446 	 5.2306389808654785
1447 	 5.18152379989624
1448 	 5.3796892166137695
1449 	 5.374216556549072
1450 	 5.246969223022461
1451 	 5.329399108886719
1452 	 5.301600933074951
1453 	 5.345627784729004
1454 	 5.327376842498779
1455 	 5.274534225463867
1456 	 5.406177997589111
1457 	 5.2985520362854
1458 	 5.443270683288574
1459 	 5.6068339347839355
1460 	 5.682548522949219
1461 	 5.657756328582764
1462 	 5.8281426429748535
1463 	 5.509253025054932
1464 	 5.463499546051025
1465 	 5.786983489990234
1466 	 5.672983646392822
1467 	 5.47613525390625
1468 	 5.6864542961120605
1469 	 5.49822998046875
1470 	 5.4538493156433105
1471 	 5.4451751708984375
1472 	 5.464278221130371
1473 	 5.563022613525391
1474 	 5.686229228973389
1475 	 5.746022701263428
1476 	 5.773231029510498
1477 	 5.516700744628906
1478 	 5.597860336303711
1479 	 5.787170886993408
1480 	 5.838904857635498
1481 	 5.917619228363037
1482 	 5.873692512512207
1483 	 5.660823345184326
1484 	 5.5632123947143555
1485 	 5.950304985046387
1486 	 5.285732746124268
1487 	 5.469822406768799
1488 	 5.470400810241699
1489 	 5.480962753295898
1490 	 5.481820106506348
1491 	 5.796586513519287
1492 	 5.7823262214660645
1493 	 5.9040632247924805
1494 	 5.845468521118164
1495 	 5.701497554779053
1496 	 5.616824626922607
1497 	 5.831339359283447
1498 	 5.5799078941345215
1499 	 5.721914768218994
1500 	 5.878729343414307
1501 	 5.75760555267334
1502 	 5.880740165710449
1503 	 5.681915760040283
1504 	 5.890872955322266
1505 	 5.769817352294922
1506 	 5.719691276550293
1507 	 5.753836631774902
1508 	 5.951636791229248
1509 	 5.774051666259766
1510 	 6.024930477142334
1511 	 5.941025257110596
1512 	 5.703697681427002
1513 	 5.7208476066589355
1514 	 5.850947380065918
1515 	 5.9756364822387695
1516 	 5.9067606925964355
1517 	 5.973021984100342
1518 	 6.008692264556885
1519 	 5.995384693145752
1520 	 6.017116546630859
1521 	 5.976954460144043
1522 	 5.908619403839111
1523 	 6.044898509979248
1524 	 6.124561309814453
1525 	 5.976694107055664
1526 	 5.903423309326172
1527 	 5.922243118286133
1528 	 5.881117343902588
1529 	 5.9933648109436035
1530 	 5.826610088348389
1531 	 5.819425106048584
1532 	 5.746349334716797
1533 	 5.427161693572998
1534 	 5.8589067459106445
1535 	 5.7843337059021
1536 	 5.706438064575195
1537 	 5.726413249969482
1538 	 5.746336936950684
1539 	 5.713167190551758
1540 	 5.687436103820801
1541 	 5.927645683288574
1542 	 5.841114521026611
1543 	 5.8147077560424805
1544 	 5.807618141174316
1545 	 5.726884365081787
1546 	 5.736459732055664
1547 	 5.900042533874512
1548 	 5.73922061920166
1549 	 5.876019477844238
1550 	 5.8608527183532715
1551 	 5.804437637329102
1552 	 5.794431209564209
1553 	 5.631206512451172
1554 	 5.909297943115234
1555 	 5.6589531898498535
1556 	 5.780860900878906
1557 	 5.672474384307861
1558 	 5.838566780090332
1559 	 5.844000816345215
1560 	 5.791713237762451
1561 	 5.911238670349121
1562 	 5.89268159866333
1563 	 5.774846076965332
1564 	 5.96895694732666
1565 	 5.778021812438965
1566 	 5.662973403930664
1567 	 5.829517841339111
1568 	 5.908337593078613
1569 	 5.986557960510254
1570 	 5.83950138092041
1571 	 5.780937671661377
1572 	 5.78708553314209
1573 	 5.738212585449219
1574 	 5.939611434936523
1575 	 5.823483467102051
1576 	 5.588226795196533
1577 	 6.0109710693359375
1578 	 5.715399265289307
1579 	 5.806613922119141
1580 	 5.905007362365723
1581 	 5.717243194580078
1582 	 5.822221279144287
1583 	 5.714053630828857
1584 	 5.958159923553467
1585 	 5.642609596252441
1586 	 5.769315242767334
1587 	 5.778305530548096
1588 	 5.9584832191467285
1589 	 5.803842544555664
1590 	 5.749030113220215
1591 	 5.8865509033203125
1592 	 5.811779975891113
1593 	 5.87521505355835
1594 	 5.752414226531982
1595 	 5.747279167175293
1596 	 5.913528919219971
1597 	 5.808378219604492
1598 	 5.764270305633545
1599 	 5.780853271484375
1600 	 5.848959922790527
1601 	 5.790406227111816
1602 	 5.793181896209717
1603 	 5.8321990966796875
1604 	 5.756697177886963
1605 	 5.648521423339844
1606 	 5.786723613739014
1607 	 5.890612602233887
1608 	 5.9343485832214355
1609 	 5.86149263381958
1610 	 5.791723251342773
1611 	 5.848447322845459
1612 	 5.797237396240234
1613 	 5.918221473693848
1614 	 5.8914971351623535
1615 	 5.932960510253906
1616 	 5.797427654266357
1617 	 5.80905818939209
1618 	 5.811730861663818
1619 	 5.917602062225342
1620 	 5.672833442687988
1621 	 5.941898822784424
1622 	 5.884509086608887
1623 	 5.940412998199463
1624 	 5.87155294418335
1625 	 5.795010566711426
1626 	 5.83294677734375
1627 	 5.8103413581848145
1628 	 5.845522880554199
1629 	 5.702313423156738
1630 	 5.733019828796387
1631 	 5.9311909675598145
1632 	 5.833916187286377
1633 	 5.7162299156188965
1634 	 5.8043317794799805
1635 	 5.786251544952393
1636 	 5.8058366775512695
1637 	 5.796720504760742
1638 	 5.848719596862793
1639 	 5.8177313804626465
1640 	 5.698727607727051
1641 	 5.838634014129639
1642 	 5.832309722900391
1643 	 5.93801212310791
1644 	 5.900501251220703
1645 	 5.9033966064453125
1646 	 5.941844940185547
1647 	 5.985707759857178
1648 	 5.958254337310791
1649 	 6.036450386047363
1650 	 5.911442279815674
1651 	 5.8090410232543945
1652 	 5.754922389984131
1653 	 5.749688148498535
1654 	 5.835850238800049
1655 	 6.0393805503845215
1656 	 5.9376068115234375
1657 	 6.0029120445251465
1658 	 5.973692417144775
1659 	 5.81886100769043
1660 	 5.942609786987305
1661 	 5.838768005371094
1662 	 5.807386875152588
1663 	 5.9121527671813965
1664 	 5.892563343048096
1665 	 5.650018215179443
1666 	 6.020456790924072
1667 	 5.776227951049805
1668 	 5.818572044372559
1669 	 5.96998929977417
1670 	 5.753207683563232
1671 	 5.762798309326172
1672 	 5.811696529388428
1673 	 5.701005458831787
1674 	 5.801387310028076
1675 	 5.6100664138793945
1676 	 5.749091625213623
1677 	 5.8124871253967285
1678 	 5.75279426574707
1679 	 5.644986629486084
1680 	 5.762396812438965
1681 	 5.86186408996582
1682 	 5.733824729919434
1683 	 5.730371952056885
1684 	 5.931854724884033
1685 	 5.67365837097168
1686 	 5.760761737823486
1687 	 5.88136100769043
1688 	 5.835903644561768
1689 	 5.8737897872924805
1690 	 5.924530506134033
1691 	 5.864431381225586
1692 	 5.939205169677734
1693 	 5.938587665557861
1694 	 5.82133674621582
1695 	 5.905075550079346
1696 	 5.758525848388672
1697 	 5.831079006195068
1698 	 5.966061592102051
1699 	 5.915442943572998
1700 	 5.809593677520752
1701 	 5.8533477783203125
1702 	 5.7836833000183105
1703 	 5.869939804077148
1704 	 5.772361755371094
1705 	 5.853772163391113
1706 	 5.832005500793457
1707 	 5.85322904586792
1708 	 5.806087017059326
1709 	 5.742579936981201
1710 	 5.883246421813965
1711 	 5.7699384689331055
1712 	 5.749556541442871
1713 	 5.810919761657715
1714 	 5.823030948638916
1715 	 5.909661293029785
1716 	 5.837915897369385
1717 	 5.845209121704102
1718 	 5.74240255355835
1719 	 5.836218357086182
1720 	 5.5751566886901855
1721 	 5.825512409210205
1722 	 5.918801307678223
1723 	 5.623498916625977
1724 	 5.769028663635254
1725 	 5.754006385803223
1726 	 5.890840530395508
1727 	 5.975790977478027
1728 	 5.720500946044922
1729 	 5.7469563484191895
1730 	 5.867100238800049
1731 	 5.689831256866455
1732 	 5.670293807983398
1733 	 5.7530083656311035
1734 	 5.798357963562012
1735 	 5.733285427093506
1736 	 5.705883979797363
1737 	 5.74139928817749
1738 	 5.711460590362549
1739 	 5.778807640075684
1740 	 5.948575496673584
1741 	 5.821126461029053
1742 	 5.839809894561768
1743 	 5.805666446685791
1744 	 5.925952911376953
1745 	 5.760653972625732
1746 	 5.743698596954346
1747 	 5.651670455932617
1748 	 5.718508243560791
1749 	 5.816390037536621
