0 	 0.0
1 	 2.2753233909606934
2 	 3.0845630168914795
3 	 2.635758876800537
4 	 2.411804437637329
5 	 2.7057042121887207
6 	 2.7050678730010986
7 	 2.684004783630371
8 	 2.6705970764160156
9 	 2.483886957168579
10 	 2.139511823654175
11 	 2.386237621307373
12 	 2.6543641090393066
13 	 2.807806968688965
14 	 2.7992429733276367
15 	 3.118131399154663
16 	 2.7457478046417236
17 	 3.0832717418670654
18 	 3.0598602294921875
19 	 2.7815911769866943
20 	 3.140880823135376
21 	 3.2612252235412598
22 	 3.0327439308166504
23 	 3.1377172470092773
24 	 2.820319414138794
25 	 3.141486883163452
26 	 3.1064958572387695
27 	 2.7511582374572754
28 	 3.1241767406463623
29 	 2.8325724601745605
30 	 3.1601901054382324
31 	 3.122710704803467
32 	 2.791651725769043
33 	 2.9731369018554688
34 	 2.8909475803375244
35 	 2.9922053813934326
36 	 2.8021745681762695
37 	 3.0947558879852295
38 	 2.8357250690460205
39 	 2.561002254486084
40 	 2.516386032104492
41 	 2.744823694229126
42 	 2.932309150695801
43 	 3.0579423904418945
44 	 2.9753401279449463
45 	 3.150747060775757
46 	 2.853623151779175
47 	 3.34435772895813
48 	 4.2448039054870605
49 	 4.716484069824219
50 	 4.938925743103027
51 	 4.158884525299072
52 	 4.377414703369141
53 	 4.319457054138184
54 	 3.8490407466888428
55 	 3.4253764152526855
56 	 3.463338851928711
57 	 3.1163759231567383
58 	 2.9274590015411377
59 	 2.8577167987823486
60 	 2.795471429824829
61 	 2.9514920711517334
62 	 2.8590245246887207
63 	 3.115481376647949
64 	 2.8214943408966064
65 	 2.8841824531555176
66 	 3.105502128601074
67 	 3.649338960647583
68 	 3.288398265838623
69 	 3.133998155593872
70 	 3.4924356937408447
71 	 3.8723790645599365
72 	 4.028974533081055
73 	 3.9728713035583496
74 	 4.555233955383301
75 	 4.5229339599609375
76 	 4.963921070098877
77 	 5.238129138946533
78 	 5.778606414794922
79 	 5.166317462921143
80 	 4.5138115882873535
81 	 4.836827754974365
82 	 4.8467326164245605
83 	 4.996748447418213
84 	 4.791066646575928
85 	 4.3610100746154785
86 	 5.10640811920166
87 	 5.085078239440918
88 	 5.318629741668701
89 	 5.078944206237793
90 	 4.912989139556885
91 	 4.895627498626709
92 	 4.921380519866943
93 	 5.185659408569336
94 	 5.026392459869385
95 	 5.2787556648254395
96 	 4.6913652420043945
97 	 5.38723087310791
98 	 5.4751458168029785
99 	 4.9170989990234375
100 	 5.3181681632995605
101 	 5.316030979156494
102 	 4.7497358322143555
103 	 5.09613561630249
104 	 4.78235387802124
105 	 4.407466411590576
106 	 4.747034072875977
107 	 5.246313571929932
108 	 5.372957229614258
109 	 5.487033367156982
110 	 5.350308895111084
111 	 5.766594886779785
112 	 5.5286359786987305
113 	 5.327590465545654
114 	 6.122498512268066
115 	 5.9387898445129395
116 	 5.889351844787598
117 	 5.500909805297852
118 	 6.025851726531982
119 	 5.263211250305176
120 	 5.32615327835083
121 	 5.781087875366211
122 	 6.161170959472656
123 	 5.7805609703063965
124 	 6.266655445098877
125 	 6.1683268547058105
126 	 5.946254730224609
127 	 6.137207984924316
128 	 6.076078414916992
129 	 6.2017927169799805
130 	 5.737767219543457
131 	 5.763642311096191
132 	 5.286872863769531
133 	 5.492860794067383
134 	 5.351977348327637
135 	 5.300444602966309
136 	 5.516025066375732
137 	 6.147116661071777
138 	 5.48300313949585
139 	 5.12105655670166
140 	 5.530956745147705
141 	 5.723006725311279
142 	 6.222484111785889
143 	 6.001463413238525
144 	 5.447475910186768
145 	 5.600595951080322
146 	 5.8577561378479
147 	 5.651309967041016
148 	 5.443478107452393
149 	 5.479023456573486
150 	 6.265357494354248
151 	 5.948392868041992
152 	 5.607397556304932
153 	 5.82839298248291
154 	 5.949045181274414
155 	 5.976909160614014
156 	 5.326164722442627
157 	 5.645660400390625
158 	 5.417197227478027
159 	 5.452940464019775
160 	 5.384929180145264
161 	 5.649194717407227
162 	 5.47430419921875
163 	 5.8500261306762695
164 	 5.562297821044922
165 	 5.010293960571289
166 	 5.596480369567871
167 	 5.6439714431762695
168 	 5.766443252563477
169 	 5.840396404266357
170 	 5.636831760406494
171 	 5.481670379638672
172 	 5.5727925300598145
173 	 5.482131004333496
174 	 5.502224445343018
175 	 5.739590167999268
176 	 4.767797946929932
177 	 4.943382263183594
178 	 5.57588529586792
179 	 5.892327785491943
180 	 6.18925142288208
181 	 6.0757012367248535
182 	 6.449441909790039
183 	 6.239344596862793
184 	 6.352895259857178
185 	 6.488048553466797
186 	 5.9567742347717285
187 	 6.275598049163818
188 	 6.01859712600708
189 	 6.156320095062256
190 	 5.748800277709961
191 	 5.9567975997924805
192 	 5.89589786529541
193 	 5.843351364135742
194 	 6.053496837615967
195 	 6.238170146942139
196 	 5.942020416259766
197 	 5.536775588989258
198 	 5.704833030700684
199 	 5.819566249847412
200 	 6.196021556854248
201 	 5.65392541885376
202 	 6.4354352951049805
203 	 5.917416095733643
204 	 6.061899185180664
205 	 6.02385950088501
206 	 6.418807029724121
207 	 5.900645732879639
208 	 6.058838844299316
209 	 5.730008125305176
210 	 5.535035133361816
211 	 5.676082611083984
212 	 5.324970245361328
213 	 4.378559112548828
214 	 5.481988430023193
215 	 5.207735061645508
216 	 5.022432327270508
217 	 5.103896617889404
218 	 4.839455604553223
219 	 5.579347133636475
220 	 4.981997489929199
221 	 5.153329849243164
222 	 5.523725986480713
223 	 5.467262268066406
224 	 5.957803249359131
225 	 6.259294033050537
226 	 6.137815952301025
227 	 6.5023579597473145
228 	 5.710519790649414
229 	 5.692296028137207
230 	 5.847244739532471
231 	 5.961553573608398
232 	 5.902660846710205
233 	 5.855990409851074
234 	 6.008026599884033
235 	 5.9629902839660645
236 	 5.714392185211182
237 	 5.711575508117676
238 	 5.742499828338623
239 	 6.045082092285156
240 	 5.794605731964111
241 	 5.5942463874816895
242 	 5.975236415863037
243 	 6.202078342437744
244 	 6.184910297393799
245 	 6.327394962310791
246 	 6.200238227844238
247 	 6.210793495178223
248 	 6.095477104187012
249 	 6.130035400390625
250 	 6.219170093536377
251 	 6.274094581604004
252 	 6.178006172180176
253 	 6.230978488922119
254 	 6.313655376434326
255 	 6.344431400299072
256 	 6.094642162322998
257 	 6.385351181030273
258 	 6.013064384460449
259 	 6.0232930183410645
260 	 6.087019443511963
261 	 6.152272701263428
262 	 6.276251792907715
263 	 5.996049880981445
264 	 6.157376289367676
265 	 6.173885822296143
266 	 6.287230014801025
267 	 6.181323051452637
268 	 6.125056266784668
269 	 6.351300239562988
270 	 6.008620262145996
271 	 6.101536273956299
272 	 6.139791488647461
273 	 5.894484996795654
274 	 6.285864353179932
275 	 6.24661111831665
276 	 6.343088626861572
277 	 6.294107913970947
278 	 6.218276500701904
279 	 6.157021999359131
280 	 6.122860908508301
281 	 6.201387405395508
282 	 6.188811302185059
283 	 6.263757228851318
284 	 6.073531150817871
285 	 6.119685649871826
286 	 6.183990955352783
287 	 6.106756687164307
288 	 6.042148113250732
289 	 6.009000301361084
290 	 5.8472161293029785
291 	 6.044107913970947
292 	 6.0005903244018555
293 	 6.193071365356445
294 	 6.053234577178955
295 	 5.913430213928223
296 	 5.781838893890381
297 	 5.886810302734375
298 	 5.984384059906006
299 	 6.073927879333496
300 	 6.037369728088379
301 	 6.039732933044434
302 	 6.104518413543701
303 	 6.11399507522583
304 	 5.842848777770996
305 	 5.875275135040283
306 	 5.815530776977539
307 	 6.035966873168945
308 	 5.999578475952148
309 	 6.256553649902344
310 	 6.179099082946777
311 	 5.87683629989624
312 	 5.958658218383789
313 	 5.867908000946045
314 	 6.387392044067383
315 	 6.0975341796875
316 	 6.129276275634766
317 	 6.2646684646606445
318 	 6.30614709854126
319 	 6.272233486175537
320 	 6.2295050621032715
321 	 6.071625232696533
322 	 6.062912940979004
323 	 6.157739162445068
324 	 5.869157314300537
325 	 6.243109703063965
326 	 5.941565990447998
327 	 6.086769104003906
328 	 6.182967185974121
329 	 5.8821120262146
330 	 5.671483516693115
331 	 5.580838680267334
332 	 6.222379207611084
333 	 5.885732650756836
334 	 6.05338716506958
335 	 5.756617546081543
336 	 6.222439765930176
337 	 5.642131805419922
338 	 5.273683547973633
339 	 5.7024383544921875
340 	 6.137571334838867
341 	 6.015975475311279
342 	 6.136391639709473
343 	 6.0557708740234375
344 	 6.123850345611572
345 	 5.947633266448975
346 	 5.8891682624816895
347 	 5.620185375213623
348 	 5.89754056930542
349 	 6.058345794677734
350 	 5.955580234527588
351 	 5.8900146484375
352 	 5.7820725440979
353 	 5.469127178192139
354 	 5.873102188110352
355 	 6.019623756408691
356 	 5.967426776885986
357 	 5.899371147155762
358 	 6.141027450561523
359 	 5.9759955406188965
360 	 5.883602142333984
361 	 6.0391154289245605
362 	 5.810888767242432
363 	 5.930605888366699
364 	 5.699438095092773
365 	 5.777250289916992
366 	 6.018306732177734
367 	 6.159934043884277
368 	 5.902360916137695
369 	 5.96151876449585
370 	 6.053654670715332
371 	 5.89957857131958
372 	 5.8209228515625
373 	 5.85969877243042
374 	 6.090338706970215
375 	 6.02281379699707
376 	 6.126108646392822
377 	 5.889001369476318
378 	 5.920514106750488
379 	 5.766604900360107
380 	 5.691977500915527
381 	 5.837887287139893
382 	 6.328108787536621
383 	 6.1470561027526855
384 	 6.030594825744629
385 	 6.3221611976623535
386 	 6.245363712310791
387 	 6.074696063995361
388 	 6.1283392906188965
389 	 6.149509906768799
390 	 6.455052852630615
391 	 6.349872589111328
392 	 6.098954677581787
393 	 6.285800457000732
394 	 6.154537200927734
395 	 5.639394283294678
396 	 5.547956466674805
397 	 5.983764171600342
398 	 5.85113525390625
399 	 5.658382415771484
400 	 6.111058712005615
401 	 6.086026668548584
402 	 6.119519233703613
403 	 5.984792709350586
404 	 5.9438652992248535
405 	 6.006714344024658
406 	 6.0535969734191895
407 	 5.900381088256836
408 	 6.162171363830566
409 	 6.210571765899658
410 	 6.002851963043213
411 	 6.1738362312316895
412 	 5.941262245178223
413 	 6.255245208740234
414 	 5.942389488220215
415 	 5.53093957901001
416 	 6.094781398773193
417 	 5.925008773803711
418 	 6.215014457702637
419 	 6.13613224029541
420 	 6.455853462219238
421 	 5.9847822189331055
422 	 6.260257244110107
423 	 5.9806671142578125
424 	 6.194283485412598
425 	 6.270761013031006
426 	 6.290044784545898
427 	 6.470670700073242
428 	 6.316180229187012
429 	 5.898108005523682
430 	 6.367023468017578
431 	 5.923252582550049
432 	 5.961768627166748
433 	 5.916937351226807
434 	 5.715180397033691
435 	 6.269454002380371
436 	 6.42794132232666
437 	 6.45864200592041
438 	 6.214645862579346
439 	 6.342487812042236
440 	 6.327009201049805
441 	 6.281219482421875
442 	 6.250207424163818
443 	 6.319779872894287
444 	 6.136595249176025
445 	 6.176728248596191
446 	 6.3935041427612305
447 	 6.067373752593994
448 	 6.2899250984191895
449 	 6.358730316162109
450 	 6.06318473815918
451 	 5.794918060302734
452 	 6.172701835632324
453 	 5.78920841217041
454 	 5.724221229553223
455 	 6.189594745635986
456 	 5.956544399261475
457 	 5.632795333862305
458 	 5.821959495544434
459 	 5.720702648162842
460 	 6.019406318664551
461 	 5.866540431976318
462 	 5.922661781311035
463 	 5.761961936950684
464 	 5.725037097930908
465 	 5.687155246734619
466 	 5.802267551422119
467 	 5.721713542938232
468 	 5.692334175109863
469 	 5.492327690124512
470 	 5.581289291381836
471 	 5.470755100250244
472 	 5.4148478507995605
473 	 5.730224609375
474 	 5.5846452713012695
475 	 5.657885551452637
476 	 5.556522369384766
477 	 5.70554780960083
478 	 5.935744762420654
479 	 6.212368965148926
480 	 6.126899719238281
481 	 6.1808953285217285
482 	 6.134097576141357
483 	 5.915752410888672
484 	 6.107877254486084
485 	 5.757128715515137
486 	 6.078586101531982
487 	 6.104921817779541
488 	 6.13727331161499
489 	 6.187418460845947
490 	 6.122579574584961
491 	 5.997621536254883
492 	 5.895402908325195
493 	 5.949760437011719
494 	 5.800420761108398
495 	 5.857694625854492
496 	 6.014840126037598
497 	 6.044036865234375
498 	 5.889244079589844
499 	 5.8822712898254395
500 	 6.04880428314209
501 	 5.9263129234313965
502 	 5.994760990142822
503 	 6.106778621673584
504 	 5.92024564743042
505 	 5.993275165557861
506 	 6.018544673919678
507 	 6.000942230224609
508 	 5.952122211456299
509 	 5.9631781578063965
510 	 6.0525665283203125
511 	 6.155816078186035
512 	 6.124063968658447
513 	 5.733670711517334
514 	 6.102912902832031
515 	 6.200252532958984
516 	 6.075317859649658
517 	 6.049625396728516
518 	 6.091939926147461
519 	 5.976072788238525
520 	 6.017989158630371
521 	 5.9254937171936035
522 	 5.907862663269043
523 	 5.933743953704834
524 	 5.995296001434326
525 	 6.169266700744629
526 	 5.915257453918457
527 	 6.014369487762451
528 	 5.960894584655762
529 	 5.9017510414123535
530 	 6.153634071350098
531 	 5.941120624542236
532 	 6.166078090667725
533 	 5.9723286628723145
534 	 6.090599060058594
535 	 6.126060962677002
536 	 6.096052169799805
537 	 6.070746898651123
538 	 6.204904556274414
539 	 6.154858589172363
540 	 6.052767276763916
541 	 5.9709391593933105
542 	 6.025271415710449
543 	 5.992700099945068
544 	 6.1595540046691895
545 	 6.337575912475586
546 	 6.159144878387451
547 	 6.213602066040039
548 	 6.249845504760742
549 	 6.191420555114746
550 	 5.916399955749512
551 	 5.931180953979492
552 	 6.10544490814209
553 	 5.980362415313721
554 	 6.162162780761719
555 	 6.021850109100342
556 	 6.379810810089111
557 	 6.292940139770508
558 	 6.1625847816467285
559 	 6.443674564361572
560 	 6.469757080078125
561 	 6.182210922241211
562 	 6.099682807922363
563 	 6.265312194824219
564 	 6.214021682739258
565 	 6.262522220611572
566 	 6.101320743560791
567 	 6.355531692504883
568 	 6.291655540466309
569 	 6.174144744873047
570 	 6.2527360916137695
571 	 6.1953511238098145
572 	 6.045422554016113
573 	 6.138321399688721
574 	 6.20529842376709
575 	 6.004429817199707
576 	 5.94956111907959
577 	 5.757011413574219
578 	 6.002588748931885
579 	 5.990970134735107
580 	 5.841888904571533
581 	 6.112611770629883
582 	 5.8807148933410645
583 	 6.030450820922852
584 	 5.797140121459961
585 	 6.064591407775879
586 	 6.005722522735596
587 	 5.94399356842041
588 	 6.008796691894531
589 	 5.8174638748168945
590 	 5.809100151062012
591 	 5.732449054718018
592 	 6.021043300628662
593 	 5.829336643218994
594 	 5.78054141998291
595 	 5.776472568511963
596 	 5.865262508392334
597 	 5.7970123291015625
598 	 5.877714157104492
599 	 5.864793300628662
600 	 5.761595249176025
601 	 6.080605983734131
602 	 5.748295783996582
603 	 5.874875068664551
604 	 6.257888317108154
605 	 5.890336990356445
606 	 6.084544658660889
607 	 5.86541748046875
608 	 5.902228832244873
609 	 5.9791460037231445
610 	 6.004103183746338
611 	 5.887265682220459
612 	 5.958357334136963
613 	 6.065569877624512
614 	 5.918661117553711
615 	 6.001507759094238
616 	 5.8582377433776855
617 	 5.976826190948486
618 	 5.990854740142822
619 	 5.836419582366943
620 	 5.85261869430542
621 	 5.787429332733154
622 	 5.773830413818359
623 	 5.8185505867004395
624 	 5.781739234924316
625 	 5.827582836151123
626 	 5.956361293792725
627 	 5.877081394195557
628 	 5.583707809448242
629 	 5.818801403045654
630 	 5.853714466094971
631 	 6.069108009338379
632 	 5.918687343597412
633 	 5.891355991363525
634 	 5.961254119873047
635 	 6.036176681518555
636 	 6.172264575958252
637 	 5.881848335266113
638 	 5.803409099578857
639 	 5.984106063842773
640 	 6.055946350097656
641 	 5.899875164031982
642 	 6.009096145629883
643 	 5.9992570877075195
644 	 5.9227375984191895
645 	 5.862237930297852
646 	 5.735806941986084
647 	 5.783738613128662
648 	 5.902088642120361
649 	 5.7432098388671875
650 	 5.970779895782471
651 	 5.8463454246521
652 	 6.053860187530518
653 	 5.983311176300049
654 	 5.930912017822266
655 	 5.712214946746826
656 	 5.991359710693359
657 	 5.880909442901611
658 	 5.86010217666626
659 	 5.720910549163818
660 	 5.747291088104248
661 	 6.033642768859863
662 	 5.778711795806885
663 	 5.659067153930664
664 	 5.663218021392822
665 	 5.788653373718262
666 	 5.9459075927734375
667 	 5.524308204650879
668 	 5.683279037475586
669 	 5.7441020011901855
670 	 5.8507890701293945
671 	 5.795872211456299
672 	 6.028567790985107
673 	 5.8586320877075195
674 	 5.792849540710449
675 	 5.825249671936035
676 	 6.09165620803833
677 	 6.0692596435546875
678 	 6.247649669647217
679 	 6.003353595733643
680 	 6.080956935882568
681 	 5.940657138824463
682 	 5.885779857635498
683 	 6.1846394538879395
684 	 6.361074447631836
685 	 6.127451419830322
686 	 5.867673873901367
687 	 5.844459056854248
688 	 5.911643028259277
689 	 6.0070061683654785
690 	 5.87935733795166
691 	 6.211201190948486
692 	 6.095426559448242
693 	 6.203307151794434
694 	 5.835991859436035
695 	 5.9024786949157715
696 	 5.907166004180908
697 	 5.9816131591796875
698 	 5.988903522491455
699 	 6.019454479217529
700 	 5.978723526000977
701 	 5.898577690124512
702 	 6.083196640014648
703 	 5.901197910308838
704 	 5.869489669799805
705 	 5.749375820159912
706 	 5.930307865142822
707 	 6.040707111358643
708 	 5.947006702423096
709 	 5.843570232391357
710 	 6.116904258728027
711 	 6.21674919128418
712 	 5.856575012207031
713 	 5.9250311851501465
714 	 5.909785270690918
715 	 6.039712905883789
716 	 5.908794403076172
717 	 5.7251458168029785
718 	 6.29304313659668
719 	 5.762414932250977
720 	 5.950187683105469
721 	 6.197171211242676
722 	 5.945158958435059
723 	 6.011367321014404
724 	 6.0248823165893555
725 	 6.021963596343994
726 	 5.968204021453857
727 	 5.901467800140381
728 	 5.748001575469971
729 	 6.1727190017700195
730 	 5.900347709655762
731 	 5.975535869598389
732 	 5.932742118835449
733 	 6.0757737159729
734 	 5.800498962402344
735 	 5.651749134063721
736 	 5.913366317749023
737 	 5.8202900886535645
738 	 5.614817142486572
739 	 5.754653453826904
740 	 6.128964900970459
741 	 5.873660087585449
742 	 5.598196029663086
743 	 5.798163414001465
744 	 6.025923252105713
745 	 6.079288959503174
746 	 5.95788049697876
747 	 5.94475793838501
748 	 5.636027812957764
749 	 5.731768608093262
750 	 5.825441360473633
751 	 5.8074846267700195
752 	 6.020477294921875
753 	 5.655494689941406
754 	 5.916930675506592
755 	 5.872034072875977
756 	 6.058533668518066
757 	 6.034613132476807
758 	 6.1234002113342285
759 	 6.049011707305908
760 	 5.8484907150268555
761 	 5.90961217880249
762 	 6.214741230010986
763 	 5.796713829040527
764 	 5.8384199142456055
765 	 6.0177788734436035
766 	 6.017033100128174
767 	 5.928349494934082
768 	 5.786287784576416
769 	 5.936468601226807
770 	 5.890789985656738
771 	 5.996597766876221
772 	 5.889571666717529
773 	 5.945474147796631
774 	 5.967901229858398
775 	 6.124693393707275
776 	 5.9685378074646
777 	 5.808435440063477
778 	 5.906198501586914
779 	 5.74721622467041
780 	 6.060931205749512
781 	 5.873427391052246
782 	 6.085261344909668
783 	 6.005664825439453
784 	 5.806253433227539
785 	 6.0157365798950195
786 	 6.037278652191162
787 	 6.046475410461426
788 	 6.086815357208252
789 	 6.1573896408081055
790 	 5.909878253936768
791 	 6.073538780212402
792 	 6.0633769035339355
793 	 5.9157843589782715
794 	 6.129583835601807
795 	 6.242210388183594
796 	 6.074782371520996
797 	 5.96705436706543
798 	 5.423376560211182
799 	 5.754654884338379
800 	 5.645691394805908
801 	 5.792590618133545
802 	 5.6491379737854
803 	 5.638145923614502
804 	 5.704103946685791
805 	 5.517305374145508
806 	 5.658259868621826
807 	 5.703178882598877
808 	 5.988194465637207
809 	 6.0014190673828125
810 	 6.087856769561768
811 	 6.018722057342529
812 	 6.012515068054199
813 	 6.218423843383789
814 	 5.9834980964660645
815 	 6.058281421661377
816 	 5.985727310180664
817 	 6.1191935539245605
818 	 5.9713053703308105
819 	 5.930244445800781
820 	 5.822209358215332
821 	 6.295876979827881
822 	 5.90165376663208
823 	 5.773791313171387
824 	 5.877470016479492
825 	 5.797152996063232
826 	 5.83912467956543
827 	 6.029226779937744
828 	 5.979317665100098
829 	 6.1018967628479
830 	 5.989277362823486
831 	 5.949750900268555
832 	 5.8468146324157715
833 	 5.965578079223633
834 	 5.884198188781738
835 	 5.866899490356445
836 	 5.756052017211914
837 	 5.7019453048706055
838 	 5.745589733123779
839 	 5.740617275238037
840 	 5.635434627532959
841 	 5.854308605194092
842 	 5.859474182128906
843 	 5.763216018676758
844 	 5.875788688659668
845 	 5.741833686828613
846 	 5.775279521942139
847 	 5.884225368499756
848 	 5.921692371368408
849 	 5.779685974121094
850 	 5.808734893798828
851 	 5.756063461303711
852 	 5.768218040466309
853 	 5.752111434936523
854 	 5.869334697723389
855 	 5.883263111114502
856 	 5.799990177154541
857 	 5.827521324157715
858 	 5.778334140777588
859 	 5.770750999450684
860 	 5.951992511749268
861 	 5.890460968017578
862 	 5.780671119689941
863 	 5.787959098815918
864 	 5.8308258056640625
865 	 5.8495965003967285
866 	 5.739088535308838
867 	 5.8127522468566895
868 	 5.81233549118042
869 	 5.6832804679870605
870 	 5.569014549255371
871 	 5.8144211769104
872 	 5.6125030517578125
873 	 5.826712131500244
874 	 5.926482677459717
875 	 5.612861156463623
876 	 5.711753845214844
877 	 5.779350280761719
878 	 5.653966426849365
879 	 5.7443742752075195
880 	 5.862878322601318
881 	 5.878592014312744
882 	 5.598878860473633
883 	 5.781311511993408
884 	 5.752284526824951
885 	 5.6829304695129395
886 	 5.605493068695068
887 	 5.748830318450928
888 	 5.7521820068359375
889 	 5.708648681640625
890 	 5.777432918548584
891 	 5.833662509918213
892 	 5.815907001495361
893 	 5.819023609161377
894 	 5.7772626876831055
895 	 5.840676784515381
896 	 5.775422096252441
897 	 5.852038383483887
898 	 5.786016464233398
899 	 5.692375183105469
900 	 5.856540679931641
901 	 5.7107930183410645
902 	 5.941036224365234
903 	 5.768370151519775
904 	 5.771061897277832
905 	 5.6805620193481445
906 	 5.800602436065674
907 	 5.816988468170166
908 	 5.830719947814941
909 	 5.736303329467773
910 	 5.662623405456543
911 	 5.728412628173828
912 	 5.743000030517578
913 	 5.7558512687683105
914 	 5.701235294342041
915 	 5.960111141204834
916 	 5.760804653167725
917 	 5.9645094871521
918 	 5.781979084014893
919 	 5.889221668243408
920 	 5.890809059143066
921 	 5.651971817016602
922 	 5.790309906005859
923 	 5.690919399261475
924 	 5.730365753173828
925 	 5.901459693908691
926 	 5.884194374084473
927 	 5.8580169677734375
928 	 5.919411659240723
929 	 5.833284378051758
930 	 5.724806785583496
931 	 5.834268093109131
932 	 5.724766731262207
933 	 5.777124404907227
934 	 5.852672100067139
935 	 5.765688419342041
936 	 5.7098774909973145
937 	 5.854365825653076
938 	 5.919290065765381
939 	 5.658606052398682
940 	 5.783874034881592
941 	 5.773171424865723
942 	 5.790514945983887
943 	 5.849740982055664
944 	 5.692972183227539
945 	 5.595790863037109
946 	 5.690609455108643
947 	 5.799947261810303
948 	 5.8733673095703125
949 	 5.7602033615112305
950 	 5.803799629211426
951 	 5.949153900146484
952 	 5.943053245544434
953 	 5.8810553550720215
954 	 5.819462776184082
955 	 5.965653896331787
956 	 5.685482978820801
957 	 5.935381889343262
958 	 5.944814205169678
959 	 5.854715824127197
960 	 5.846446514129639
961 	 5.7836785316467285
962 	 5.805219650268555
963 	 5.729026794433594
964 	 5.732305526733398
965 	 5.8669891357421875
966 	 5.888005256652832
967 	 5.903038024902344
968 	 5.877128601074219
969 	 5.6593098640441895
970 	 5.7230072021484375
971 	 5.94887113571167
972 	 5.67307186126709
973 	 5.787322998046875
974 	 5.959380149841309
975 	 5.929564476013184
976 	 5.847263336181641
977 	 5.902884006500244
978 	 5.96345329284668
979 	 5.830921173095703
980 	 5.798377513885498
981 	 5.796104907989502
982 	 5.741481781005859
983 	 5.742215156555176
984 	 5.885274410247803
985 	 5.766874313354492
986 	 5.724820137023926
987 	 5.886990547180176
988 	 5.663393497467041
989 	 5.64699649810791
990 	 5.778847694396973
991 	 5.871121883392334
992 	 5.7961626052856445
993 	 5.7500739097595215
994 	 5.711978912353516
995 	 5.867390155792236
996 	 5.9280900955200195
997 	 5.691970348358154
998 	 5.784556865692139
999 	 5.819597244262695
1000 	 5.730840682983398
1001 	 5.977206707000732
1002 	 5.9029059410095215
1003 	 5.901514530181885
1004 	 5.865741729736328
1005 	 5.778682708740234
1006 	 5.793275833129883
1007 	 5.816622257232666
1008 	 5.848176956176758
1009 	 5.848006725311279
1010 	 6.011804580688477
1011 	 5.944456100463867
1012 	 5.8972954750061035
1013 	 5.835200786590576
1014 	 5.643722057342529
1015 	 5.749770641326904
1016 	 5.725856781005859
1017 	 5.717593193054199
1018 	 5.838906764984131
1019 	 5.791409015655518
1020 	 5.688871383666992
1021 	 5.946564197540283
1022 	 5.963823318481445
1023 	 5.994740962982178
1024 	 5.80154275894165
1025 	 5.737217426300049
1026 	 5.923614978790283
1027 	 5.793517112731934
1028 	 5.736142635345459
1029 	 5.788053035736084
1030 	 5.747527599334717
1031 	 5.675055027008057
1032 	 5.853014945983887
1033 	 5.829885005950928
1034 	 5.952280521392822
1035 	 5.973072528839111
1036 	 5.785872936248779
1037 	 5.857927322387695
1038 	 5.83243989944458
1039 	 5.74184513092041
1040 	 5.983069896697998
1041 	 5.770388603210449
1042 	 5.934133052825928
1043 	 5.925734519958496
1044 	 5.861904621124268
1045 	 5.81782865524292
1046 	 5.9516143798828125
1047 	 5.655365467071533
1048 	 5.770255088806152
1049 	 5.835354328155518
1050 	 5.834766387939453
1051 	 5.780677795410156
1052 	 5.818924427032471
1053 	 5.865156173706055
1054 	 5.753069877624512
1055 	 5.8070220947265625
1056 	 5.718584060668945
1057 	 5.844655513763428
1058 	 5.7473015785217285
1059 	 5.776062488555908
1060 	 5.884472370147705
1061 	 5.935351371765137
1062 	 5.7536444664001465
1063 	 5.745579719543457
1064 	 5.766883850097656
1065 	 5.883715629577637
1066 	 5.743760108947754
1067 	 5.827893257141113
1068 	 5.835447788238525
1069 	 5.809056282043457
1070 	 5.738684177398682
1071 	 5.777288436889648
1072 	 5.798175811767578
1073 	 5.884308815002441
1074 	 5.916192531585693
1075 	 5.834148406982422
1076 	 5.8019914627075195
1077 	 5.737470626831055
1078 	 5.715062618255615
1079 	 5.686756610870361
1080 	 5.766735553741455
1081 	 5.701111316680908
1082 	 5.818780422210693
1083 	 5.805335998535156
1084 	 5.781155586242676
1085 	 6.017030239105225
1086 	 5.967601299285889
1087 	 6.0706281661987305
1088 	 5.815845966339111
1089 	 5.913780212402344
1090 	 5.854273319244385
1091 	 5.93906307220459
1092 	 6.11833381652832
1093 	 5.7487993240356445
1094 	 5.827342987060547
1095 	 5.988063335418701
1096 	 6.083284378051758
1097 	 6.16173791885376
1098 	 5.937748432159424
1099 	 6.0482001304626465
1100 	 6.148658275604248
1101 	 5.966516494750977
1102 	 5.6781840324401855
1103 	 5.986762046813965
1104 	 6.072705268859863
1105 	 5.997593879699707
1106 	 6.028530597686768
1107 	 6.049254894256592
1108 	 5.861146450042725
1109 	 5.875843524932861
1110 	 5.816540241241455
1111 	 5.931440830230713
1112 	 5.890705585479736
1113 	 5.7706451416015625
1114 	 5.973125457763672
1115 	 5.896238327026367
1116 	 5.785881996154785
1117 	 5.887608528137207
1118 	 5.91911506652832
1119 	 6.015040397644043
1120 	 5.872519016265869
1121 	 5.882190704345703
1122 	 5.726452350616455
1123 	 5.703014850616455
1124 	 5.822061538696289
1125 	 5.929046630859375
1126 	 5.812163829803467
1127 	 6.030727863311768
1128 	 5.7022833824157715
1129 	 5.979720592498779
1130 	 5.803894519805908
1131 	 5.792052268981934
1132 	 5.970144748687744
1133 	 5.881652355194092
1134 	 5.826685428619385
1135 	 5.807410717010498
1136 	 5.690799713134766
1137 	 5.821895599365234
1138 	 5.757672309875488
1139 	 5.89520263671875
1140 	 5.881083965301514
1141 	 5.8606438636779785
1142 	 5.769949913024902
1143 	 5.755776882171631
1144 	 5.612381935119629
1145 	 5.859622478485107
1146 	 5.759871006011963
1147 	 5.672222137451172
1148 	 5.7535719871521
1149 	 5.779168605804443
1150 	 5.868974685668945
1151 	 5.924980163574219
1152 	 5.790156364440918
1153 	 5.866539001464844
1154 	 5.949402332305908
1155 	 5.748920440673828
1156 	 5.816489219665527
1157 	 5.762060165405273
1158 	 5.920853614807129
1159 	 5.843999862670898
1160 	 5.849212646484375
1161 	 5.799509525299072
1162 	 5.922252178192139
1163 	 5.61138391494751
1164 	 5.73816442489624
1165 	 5.900488376617432
1166 	 5.873422145843506
1167 	 5.706309795379639
1168 	 5.904416561126709
1169 	 5.7345170974731445
1170 	 5.924676895141602
1171 	 5.806515693664551
1172 	 5.862975120544434
1173 	 5.7201032638549805
1174 	 5.795783042907715
1175 	 5.705806732177734
1176 	 5.677464962005615
1177 	 5.704848289489746
1178 	 5.85172700881958
1179 	 5.870633602142334
1180 	 5.793991565704346
1181 	 5.93980598449707
1182 	 5.732779502868652
1183 	 5.803569316864014
1184 	 5.952279567718506
1185 	 5.971233367919922
1186 	 5.769170761108398
1187 	 5.800602436065674
1188 	 5.780127048492432
1189 	 5.8858442306518555
1190 	 5.788447380065918
1191 	 5.877626419067383
1192 	 5.8045759201049805
1193 	 5.702727317810059
1194 	 5.790994644165039
1195 	 5.740871906280518
1196 	 5.720489501953125
1197 	 5.761981964111328
1198 	 5.9258246421813965
1199 	 5.854219913482666
1200 	 5.7148118019104
1201 	 5.88761043548584
1202 	 5.7266411781311035
1203 	 5.926197528839111
1204 	 5.887852191925049
1205 	 6.010658264160156
1206 	 5.784026622772217
1207 	 5.915025234222412
1208 	 5.868691921234131
1209 	 6.079756259918213
1210 	 6.037096977233887
1211 	 5.9908223152160645
1212 	 5.8044753074646
1213 	 5.828003406524658
1214 	 5.7129693031311035
1215 	 5.838575839996338
1216 	 5.720383167266846
1217 	 5.75367546081543
1218 	 5.722580909729004
1219 	 5.711089134216309
1220 	 5.719005107879639
1221 	 5.750067234039307
1222 	 5.7518815994262695
1223 	 6.027164459228516
1224 	 5.9051008224487305
1225 	 5.942999362945557
1226 	 5.713089942932129
1227 	 5.820988655090332
1228 	 5.7734479904174805
1229 	 5.734617710113525
1230 	 5.6100263595581055
1231 	 5.780860900878906
1232 	 5.859446048736572
1233 	 5.898390769958496
1234 	 5.74344539642334
1235 	 5.762000560760498
1236 	 5.897026062011719
1237 	 5.649918079376221
1238 	 5.7287116050720215
1239 	 5.8418049812316895
1240 	 5.768378257751465
1241 	 5.910799503326416
1242 	 5.787914276123047
1243 	 5.885300159454346
1244 	 5.936542987823486
1245 	 5.898972511291504
1246 	 5.841866970062256
1247 	 5.891027450561523
1248 	 5.96417236328125
1249 	 5.90118932723999
1250 	 5.90815544128418
1251 	 5.957714080810547
1252 	 5.83507776260376
1253 	 5.914895057678223
1254 	 5.773406982421875
1255 	 5.791916847229004
1256 	 5.735707759857178
1257 	 5.8380126953125
1258 	 5.739422798156738
1259 	 5.830583572387695
1260 	 5.835692882537842
1261 	 5.73787784576416
1262 	 5.598412990570068
1263 	 5.808573246002197
1264 	 5.888421058654785
1265 	 5.766353130340576
1266 	 5.74022102355957
1267 	 5.921839714050293
1268 	 5.808778762817383
1269 	 5.712018966674805
1270 	 5.7795729637146
1271 	 5.815248012542725
1272 	 5.826381683349609
1273 	 5.816094875335693
1274 	 5.839823246002197
1275 	 5.799532413482666
1276 	 5.832777976989746
1277 	 5.818957805633545
1278 	 5.925364971160889
1279 	 5.925103664398193
1280 	 5.904389381408691
1281 	 5.888535499572754
1282 	 5.834356307983398
1283 	 5.775018215179443
1284 	 5.966192245483398
1285 	 5.943382740020752
1286 	 5.789270401000977
1287 	 5.790883541107178
1288 	 5.778446197509766
1289 	 5.927456855773926
1290 	 6.016607284545898
1291 	 5.868997097015381
1292 	 6.024419784545898
1293 	 5.853140354156494
1294 	 5.864724636077881
1295 	 5.858952045440674
1296 	 5.860307693481445
1297 	 5.967278003692627
1298 	 5.730257987976074
1299 	 5.892209529876709
1300 	 5.880252361297607
1301 	 5.837979793548584
1302 	 5.740975856781006
1303 	 5.736381530761719
1304 	 5.904033184051514
1305 	 5.9128499031066895
1306 	 5.903983116149902
1307 	 5.963888645172119
1308 	 5.989896774291992
1309 	 5.904450416564941
1310 	 5.764850616455078
1311 	 5.684437274932861
1312 	 5.7162394523620605
1313 	 5.671807765960693
1314 	 5.855543613433838
1315 	 5.641072750091553
1316 	 5.830191135406494
1317 	 5.757236003875732
1318 	 5.84128475189209
1319 	 5.728046894073486
1320 	 5.725753307342529
1321 	 5.778070449829102
1322 	 5.872252464294434
1323 	 5.8981146812438965
1324 	 5.839601516723633
1325 	 5.991359710693359
1326 	 6.090420246124268
1327 	 5.972202301025391
1328 	 5.932708263397217
1329 	 5.859610080718994
1330 	 5.908647537231445
1331 	 6.137844085693359
1332 	 5.93208646774292
1333 	 5.828535556793213
1334 	 5.7603912353515625
1335 	 5.756417274475098
1336 	 5.7111358642578125
1337 	 5.733555793762207
1338 	 5.6768479347229
1339 	 5.682751178741455
1340 	 5.779967308044434
1341 	 5.81357479095459
1342 	 5.709826946258545
1343 	 5.828453063964844
1344 	 5.897302627563477
1345 	 5.779205322265625
1346 	 5.7588934898376465
1347 	 5.850973606109619
1348 	 5.72715425491333
1349 	 5.881978511810303
1350 	 5.917327404022217
1351 	 5.7994303703308105
1352 	 5.79610538482666
1353 	 6.001843452453613
1354 	 5.930187225341797
1355 	 5.7630462646484375
1356 	 5.690891742706299
1357 	 5.749831199645996
1358 	 6.012481212615967
1359 	 5.9092230796813965
1360 	 5.8823771476745605
1361 	 5.810892581939697
1362 	 5.903885841369629
1363 	 5.923604965209961
1364 	 5.716157913208008
1365 	 5.84487247467041
1366 	 5.893557548522949
1367 	 5.91396951675415
1368 	 5.947022438049316
1369 	 6.0049309730529785
1370 	 5.843982696533203
1371 	 5.680493354797363
1372 	 5.886030673980713
1373 	 5.943402290344238
1374 	 5.951811790466309
1375 	 5.958878040313721
1376 	 5.7681050300598145
1377 	 5.879807949066162
1378 	 5.7548699378967285
1379 	 5.731112003326416
1380 	 5.7702436447143555
1381 	 5.649435043334961
1382 	 5.670372486114502
1383 	 5.7848029136657715
1384 	 5.8014726638793945
1385 	 5.875126838684082
1386 	 5.689642429351807
1387 	 5.806008815765381
1388 	 5.807807445526123
1389 	 5.849929332733154
1390 	 5.714205741882324
1391 	 5.82545804977417
1392 	 5.71717643737793
1393 	 5.643683433532715
1394 	 5.781069278717041
1395 	 5.656508922576904
1396 	 5.6389384269714355
1397 	 5.824139595031738
1398 	 5.732034683227539
1399 	 5.901610374450684
1400 	 5.807844161987305
1401 	 5.878355979919434
1402 	 5.891079902648926
1403 	 5.80590295791626
1404 	 5.930904388427734
1405 	 5.692248821258545
1406 	 5.745736598968506
1407 	 5.832263946533203
1408 	 5.890453815460205
1409 	 5.839911937713623
1410 	 5.846261024475098
1411 	 5.85172700881958
1412 	 5.728868007659912
1413 	 5.771250247955322
1414 	 5.7777252197265625
1415 	 5.794557571411133
1416 	 5.8976874351501465
1417 	 5.957340240478516
1418 	 5.725650787353516
1419 	 5.87308931350708
1420 	 5.710418701171875
1421 	 6.0219316482543945
1422 	 5.70539665222168
1423 	 5.75647497177124
1424 	 5.670938491821289
1425 	 5.989192962646484
1426 	 5.804267406463623
1427 	 5.901007175445557
1428 	 5.676541805267334
1429 	 5.746374607086182
1430 	 5.770515441894531
1431 	 5.7986602783203125
1432 	 5.851805210113525
1433 	 5.816342830657959
1434 	 5.91905403137207
1435 	 5.8318023681640625
1436 	 5.761054515838623
1437 	 5.848547458648682
1438 	 5.748448371887207
1439 	 5.737002849578857
1440 	 5.940096855163574
1441 	 5.845787525177002
1442 	 5.8363494873046875
1443 	 5.9660773277282715
1444 	 5.960082530975342
1445 	 5.761933326721191
1446 	 5.854730606079102
1447 	 5.82498836517334
1448 	 5.801307201385498
1449 	 5.927434921264648
1450 	 5.90309476852417
1451 	 5.876137733459473
1452 	 5.9090800285339355
1453 	 5.873960494995117
1454 	 5.865070343017578
1455 	 5.796083927154541
1456 	 5.7935967445373535
1457 	 5.875313758850098
1458 	 5.861152648925781
1459 	 5.822523593902588
1460 	 5.746286869049072
1461 	 5.6316752433776855
1462 	 5.871279239654541
1463 	 5.82337760925293
1464 	 5.865401744842529
1465 	 5.8733320236206055
1466 	 5.817867279052734
1467 	 5.894028663635254
1468 	 6.0170464515686035
1469 	 5.962506294250488
1470 	 5.9567036628723145
1471 	 5.869043827056885
1472 	 5.796168804168701
1473 	 5.805099964141846
1474 	 5.863625526428223
1475 	 5.810777187347412
1476 	 5.874478340148926
1477 	 5.82706880569458
1478 	 5.841250419616699
1479 	 5.793274402618408
1480 	 5.771403789520264
1481 	 5.842069625854492
1482 	 5.761929988861084
1483 	 5.771956443786621
1484 	 5.785007476806641
1485 	 5.7638115882873535
1486 	 5.709362030029297
1487 	 5.913828372955322
1488 	 5.863309860229492
1489 	 5.981240749359131
1490 	 5.782447338104248
1491 	 5.715339660644531
1492 	 5.750729084014893
1493 	 5.824321746826172
1494 	 5.737628936767578
1495 	 5.867469787597656
1496 	 5.655918121337891
1497 	 5.771982669830322
1498 	 5.889212608337402
1499 	 5.866294860839844
1500 	 5.5107340812683105
1501 	 5.7119011878967285
1502 	 5.741844177246094
1503 	 5.793683052062988
1504 	 5.845955848693848
1505 	 5.841569423675537
1506 	 5.735215663909912
1507 	 5.7690510749816895
1508 	 5.820334434509277
1509 	 5.81441593170166
1510 	 5.797770023345947
1511 	 5.635878562927246
1512 	 5.765655994415283
1513 	 5.922183513641357
1514 	 5.806669235229492
1515 	 5.565906524658203
1516 	 5.81911563873291
1517 	 5.964782238006592
1518 	 5.9029340744018555
1519 	 5.780100345611572
1520 	 5.840179920196533
1521 	 5.840643405914307
1522 	 5.951303482055664
1523 	 5.870339870452881
1524 	 5.954057693481445
1525 	 5.865175724029541
1526 	 5.799289703369141
1527 	 5.814541816711426
1528 	 5.793089389801025
1529 	 5.845517635345459
1530 	 5.764338493347168
1531 	 5.853816509246826
1532 	 5.901571273803711
1533 	 5.854528427124023
1534 	 5.909114837646484
1535 	 5.9197998046875
1536 	 5.859359264373779
1537 	 5.895909309387207
1538 	 5.779186725616455
1539 	 5.870222568511963
1540 	 5.7687506675720215
1541 	 5.792154312133789
1542 	 5.821512222290039
1543 	 5.822649002075195
1544 	 5.772352695465088
1545 	 5.763307094573975
1546 	 5.715883731842041
1547 	 5.685566425323486
1548 	 5.761221408843994
1549 	 5.807577133178711
1550 	 5.7655229568481445
1551 	 5.803023815155029
1552 	 5.88931941986084
1553 	 5.690561771392822
1554 	 5.802823543548584
1555 	 5.749920845031738
1556 	 5.685771942138672
1557 	 5.884675025939941
1558 	 5.881150722503662
1559 	 5.789304256439209
1560 	 5.8502397537231445
1561 	 5.788465976715088
1562 	 5.767112731933594
1563 	 5.783940315246582
1564 	 5.859601974487305
1565 	 5.770004749298096
1566 	 5.850887775421143
1567 	 5.7213053703308105
1568 	 5.780279159545898
1569 	 5.92368221282959
1570 	 5.7761945724487305
1571 	 5.8858160972595215
1572 	 5.7912702560424805
1573 	 5.761604309082031
1574 	 5.855654239654541
1575 	 5.7278218269348145
1576 	 5.833432674407959
1577 	 5.743903636932373
1578 	 5.8938188552856445
1579 	 5.741999626159668
1580 	 5.887091159820557
1581 	 5.874567985534668
1582 	 5.886662483215332
1583 	 5.931916236877441
1584 	 5.867228984832764
1585 	 5.932306289672852
1586 	 6.051769733428955
1587 	 5.690077781677246
1588 	 5.774045944213867
1589 	 5.9458441734313965
1590 	 5.92754602432251
1591 	 5.805891036987305
1592 	 5.712625980377197
1593 	 5.8065032958984375
1594 	 5.784914016723633
1595 	 5.915301322937012
1596 	 5.841856002807617
1597 	 5.816558837890625
1598 	 5.83078145980835
1599 	 5.893861770629883
1600 	 5.942989826202393
1601 	 6.00615119934082
1602 	 6.028306484222412
1603 	 5.8934173583984375
1604 	 5.979952335357666
1605 	 5.849087238311768
1606 	 5.932561874389648
1607 	 6.035091876983643
1608 	 5.91988468170166
1609 	 6.054930686950684
1610 	 5.867344856262207
1611 	 5.88390588760376
1612 	 5.855681896209717
1613 	 5.721263408660889
1614 	 5.841298580169678
1615 	 5.910252094268799
1616 	 5.928799152374268
1617 	 5.766294002532959
1618 	 5.802482604980469
1619 	 5.9859938621521
1620 	 5.799245834350586
1621 	 5.826296806335449
1622 	 5.864411354064941
1623 	 5.929628372192383
1624 	 6.010737895965576
1625 	 5.878539085388184
1626 	 5.879565715789795
1627 	 5.905598163604736
1628 	 5.85869026184082
1629 	 5.865982532501221
1630 	 5.779738903045654
1631 	 5.780054092407227
1632 	 5.902321815490723
1633 	 5.901932239532471
1634 	 5.861164093017578
1635 	 5.787466526031494
1636 	 5.742071628570557
1637 	 5.701715469360352
1638 	 5.8999834060668945
1639 	 5.785149097442627
1640 	 5.77492094039917
1641 	 5.790673732757568
1642 	 5.856076717376709
1643 	 5.787921905517578
1644 	 5.836848735809326
1645 	 5.70736026763916
1646 	 5.764682769775391
1647 	 5.674914360046387
1648 	 5.810938835144043
1649 	 5.857101917266846
1650 	 5.837698936462402
1651 	 5.86198091506958
1652 	 5.832973003387451
1653 	 5.854440212249756
1654 	 5.759098529815674
1655 	 5.854462623596191
1656 	 5.800288200378418
1657 	 5.779509544372559
1658 	 5.769986629486084
1659 	 5.7595038414001465
1660 	 5.925730228424072
1661 	 5.796249866485596
1662 	 5.736645698547363
1663 	 5.805063724517822
1664 	 5.741580486297607
1665 	 5.895135879516602
1666 	 5.958368301391602
1667 	 5.852027893066406
1668 	 5.895839214324951
1669 	 5.797573566436768
1670 	 5.712281227111816
1671 	 5.91195821762085
1672 	 5.877025604248047
1673 	 6.036111354827881
1674 	 5.737782955169678
1675 	 5.8148112297058105
1676 	 5.768034934997559
1677 	 5.793914794921875
1678 	 5.692625045776367
1679 	 5.788730621337891
1680 	 5.892660140991211
1681 	 5.837173938751221
1682 	 5.809245586395264
1683 	 5.957876682281494
1684 	 5.869103908538818
1685 	 6.0652875900268555
1686 	 5.779452323913574
1687 	 5.736217498779297
1688 	 5.884659290313721
1689 	 5.727882385253906
1690 	 5.814517974853516
1691 	 5.905284881591797
1692 	 5.900085926055908
1693 	 5.814902305603027
1694 	 5.802972793579102
1695 	 5.815857887268066
1696 	 5.783157825469971
1697 	 5.816296100616455
1698 	 5.838593482971191
1699 	 5.800015926361084
1700 	 5.823284149169922
1701 	 6.009401798248291
1702 	 5.810420036315918
1703 	 5.722010612487793
1704 	 5.782161712646484
1705 	 6.010119915008545
1706 	 5.814768314361572
1707 	 5.815643787384033
1708 	 5.817030429840088
1709 	 5.940108299255371
1710 	 5.861679553985596
1711 	 5.900832653045654
1712 	 5.803986072540283
1713 	 5.819653511047363
1714 	 5.8105316162109375
1715 	 6.008833885192871
1716 	 5.810471057891846
1717 	 5.713423252105713
1718 	 5.760262966156006
1719 	 5.853902816772461
1720 	 5.864160060882568
1721 	 5.905245780944824
1722 	 5.93945837020874
1723 	 5.763571262359619
1724 	 5.742102146148682
1725 	 5.8807148933410645
1726 	 5.862664222717285
1727 	 5.935577869415283
1728 	 5.819368839263916
1729 	 5.962381839752197
1730 	 5.994081974029541
1731 	 5.811757564544678
1732 	 5.952955722808838
1733 	 5.875484943389893
1734 	 5.870159149169922
1735 	 5.825100421905518
1736 	 5.833932876586914
1737 	 5.857819557189941
1738 	 5.850644588470459
1739 	 5.944046974182129
1740 	 5.845430850982666
1741 	 5.803953647613525
1742 	 5.832684516906738
1743 	 5.931662082672119
1744 	 5.9669623374938965
1745 	 5.662541389465332
1746 	 5.826348781585693
1747 	 5.953490257263184
1748 	 5.981668949127197
1749 	 5.8576788902282715
