0 	 0.0
1 	 2.2753233909606934
2 	 3.0845630168914795
3 	 2.635758876800537
4 	 2.411804437637329
5 	 2.7057042121887207
6 	 2.7050678730010986
7 	 2.684004783630371
8 	 2.6705970764160156
9 	 2.483886957168579
10 	 2.139511823654175
11 	 2.386237621307373
12 	 2.6543641090393066
13 	 2.807806968688965
14 	 2.7992429733276367
15 	 3.118131399154663
16 	 2.7457478046417236
17 	 3.0832717418670654
18 	 3.0598602294921875
19 	 2.7815911769866943
20 	 3.140880823135376
21 	 3.2612252235412598
22 	 3.0327439308166504
23 	 3.1377172470092773
24 	 2.820319414138794
25 	 3.141486883163452
26 	 3.1064958572387695
27 	 2.7511582374572754
28 	 3.1241767406463623
29 	 2.8325724601745605
30 	 3.1601901054382324
31 	 3.122710704803467
32 	 2.791651725769043
33 	 2.9731369018554688
34 	 2.8909475803375244
35 	 2.9922053813934326
36 	 2.8021745681762695
37 	 3.0947558879852295
38 	 2.8357250690460205
39 	 2.561002254486084
40 	 2.516386032104492
41 	 2.744823694229126
42 	 2.932309150695801
43 	 3.0579423904418945
44 	 2.9753401279449463
45 	 3.150747060775757
46 	 2.853623151779175
47 	 3.34435772895813
48 	 4.2448039054870605
49 	 4.716484069824219
50 	 4.938925743103027
51 	 4.158884525299072
52 	 4.377414703369141
53 	 4.319457054138184
54 	 3.8490407466888428
55 	 3.4253764152526855
56 	 3.463338851928711
57 	 3.1163759231567383
58 	 2.9274590015411377
59 	 2.8577167987823486
60 	 2.795471429824829
61 	 2.9514920711517334
62 	 2.8590245246887207
63 	 3.115481376647949
64 	 2.8214943408966064
65 	 2.8841824531555176
66 	 3.105502128601074
67 	 3.649338960647583
68 	 3.288398265838623
69 	 3.133998155593872
70 	 3.4924356937408447
71 	 3.8723790645599365
72 	 4.028974533081055
73 	 3.9728713035583496
74 	 4.555233955383301
75 	 4.5229339599609375
76 	 4.963921070098877
77 	 5.238129138946533
78 	 5.778606414794922
79 	 5.166317462921143
80 	 4.5138115882873535
81 	 4.836827754974365
82 	 4.8467326164245605
83 	 4.996748447418213
84 	 4.791066646575928
85 	 4.3610100746154785
86 	 5.10640811920166
87 	 5.085078239440918
88 	 5.318629741668701
89 	 5.078944206237793
90 	 4.912989139556885
91 	 4.895627498626709
92 	 4.921380519866943
93 	 5.185659408569336
94 	 5.026392459869385
95 	 5.2787556648254395
96 	 4.6913652420043945
97 	 5.38723087310791
98 	 5.4751458168029785
99 	 4.9170989990234375
100 	 5.3181681632995605
101 	 5.316030979156494
102 	 4.7497358322143555
103 	 5.09613561630249
104 	 4.78235387802124
105 	 4.407466411590576
106 	 4.747034072875977
107 	 5.246313571929932
108 	 5.372957229614258
109 	 5.487033367156982
110 	 5.350308895111084
111 	 5.766594886779785
112 	 5.5286359786987305
113 	 5.327590465545654
114 	 6.122498512268066
115 	 5.9387898445129395
116 	 5.889351844787598
117 	 5.500909805297852
118 	 6.025851726531982
119 	 5.263211250305176
120 	 5.32615327835083
121 	 5.781087875366211
122 	 6.161170959472656
123 	 5.7805609703063965
124 	 6.266655445098877
125 	 6.1683268547058105
126 	 5.946254730224609
127 	 6.137207984924316
128 	 6.076078414916992
129 	 6.2017927169799805
130 	 5.737767219543457
131 	 5.763642311096191
132 	 5.286872863769531
133 	 5.492860794067383
134 	 5.351977348327637
135 	 5.300444602966309
136 	 5.516025066375732
137 	 6.147116661071777
138 	 5.48300313949585
139 	 5.12105655670166
140 	 5.530956745147705
141 	 5.723006725311279
142 	 6.222484111785889
143 	 6.001463413238525
144 	 5.447475910186768
145 	 5.600595951080322
146 	 5.8577561378479
147 	 5.651309967041016
148 	 5.443478107452393
149 	 5.479023456573486
150 	 6.265357494354248
151 	 5.948392868041992
152 	 5.607397556304932
153 	 5.82839298248291
154 	 5.949045181274414
155 	 5.976909160614014
156 	 5.326164722442627
157 	 5.645660400390625
158 	 5.417197227478027
159 	 5.452940464019775
160 	 5.384929180145264
161 	 5.649194717407227
162 	 5.47430419921875
163 	 5.8500261306762695
164 	 5.562297821044922
165 	 5.010293960571289
166 	 5.596480369567871
167 	 5.6439714431762695
168 	 5.766443252563477
169 	 5.840396404266357
170 	 5.636831760406494
171 	 5.481670379638672
172 	 5.5727925300598145
173 	 5.482131004333496
174 	 5.502224445343018
175 	 5.739590167999268
176 	 4.767797946929932
177 	 4.943382263183594
178 	 5.57588529586792
179 	 5.892327785491943
180 	 6.18925142288208
181 	 6.0757012367248535
182 	 6.449441909790039
183 	 6.239344596862793
184 	 6.352895259857178
185 	 6.488048553466797
186 	 5.9567742347717285
187 	 6.275598049163818
188 	 6.01859712600708
189 	 6.156320095062256
190 	 5.748800277709961
191 	 5.9567975997924805
192 	 5.89589786529541
193 	 5.843351364135742
194 	 6.053496837615967
195 	 6.238170146942139
196 	 5.942020416259766
197 	 5.536775588989258
198 	 5.704833030700684
199 	 5.819566249847412
200 	 6.196021556854248
201 	 5.65392541885376
202 	 6.4354352951049805
203 	 5.917416095733643
204 	 6.061899185180664
205 	 6.02385950088501
206 	 6.418807029724121
207 	 5.900645732879639
208 	 6.058838844299316
209 	 5.730008125305176
210 	 5.535035133361816
211 	 5.676082611083984
212 	 5.324970245361328
213 	 4.378559112548828
214 	 5.481988430023193
215 	 5.207735061645508
216 	 5.022432327270508
217 	 5.103896617889404
218 	 4.839455604553223
219 	 5.579347133636475
220 	 4.981997489929199
221 	 5.153329849243164
222 	 5.523725986480713
223 	 5.467262268066406
224 	 5.957803249359131
225 	 6.259294033050537
226 	 6.137815952301025
227 	 6.5023579597473145
228 	 5.710519790649414
229 	 5.692296028137207
230 	 5.847244739532471
231 	 5.961553573608398
232 	 5.902660846710205
233 	 5.855990409851074
234 	 6.008026599884033
235 	 5.9629902839660645
236 	 5.714392185211182
237 	 5.711575508117676
238 	 5.742499828338623
239 	 6.045082092285156
240 	 5.794605731964111
241 	 5.5942463874816895
242 	 5.975236415863037
243 	 6.202078342437744
244 	 6.184910297393799
245 	 6.327394962310791
246 	 6.200238227844238
247 	 6.210793495178223
248 	 6.095477104187012
249 	 6.130035400390625
250 	 6.219170093536377
251 	 6.274094581604004
252 	 6.178006172180176
253 	 6.230978488922119
254 	 6.313655376434326
255 	 6.344431400299072
256 	 6.094642162322998
257 	 6.385351181030273
258 	 6.013064384460449
259 	 6.0232930183410645
260 	 6.087019443511963
261 	 6.152272701263428
262 	 6.276251792907715
263 	 5.996049880981445
264 	 6.157376289367676
265 	 6.173885822296143
266 	 6.287230014801025
267 	 6.181323051452637
268 	 6.125056266784668
269 	 6.351300239562988
270 	 6.008620262145996
271 	 6.101536273956299
272 	 6.139791488647461
273 	 5.894484996795654
274 	 6.285864353179932
275 	 6.24661111831665
276 	 6.343088626861572
277 	 6.294107913970947
278 	 6.218276500701904
279 	 6.157021999359131
280 	 6.122860908508301
281 	 6.201387405395508
282 	 6.188811302185059
283 	 6.263757228851318
284 	 6.073531150817871
285 	 6.119685649871826
286 	 6.183990955352783
287 	 6.106756687164307
288 	 6.042148113250732
289 	 6.009000301361084
290 	 5.8472161293029785
291 	 6.044107913970947
292 	 6.0005903244018555
293 	 6.193071365356445
294 	 6.053234577178955
295 	 5.913430213928223
296 	 5.781838893890381
297 	 5.886810302734375
298 	 5.984384059906006
299 	 6.073927879333496
300 	 6.037369728088379
301 	 6.039732933044434
302 	 6.104518413543701
303 	 6.11399507522583
304 	 5.842848777770996
305 	 5.875275135040283
306 	 5.815530776977539
307 	 6.035966873168945
308 	 5.999578475952148
309 	 6.256553649902344
310 	 6.179099082946777
311 	 5.87683629989624
312 	 5.958658218383789
313 	 5.867908000946045
314 	 6.387392044067383
315 	 6.0975341796875
316 	 6.129276275634766
317 	 6.2646684646606445
318 	 6.30614709854126
319 	 6.272233486175537
320 	 6.2295050621032715
321 	 6.071625232696533
322 	 6.062912940979004
323 	 6.157739162445068
324 	 5.869157314300537
325 	 6.243109703063965
326 	 5.941565990447998
327 	 6.086769104003906
328 	 6.182967185974121
329 	 5.8821120262146
330 	 5.671483516693115
331 	 5.580838680267334
332 	 6.222379207611084
333 	 5.885732650756836
334 	 6.05338716506958
335 	 5.756617546081543
336 	 6.222439765930176
337 	 5.642131805419922
338 	 5.273683547973633
339 	 5.7024383544921875
340 	 6.137571334838867
341 	 6.015975475311279
342 	 6.136391639709473
343 	 6.0557708740234375
344 	 6.123850345611572
345 	 5.947633266448975
346 	 5.8891682624816895
347 	 5.620185375213623
348 	 5.89754056930542
349 	 6.058345794677734
350 	 5.955580234527588
351 	 5.8900146484375
352 	 5.7820725440979
353 	 5.469127178192139
354 	 5.873102188110352
355 	 6.019623756408691
356 	 5.967426776885986
357 	 5.899371147155762
358 	 6.141027450561523
359 	 5.9759955406188965
360 	 5.883602142333984
361 	 6.0391154289245605
362 	 5.810888767242432
363 	 5.930605888366699
364 	 5.699438095092773
365 	 5.777250289916992
366 	 6.018306732177734
367 	 6.159934043884277
368 	 5.902360916137695
369 	 5.96151876449585
370 	 6.053654670715332
371 	 5.89957857131958
372 	 5.8209228515625
373 	 5.85969877243042
374 	 6.090338706970215
375 	 6.02281379699707
376 	 6.126108646392822
377 	 5.889001369476318
378 	 5.920514106750488
379 	 5.766604900360107
380 	 5.691977500915527
381 	 5.837887287139893
382 	 6.328108787536621
383 	 6.1470561027526855
384 	 6.030594825744629
385 	 6.3221611976623535
386 	 6.245363712310791
387 	 6.074696063995361
388 	 6.1283392906188965
389 	 6.149509906768799
390 	 6.455052852630615
391 	 6.349872589111328
392 	 6.098954677581787
393 	 6.285800457000732
394 	 6.154537200927734
395 	 5.639394283294678
396 	 5.547956466674805
397 	 5.983764171600342
398 	 5.85113525390625
399 	 5.658382415771484
400 	 6.111058712005615
401 	 6.086026668548584
402 	 6.119519233703613
403 	 5.984792709350586
404 	 5.9438652992248535
405 	 6.006714344024658
406 	 6.0535969734191895
407 	 5.900381088256836
408 	 6.162171363830566
409 	 6.210571765899658
410 	 6.002851963043213
411 	 6.1738362312316895
412 	 5.941262245178223
413 	 6.255245208740234
414 	 5.942389488220215
415 	 5.53093957901001
416 	 6.094781398773193
417 	 5.925008773803711
418 	 6.215014457702637
419 	 6.13613224029541
420 	 6.455853462219238
421 	 5.9847822189331055
422 	 6.260257244110107
423 	 5.9806671142578125
424 	 6.194283485412598
425 	 6.270761013031006
426 	 6.290044784545898
427 	 6.470670700073242
428 	 6.316180229187012
429 	 5.898108005523682
430 	 6.367023468017578
431 	 5.923252582550049
432 	 5.961768627166748
433 	 5.916937351226807
434 	 5.715180397033691
435 	 6.269454002380371
436 	 6.42794132232666
437 	 6.45864200592041
438 	 6.214645862579346
439 	 6.342487812042236
440 	 6.327009201049805
441 	 6.281219482421875
442 	 6.250207424163818
443 	 6.319779872894287
444 	 6.136595249176025
445 	 6.176728248596191
446 	 6.3935041427612305
447 	 6.067373752593994
448 	 6.2899250984191895
449 	 6.358730316162109
450 	 6.06318473815918
451 	 5.794918060302734
452 	 6.172701835632324
453 	 5.78920841217041
454 	 5.724221229553223
455 	 6.189594745635986
456 	 5.956544399261475
457 	 5.632795333862305
458 	 5.821959495544434
459 	 5.720702648162842
460 	 6.019406318664551
461 	 5.866540431976318
462 	 5.922661781311035
463 	 5.761961936950684
464 	 5.725037097930908
465 	 5.687155246734619
466 	 5.802267551422119
467 	 5.721713542938232
468 	 5.692334175109863
469 	 5.492327690124512
470 	 5.581289291381836
471 	 5.470755100250244
472 	 5.4148478507995605
473 	 5.730224609375
474 	 5.5846452713012695
475 	 5.657885551452637
476 	 5.556522369384766
477 	 5.70554780960083
478 	 5.935744762420654
479 	 6.212368965148926
480 	 6.126899719238281
481 	 6.1808953285217285
482 	 6.134097576141357
483 	 5.915752410888672
484 	 6.107877254486084
485 	 5.757128715515137
486 	 6.078586101531982
487 	 6.104921817779541
488 	 6.13727331161499
489 	 6.187418460845947
490 	 6.122579574584961
491 	 5.997621536254883
492 	 5.895402908325195
493 	 5.949760437011719
494 	 5.800420761108398
495 	 5.857694625854492
496 	 6.014840126037598
497 	 6.044036865234375
498 	 5.889244079589844
499 	 5.8822712898254395
500 	 5.946892738342285
501 	 5.837118625640869
502 	 6.143796920776367
503 	 6.121646404266357
504 	 6.015693664550781
505 	 6.058023452758789
506 	 6.15875768661499
507 	 6.0792236328125
508 	 5.866137504577637
509 	 6.0654096603393555
510 	 5.940362453460693
511 	 6.0683441162109375
512 	 6.132565498352051
513 	 6.1226911544799805
514 	 6.115668296813965
515 	 5.912473678588867
516 	 6.177659034729004
517 	 5.735566139221191
518 	 6.154958724975586
519 	 5.9317169189453125
520 	 6.0091047286987305
521 	 5.914397716522217
522 	 5.8578290939331055
523 	 5.898793697357178
524 	 5.8086700439453125
525 	 5.96571683883667
526 	 5.937479019165039
527 	 6.060000419616699
528 	 5.911684989929199
529 	 6.15824031829834
530 	 6.114218235015869
531 	 6.051473617553711
532 	 6.129985332489014
533 	 6.229042053222656
534 	 6.0572710037231445
535 	 6.047155380249023
536 	 6.136029243469238
537 	 6.294819355010986
538 	 6.024228572845459
539 	 5.994823455810547
540 	 5.980386734008789
541 	 6.198660373687744
542 	 5.916438579559326
543 	 6.062842845916748
544 	 6.0679779052734375
545 	 6.066692352294922
546 	 6.098851203918457
547 	 6.168560981750488
548 	 5.901805400848389
549 	 6.157627582550049
550 	 6.223151683807373
551 	 6.156738758087158
552 	 5.8078932762146
553 	 5.883493900299072
554 	 5.7437357902526855
555 	 5.876626491546631
556 	 5.857080936431885
557 	 5.799932479858398
558 	 6.015809535980225
559 	 6.037738800048828
560 	 5.885374069213867
561 	 5.904942512512207
562 	 5.887808799743652
563 	 5.954189777374268
564 	 5.914047718048096
565 	 5.9823317527771
566 	 5.900416374206543
567 	 5.849084854125977
568 	 5.894611358642578
569 	 5.835925579071045
570 	 5.705776214599609
571 	 5.846395492553711
572 	 6.02822732925415
573 	 6.1061692237854
574 	 6.048887252807617
575 	 5.82177209854126
576 	 5.955303192138672
577 	 5.917863845825195
578 	 5.821863651275635
579 	 6.176913738250732
580 	 6.047276020050049
581 	 5.746562957763672
582 	 5.737893581390381
583 	 5.948737621307373
584 	 5.688085556030273
585 	 6.068687915802002
586 	 5.8325910568237305
587 	 6.126199245452881
588 	 6.021533966064453
589 	 5.9894304275512695
590 	 5.958449840545654
591 	 5.848067760467529
592 	 6.04732084274292
593 	 5.958080291748047
594 	 5.898118019104004
595 	 5.798548698425293
596 	 6.162757396697998
597 	 5.871814250946045
598 	 5.916937828063965
599 	 6.107332706451416
600 	 5.836139678955078
601 	 5.903985977172852
602 	 6.150752067565918
603 	 5.967987060546875
604 	 5.992213726043701
605 	 5.83579158782959
606 	 6.032008647918701
607 	 5.933396339416504
608 	 5.925606727600098
609 	 5.886988639831543
610 	 6.022206783294678
611 	 5.9550933837890625
612 	 5.7906413078308105
613 	 5.8742170333862305
614 	 5.782462120056152
615 	 6.020482540130615
616 	 5.93543815612793
617 	 6.089721202850342
618 	 6.011292457580566
619 	 6.245275974273682
620 	 6.011835098266602
621 	 5.95904541015625
622 	 5.935258388519287
623 	 5.784895896911621
624 	 5.9156012535095215
625 	 6.006330490112305
626 	 5.769567012786865
627 	 5.78908109664917
628 	 5.830151081085205
629 	 5.8653244972229
630 	 5.941625595092773
631 	 5.83349084854126
632 	 5.80545711517334
633 	 5.958142280578613
634 	 5.936304092407227
635 	 5.691153526306152
636 	 5.8277668952941895
637 	 5.928316593170166
638 	 5.996849060058594
639 	 5.799077987670898
640 	 5.881186485290527
641 	 5.900236129760742
642 	 6.012233257293701
643 	 5.899300575256348
644 	 5.938065528869629
645 	 5.83714485168457
646 	 5.949276924133301
647 	 5.881787300109863
648 	 5.744028568267822
649 	 5.908127307891846
650 	 5.871745586395264
651 	 5.713393211364746
652 	 5.857919216156006
653 	 5.761417388916016
654 	 5.923893451690674
655 	 5.648580551147461
656 	 5.883325099945068
657 	 5.864704132080078
658 	 5.7811713218688965
659 	 5.80142068862915
660 	 5.685675144195557
661 	 5.826560974121094
662 	 5.891261100769043
663 	 5.930600643157959
664 	 5.754427909851074
665 	 5.689978122711182
666 	 5.828188419342041
667 	 5.802764415740967
668 	 5.861510276794434
669 	 5.869762897491455
670 	 5.884009838104248
671 	 5.701134204864502
672 	 5.709872722625732
673 	 5.945940017700195
674 	 5.8579230308532715
675 	 5.739044666290283
676 	 5.822637557983398
677 	 5.822666168212891
678 	 5.795650959014893
679 	 5.776467800140381
680 	 5.899543762207031
681 	 5.734200954437256
682 	 5.899550914764404
683 	 5.6506147384643555
684 	 5.769486427307129
685 	 5.7826056480407715
686 	 5.852972984313965
687 	 5.870955467224121
688 	 5.7813920974731445
689 	 5.668999195098877
690 	 5.973940372467041
691 	 5.809234619140625
692 	 5.683979034423828
693 	 5.817108154296875
694 	 5.849269390106201
695 	 5.806225299835205
696 	 5.644150733947754
697 	 5.9327239990234375
698 	 6.0230231285095215
699 	 5.70839786529541
700 	 5.896909236907959
701 	 5.963689804077148
702 	 5.913082599639893
703 	 5.848049640655518
704 	 5.710494041442871
705 	 5.8517913818359375
706 	 5.84076452255249
707 	 5.8271660804748535
708 	 5.7921295166015625
709 	 5.865688800811768
710 	 5.844419002532959
711 	 5.851304054260254
712 	 5.853940963745117
713 	 5.855320453643799
714 	 5.977975368499756
715 	 5.924534320831299
716 	 5.922760486602783
717 	 5.916031360626221
718 	 5.829503059387207
719 	 5.871431827545166
720 	 5.878476142883301
721 	 5.7657551765441895
722 	 5.764787197113037
723 	 5.689232349395752
724 	 5.725564956665039
725 	 5.695606708526611
726 	 5.825389862060547
727 	 5.902510643005371
728 	 5.969383239746094
729 	 5.716556072235107
730 	 5.92678689956665
731 	 5.7181501388549805
732 	 5.810431957244873
733 	 5.82309103012085
734 	 5.960024833679199
735 	 5.791092872619629
736 	 5.787723541259766
737 	 5.703835964202881
738 	 5.692631721496582
739 	 5.8929762840271
740 	 5.778529167175293
741 	 5.816488742828369
742 	 5.639185905456543
743 	 5.739275932312012
744 	 5.819122314453125
745 	 5.863158702850342
746 	 5.729515552520752
747 	 5.717504978179932
748 	 5.870867729187012
749 	 5.8472418785095215
750 	 5.925989627838135
751 	 5.860287189483643
752 	 5.894946098327637
753 	 5.879574775695801
754 	 5.8243584632873535
755 	 5.736942291259766
756 	 5.86047887802124
757 	 5.910384178161621
758 	 5.8612518310546875
759 	 5.813660621643066
760 	 5.866664886474609
761 	 5.871311664581299
762 	 5.643994331359863
763 	 5.82550048828125
764 	 5.750710964202881
765 	 5.868826389312744
766 	 5.840127468109131
767 	 5.829753398895264
768 	 5.931290149688721
769 	 5.8067498207092285
770 	 5.777837753295898
771 	 5.8007988929748535
772 	 5.767477035522461
773 	 5.778406143188477
774 	 5.793590068817139
775 	 5.94273567199707
776 	 5.722541809082031
777 	 6.013279438018799
778 	 5.778295993804932
779 	 5.738945484161377
780 	 5.810765743255615
781 	 5.8672261238098145
782 	 5.71132230758667
783 	 5.881218433380127
784 	 5.898523807525635
785 	 5.8735127449035645
786 	 5.711894989013672
787 	 5.750482559204102
788 	 5.917822360992432
789 	 5.714115619659424
790 	 5.915553092956543
791 	 5.773002624511719
792 	 5.90074348449707
793 	 6.036877632141113
794 	 5.984486103057861
795 	 6.048060894012451
796 	 5.979099750518799
797 	 6.014205455780029
798 	 6.059861183166504
799 	 6.04467248916626
800 	 5.914505481719971
801 	 6.071566581726074
802 	 5.959064960479736
803 	 5.949673175811768
804 	 5.869136810302734
805 	 5.96636962890625
806 	 5.929937362670898
807 	 5.812666893005371
808 	 5.836958408355713
809 	 5.625655651092529
810 	 5.9253153800964355
811 	 5.800824165344238
812 	 5.824239253997803
813 	 6.023785591125488
814 	 5.848198413848877
815 	 5.9078288078308105
816 	 5.8014349937438965
817 	 5.668442726135254
818 	 5.777438163757324
819 	 6.001337051391602
820 	 5.96519660949707
821 	 5.825450420379639
822 	 6.031516075134277
823 	 5.739603519439697
824 	 5.825509071350098
825 	 5.689589500427246
826 	 5.7404680252075195
827 	 5.674829006195068
828 	 5.781894207000732
829 	 5.789590835571289
830 	 5.694502830505371
831 	 5.779434680938721
832 	 5.841607570648193
833 	 5.815094947814941
834 	 5.538684844970703
835 	 5.7747650146484375
836 	 5.865878105163574
837 	 5.9455084800720215
838 	 5.732821941375732
839 	 5.896905422210693
840 	 6.048858642578125
841 	 6.016608715057373
842 	 5.97039794921875
843 	 5.848207950592041
844 	 5.875641345977783
845 	 5.832451343536377
846 	 5.886990547180176
847 	 5.823488235473633
848 	 5.89899206161499
849 	 6.0091118812561035
850 	 5.693132400512695
851 	 5.623403072357178
852 	 5.608295917510986
853 	 5.663938522338867
854 	 5.682534694671631
855 	 5.596895217895508
856 	 5.438322067260742
857 	 5.25266695022583
858 	 5.282627105712891
859 	 5.277108192443848
860 	 5.390750408172607
861 	 5.417297840118408
862 	 5.229849338531494
863 	 5.460358142852783
864 	 5.5764665603637695
865 	 5.608479976654053
866 	 5.493266582489014
867 	 5.4973578453063965
868 	 5.646065711975098
869 	 5.201754093170166
870 	 5.299036502838135
871 	 5.447515964508057
872 	 5.408044338226318
873 	 5.5430216789245605
874 	 5.510919094085693
875 	 5.528605937957764
876 	 5.7108635902404785
877 	 5.770287990570068
878 	 5.55037260055542
879 	 5.844117164611816
880 	 5.639751434326172
881 	 5.883301734924316
882 	 5.738402843475342
883 	 5.61754846572876
884 	 5.588266849517822
885 	 5.995613098144531
886 	 5.761223316192627
887 	 5.757352828979492
888 	 5.673101425170898
889 	 5.77759313583374
890 	 5.729504585266113
891 	 5.197394847869873
892 	 5.3510050773620605
893 	 5.479118824005127
894 	 5.73932409286499
895 	 5.41726016998291
896 	 5.430424690246582
897 	 5.383055210113525
898 	 5.152403831481934
899 	 5.331316947937012
900 	 5.539508819580078
901 	 5.575830459594727
902 	 5.52337121963501
903 	 5.32667350769043
904 	 5.315554141998291
905 	 5.577438831329346
906 	 5.5001540184021
907 	 5.574893951416016
908 	 5.499919414520264
909 	 5.342248439788818
910 	 5.3692450523376465
911 	 5.673342704772949
912 	 5.236957550048828
913 	 5.440947532653809
914 	 5.406332492828369
915 	 5.462262153625488
916 	 5.56715726852417
917 	 5.70019006729126
918 	 5.690840721130371
919 	 5.504170894622803
920 	 5.553994655609131
921 	 5.582725524902344
922 	 5.490987300872803
923 	 5.406430721282959
924 	 5.717271327972412
925 	 5.589374542236328
926 	 5.564557075500488
927 	 5.83519172668457
928 	 5.899453639984131
929 	 5.891696453094482
930 	 5.851231575012207
931 	 5.995651721954346
932 	 5.96347713470459
933 	 5.919602394104004
934 	 5.763610363006592
935 	 5.909417629241943
936 	 5.640251636505127
937 	 5.849606990814209
938 	 5.902079105377197
939 	 5.802872657775879
940 	 5.964498519897461
941 	 6.015575885772705
942 	 5.955982685089111
943 	 6.096933841705322
944 	 6.0481276512146
945 	 5.846795558929443
946 	 5.660278797149658
947 	 5.964817047119141
948 	 5.881138801574707
949 	 5.912909984588623
950 	 5.796864032745361
951 	 5.742809772491455
952 	 5.656685829162598
953 	 5.877915859222412
954 	 5.795526504516602
955 	 5.68941068649292
956 	 5.726568698883057
957 	 5.911917686462402
958 	 5.901896953582764
959 	 5.834321975708008
960 	 5.887649059295654
961 	 6.118372440338135
962 	 5.9582037925720215
963 	 5.836235523223877
964 	 5.9708123207092285
965 	 5.914973735809326
966 	 5.932644844055176
967 	 5.957539081573486
968 	 5.920176982879639
969 	 5.9301252365112305
970 	 5.730962753295898
971 	 5.717138290405273
972 	 6.024820327758789
973 	 6.051351070404053
974 	 6.108329772949219
975 	 6.027127265930176
976 	 5.996986389160156
977 	 5.791184902191162
978 	 6.158778667449951
979 	 6.111321449279785
980 	 6.04509973526001
981 	 6.061639308929443
982 	 6.101994514465332
983 	 6.054723262786865
984 	 6.083195209503174
985 	 6.196772575378418
986 	 5.986779689788818
987 	 6.3125996589660645
988 	 6.094454288482666
989 	 5.939724922180176
990 	 5.855163097381592
991 	 5.668834686279297
992 	 6.137670993804932
993 	 6.088616371154785
994 	 6.395791530609131
995 	 6.051935195922852
996 	 6.01525354385376
997 	 5.846673488616943
998 	 6.089625835418701
999 	 6.057839393615723
1000 	 5.842197895050049
1001 	 5.85414981842041
1002 	 6.118788242340088
1003 	 5.994023323059082
1004 	 6.154659748077393
1005 	 5.988905906677246
1006 	 5.749794006347656
1007 	 5.840583324432373
1008 	 5.772052764892578
1009 	 5.766887664794922
1010 	 5.748188018798828
1011 	 5.755641460418701
1012 	 5.724132537841797
1013 	 5.725223064422607
1014 	 5.913075923919678
1015 	 5.795164585113525
1016 	 5.918774604797363
1017 	 6.025908470153809
1018 	 5.908138751983643
1019 	 5.478671073913574
1020 	 5.9214768409729
1021 	 6.002773761749268
1022 	 5.902365207672119
1023 	 5.993534564971924
1024 	 5.78971529006958
1025 	 5.9121246337890625
1026 	 5.789093017578125
1027 	 5.602964878082275
1028 	 5.959144592285156
1029 	 5.852616786956787
1030 	 5.8988447189331055
1031 	 5.930997371673584
1032 	 5.85006046295166
1033 	 6.129116058349609
1034 	 5.865720748901367
1035 	 6.054216384887695
1036 	 6.126261234283447
1037 	 5.737715721130371
1038 	 5.869636058807373
1039 	 5.696489334106445
1040 	 5.818970203399658
1041 	 6.0536298751831055
1042 	 6.117814064025879
1043 	 6.207999229431152
1044 	 5.884428024291992
1045 	 5.822729587554932
1046 	 5.913037300109863
1047 	 5.992935657501221
1048 	 5.8193840980529785
1049 	 5.901561260223389
1050 	 5.814164638519287
1051 	 5.846231937408447
1052 	 5.852017402648926
1053 	 5.777429580688477
1054 	 5.7480244636535645
1055 	 5.818216323852539
1056 	 5.79276180267334
1057 	 6.050919532775879
1058 	 5.74882173538208
1059 	 5.719250202178955
1060 	 5.896868705749512
1061 	 5.7670369148254395
1062 	 5.6624250411987305
1063 	 5.86689567565918
1064 	 6.143294811248779
1065 	 5.761476039886475
1066 	 5.884439468383789
1067 	 5.963491916656494
1068 	 5.9161553382873535
1069 	 6.003352165222168
1070 	 5.721940517425537
1071 	 5.874134540557861
1072 	 6.057644367218018
1073 	 5.926915645599365
1074 	 5.819192409515381
1075 	 5.834554195404053
1076 	 5.882068634033203
1077 	 5.830156326293945
1078 	 6.012535572052002
1079 	 5.937855243682861
1080 	 5.599937915802002
1081 	 5.837244987487793
1082 	 6.076682090759277
1083 	 5.804058074951172
1084 	 5.820595741271973
1085 	 5.856686115264893
1086 	 6.158104419708252
1087 	 6.0766448974609375
1088 	 6.079898834228516
1089 	 5.984621047973633
1090 	 6.1148223876953125
1091 	 5.9890971183776855
1092 	 5.938387393951416
1093 	 6.137969017028809
1094 	 5.8672990798950195
1095 	 6.003684997558594
1096 	 6.005381107330322
1097 	 5.882146835327148
1098 	 5.960330963134766
1099 	 5.8883514404296875
1100 	 6.260787010192871
1101 	 6.1168904304504395
1102 	 5.8548431396484375
1103 	 6.039566516876221
1104 	 5.887073040008545
1105 	 5.73079252243042
1106 	 5.959746837615967
1107 	 6.105770111083984
1108 	 5.848522663116455
1109 	 6.01066780090332
1110 	 5.662986755371094
1111 	 5.930746555328369
1112 	 5.836893081665039
1113 	 5.771035671234131
1114 	 5.911937236785889
1115 	 5.727482795715332
1116 	 6.161886215209961
1117 	 6.051243305206299
1118 	 5.99664831161499
1119 	 5.952706336975098
1120 	 6.193963050842285
1121 	 5.871232032775879
1122 	 5.914193630218506
1123 	 5.832740306854248
1124 	 6.025345325469971
1125 	 5.840052604675293
1126 	 5.95115852355957
1127 	 5.839610576629639
1128 	 5.868120193481445
1129 	 5.946308612823486
1130 	 5.709352970123291
1131 	 5.784514427185059
1132 	 5.825892925262451
1133 	 5.748600482940674
1134 	 5.83150577545166
1135 	 5.777499198913574
1136 	 5.858292102813721
1137 	 5.819230079650879
1138 	 5.848238945007324
1139 	 5.8349504470825195
1140 	 6.110056400299072
1141 	 6.035755634307861
1142 	 5.753805160522461
1143 	 5.808182716369629
1144 	 6.2953596115112305
1145 	 5.9797892570495605
1146 	 5.825448513031006
1147 	 5.955420970916748
1148 	 5.778525352478027
1149 	 5.923669815063477
1150 	 5.904019355773926
1151 	 5.825311660766602
1152 	 5.8368706703186035
1153 	 5.629430770874023
1154 	 5.701733112335205
1155 	 5.857100486755371
1156 	 5.761246681213379
1157 	 5.833982944488525
1158 	 5.626599311828613
1159 	 5.517129421234131
1160 	 5.666172981262207
1161 	 5.652014255523682
1162 	 6.181891918182373
1163 	 5.621379852294922
1164 	 5.62667179107666
1165 	 5.671772003173828
1166 	 5.67939567565918
1167 	 5.686625957489014
1168 	 5.958594799041748
1169 	 5.673243999481201
1170 	 6.206042289733887
1171 	 5.8954691886901855
1172 	 5.9162678718566895
1173 	 6.107154369354248
1174 	 6.172262668609619
1175 	 6.242917537689209
1176 	 5.929044246673584
1177 	 5.805424213409424
1178 	 5.940921783447266
1179 	 5.728461265563965
1180 	 5.892199993133545
1181 	 5.8482890129089355
1182 	 5.895862579345703
1183 	 5.858628273010254
1184 	 5.837988376617432
1185 	 5.838080883026123
1186 	 5.868152141571045
1187 	 5.911189556121826
1188 	 5.86906623840332
1189 	 6.131340503692627
1190 	 5.9916863441467285
1191 	 5.9505486488342285
1192 	 6.008405685424805
1193 	 5.988244533538818
1194 	 5.976604461669922
1195 	 6.057717323303223
1196 	 6.003749847412109
1197 	 5.869322776794434
1198 	 6.023531913757324
1199 	 6.073249340057373
1200 	 5.92132568359375
1201 	 5.876811504364014
1202 	 5.983316421508789
1203 	 5.974713325500488
1204 	 5.74500036239624
1205 	 6.12830924987793
1206 	 6.149911880493164
1207 	 5.833929061889648
1208 	 5.9975666999816895
1209 	 5.7801513671875
1210 	 5.829812526702881
1211 	 5.749600887298584
1212 	 5.857427597045898
1213 	 6.120475769042969
1214 	 6.253789901733398
1215 	 5.920730113983154
1216 	 5.972298622131348
1217 	 6.177924633026123
1218 	 6.104657173156738
1219 	 6.072188854217529
1220 	 6.089062690734863
1221 	 6.143229961395264
1222 	 6.179020881652832
1223 	 5.88659143447876
1224 	 5.83666467666626
1225 	 6.011238098144531
1226 	 5.876853942871094
1227 	 5.862762928009033
1228 	 5.763967037200928
1229 	 5.796165943145752
1230 	 6.043739318847656
1231 	 5.988307476043701
1232 	 5.85080623626709
1233 	 6.089888095855713
1234 	 6.416295051574707
1235 	 6.237900733947754
1236 	 5.846004486083984
1237 	 6.119975566864014
1238 	 6.0543718338012695
1239 	 6.0702385902404785
1240 	 6.028343200683594
1241 	 5.751293659210205
1242 	 5.986564636230469
1243 	 6.348286151885986
1244 	 5.846297740936279
1245 	 5.898813247680664
1246 	 6.090146064758301
1247 	 6.038718223571777
1248 	 5.7926201820373535
1249 	 6.146279811859131
1250 	 6.039567470550537
1251 	 6.0790181159973145
1252 	 5.997041702270508
1253 	 6.070684432983398
1254 	 5.975898265838623
1255 	 5.897737979888916
1256 	 6.162844657897949
1257 	 6.127389430999756
1258 	 6.004729270935059
1259 	 6.071965217590332
1260 	 6.11155366897583
1261 	 5.999553680419922
1262 	 5.907528877258301
1263 	 5.990381717681885
1264 	 5.956557750701904
1265 	 6.105094909667969
1266 	 5.925125598907471
1267 	 5.930917263031006
1268 	 5.963751792907715
1269 	 5.994421482086182
1270 	 6.085658073425293
1271 	 5.973526954650879
1272 	 5.989744663238525
1273 	 5.919798374176025
1274 	 6.036083221435547
1275 	 5.839890956878662
1276 	 5.87727689743042
1277 	 5.853330612182617
1278 	 5.906742572784424
1279 	 5.880313873291016
1280 	 5.814970970153809
1281 	 5.961114883422852
1282 	 5.993605136871338
1283 	 5.836186408996582
1284 	 5.842794418334961
1285 	 5.868984222412109
1286 	 6.144244194030762
1287 	 6.01121187210083
1288 	 6.036688804626465
1289 	 5.850590229034424
1290 	 5.790393352508545
1291 	 5.716838359832764
1292 	 5.779996395111084
1293 	 5.9286580085754395
1294 	 5.960163593292236
1295 	 6.0397162437438965
1296 	 5.739556312561035
1297 	 5.896252155303955
1298 	 6.0200700759887695
1299 	 5.951740264892578
1300 	 6.065468788146973
1301 	 6.084781169891357
1302 	 6.0994343757629395
1303 	 5.883119106292725
1304 	 6.0815253257751465
1305 	 6.041142463684082
1306 	 5.961365222930908
1307 	 5.783830165863037
1308 	 6.085356712341309
1309 	 6.019162178039551
1310 	 5.913997650146484
1311 	 6.045543670654297
1312 	 5.833642959594727
1313 	 6.071512699127197
1314 	 6.072136878967285
1315 	 5.855289459228516
1316 	 5.876105308532715
1317 	 6.0929179191589355
1318 	 6.168583393096924
1319 	 6.0149712562561035
1320 	 5.937319278717041
1321 	 5.7202043533325195
1322 	 6.110307216644287
1323 	 6.035508155822754
1324 	 5.8190507888793945
1325 	 5.890022277832031
1326 	 6.032796382904053
1327 	 5.798562526702881
1328 	 5.786116123199463
1329 	 5.763850688934326
1330 	 5.6005940437316895
1331 	 6.001962184906006
1332 	 6.033044338226318
1333 	 5.910523414611816
1334 	 5.798818588256836
1335 	 5.96814489364624
1336 	 6.291869640350342
1337 	 5.85828971862793
1338 	 5.886076927185059
1339 	 5.978574752807617
1340 	 5.917905807495117
1341 	 5.624986171722412
1342 	 6.03740119934082
1343 	 5.973820686340332
1344 	 5.793965816497803
1345 	 5.72901725769043
1346 	 5.739577293395996
1347 	 5.8214945793151855
1348 	 6.068180084228516
1349 	 5.981620788574219
1350 	 5.8326334953308105
1351 	 5.971480846405029
1352 	 5.885101795196533
1353 	 5.844152927398682
1354 	 5.770739555358887
1355 	 5.974422454833984
1356 	 6.2292280197143555
1357 	 5.7981438636779785
1358 	 6.037126541137695
1359 	 5.969553470611572
1360 	 6.204257011413574
1361 	 6.116949081420898
1362 	 5.6932244300842285
1363 	 5.927469253540039
1364 	 5.938630104064941
1365 	 5.916919231414795
1366 	 6.061415195465088
1367 	 6.054610729217529
1368 	 5.954797744750977
1369 	 5.7831010818481445
1370 	 5.935264587402344
1371 	 6.06637716293335
1372 	 5.7445068359375
1373 	 6.017266273498535
1374 	 5.894927501678467
1375 	 5.94982385635376
1376 	 6.0918450355529785
1377 	 5.9512858390808105
1378 	 5.706732749938965
1379 	 5.81346321105957
1380 	 5.895269393920898
1381 	 5.961730003356934
1382 	 5.976930618286133
1383 	 5.785211086273193
1384 	 6.078808307647705
1385 	 5.921651363372803
1386 	 6.062859058380127
1387 	 5.962894916534424
1388 	 5.996047496795654
1389 	 6.102297782897949
1390 	 6.171850681304932
1391 	 5.819096565246582
1392 	 6.020621299743652
1393 	 5.992734432220459
1394 	 6.112353324890137
1395 	 5.892380714416504
1396 	 5.690903663635254
1397 	 5.796771049499512
1398 	 5.889404296875
1399 	 5.742949962615967
1400 	 5.856799125671387
1401 	 5.933923721313477
1402 	 5.852443695068359
1403 	 5.807492733001709
1404 	 5.819147109985352
1405 	 5.847625732421875
1406 	 5.769825458526611
1407 	 5.797435760498047
1408 	 5.993807315826416
1409 	 5.874228477478027
1410 	 5.896297454833984
1411 	 5.883301258087158
1412 	 5.872677803039551
1413 	 5.8183722496032715
1414 	 5.894508361816406
1415 	 6.005602836608887
1416 	 5.887073040008545
1417 	 5.932971477508545
1418 	 5.807426929473877
1419 	 5.920845031738281
1420 	 5.914585113525391
1421 	 5.8713836669921875
1422 	 5.897242546081543
1423 	 5.932141304016113
1424 	 5.9492316246032715
1425 	 5.861446380615234
1426 	 6.0180983543396
1427 	 6.0260114669799805
1428 	 5.905182838439941
1429 	 5.926396369934082
1430 	 5.970372200012207
1431 	 5.938943386077881
1432 	 5.8725810050964355
1433 	 6.0056562423706055
1434 	 5.867544651031494
1435 	 5.990073204040527
1436 	 5.850152492523193
1437 	 5.9854302406311035
1438 	 5.8744215965271
1439 	 5.817134857177734
1440 	 5.8774824142456055
1441 	 5.946449279785156
1442 	 6.028923034667969
1443 	 5.750422477722168
1444 	 5.8939528465271
1445 	 5.830090045928955
1446 	 6.046719074249268
1447 	 5.7785115242004395
1448 	 6.038143634796143
1449 	 5.89002799987793
1450 	 5.795615196228027
1451 	 5.873301029205322
1452 	 5.722858905792236
1453 	 5.862728118896484
1454 	 5.895111560821533
1455 	 5.723361492156982
1456 	 5.84510612487793
1457 	 5.8089680671691895
1458 	 5.843520641326904
1459 	 5.814539432525635
1460 	 5.89499044418335
1461 	 5.78277587890625
1462 	 5.816866874694824
1463 	 5.86000919342041
1464 	 5.772897720336914
1465 	 5.874206066131592
1466 	 5.854436874389648
1467 	 5.922714710235596
1468 	 5.853785514831543
1469 	 5.672986030578613
1470 	 5.828481197357178
1471 	 5.701704978942871
1472 	 5.926782131195068
1473 	 5.859632968902588
1474 	 5.836718559265137
1475 	 5.856983184814453
1476 	 5.827897548675537
1477 	 5.986194133758545
1478 	 5.771360874176025
1479 	 5.893526554107666
1480 	 5.899630069732666
1481 	 5.8062334060668945
1482 	 5.841254234313965
1483 	 5.836405277252197
1484 	 5.930225849151611
1485 	 5.775567531585693
1486 	 5.832559108734131
1487 	 5.782861232757568
1488 	 5.972325801849365
1489 	 6.047671318054199
1490 	 5.7990031242370605
1491 	 5.699589252471924
1492 	 5.709730625152588
1493 	 6.01193380355835
1494 	 5.871876239776611
1495 	 5.818633556365967
1496 	 5.67567253112793
1497 	 5.924899101257324
1498 	 5.936023235321045
1499 	 5.880828380584717
1500 	 5.776329040527344
1501 	 5.894108772277832
1502 	 5.711146354675293
1503 	 5.828954696655273
1504 	 5.706426620483398
1505 	 5.602128028869629
1506 	 5.654903888702393
1507 	 5.87597131729126
1508 	 5.6881608963012695
1509 	 5.625866413116455
1510 	 5.846989631652832
1511 	 5.908640384674072
1512 	 5.720238208770752
1513 	 5.9194016456604
1514 	 5.748603820800781
1515 	 5.867051124572754
1516 	 5.851909160614014
1517 	 5.828585147857666
1518 	 5.789859771728516
1519 	 5.8472490310668945
1520 	 5.773695945739746
1521 	 5.722933769226074
1522 	 5.682584762573242
1523 	 5.683414459228516
1524 	 5.708343982696533
1525 	 5.895349025726318
1526 	 5.810309886932373
1527 	 5.845676422119141
1528 	 5.645819187164307
1529 	 5.5993547439575195
1530 	 5.634835720062256
1531 	 5.7185468673706055
1532 	 5.824061393737793
1533 	 5.62394380569458
1534 	 5.874929428100586
1535 	 5.84547233581543
1536 	 5.907359600067139
1537 	 6.067248821258545
1538 	 5.738684177398682
1539 	 5.781654357910156
1540 	 5.857950687408447
1541 	 5.803630352020264
1542 	 5.73451042175293
1543 	 5.9345526695251465
1544 	 5.691250324249268
1545 	 5.833612442016602
1546 	 5.706073760986328
1547 	 5.84249210357666
1548 	 5.7183637619018555
1549 	 5.7025580406188965
1550 	 5.801095485687256
1551 	 5.783483982086182
1552 	 5.813343048095703
1553 	 5.814773082733154
1554 	 5.76247501373291
1555 	 5.891392230987549
1556 	 5.747079849243164
1557 	 5.576082229614258
1558 	 5.8432488441467285
1559 	 5.781332492828369
1560 	 5.685522556304932
1561 	 5.709061622619629
1562 	 5.89068078994751
1563 	 5.7620954513549805
1564 	 5.852514266967773
1565 	 5.79865837097168
1566 	 5.7728142738342285
1567 	 5.707886219024658
1568 	 5.808496475219727
1569 	 5.734707355499268
1570 	 5.620987415313721
1571 	 5.598168849945068
1572 	 5.945391654968262
1573 	 5.914895057678223
1574 	 5.838157653808594
1575 	 5.72221040725708
1576 	 5.739405632019043
1577 	 5.823944091796875
1578 	 5.832149505615234
1579 	 5.696979522705078
1580 	 5.823410987854004
1581 	 5.8437581062316895
1582 	 5.6717939376831055
1583 	 5.687462329864502
1584 	 5.726112365722656
1585 	 5.956171035766602
1586 	 5.7393646240234375
1587 	 5.786114692687988
1588 	 5.8653035163879395
1589 	 5.832667827606201
1590 	 5.5813469886779785
1591 	 5.879261016845703
1592 	 5.840910911560059
1593 	 5.922005653381348
1594 	 5.844681739807129
1595 	 5.8546223640441895
1596 	 5.907081604003906
1597 	 5.792168140411377
1598 	 5.991507053375244
1599 	 5.8238725662231445
1600 	 5.908763885498047
1601 	 5.742791175842285
1602 	 5.855154991149902
1603 	 5.823834419250488
1604 	 5.899150371551514
1605 	 5.787631034851074
1606 	 5.827105522155762
1607 	 5.760763168334961
1608 	 5.762500762939453
1609 	 5.936005592346191
1610 	 5.628222465515137
1611 	 5.911434173583984
1612 	 5.910101413726807
1613 	 5.874514102935791
1614 	 5.737349987030029
1615 	 5.794546127319336
1616 	 5.867832660675049
1617 	 5.8216633796691895
1618 	 5.782271385192871
1619 	 5.8534111976623535
1620 	 5.832864284515381
1621 	 5.935164928436279
1622 	 6.080295562744141
1623 	 5.791003227233887
1624 	 5.754982948303223
1625 	 5.851607799530029
1626 	 5.838801860809326
1627 	 5.760324954986572
1628 	 5.886316299438477
1629 	 5.800737380981445
1630 	 5.977908611297607
1631 	 5.970109462738037
1632 	 5.880206108093262
1633 	 5.771667003631592
1634 	 5.7504987716674805
1635 	 5.813926696777344
1636 	 5.6858367919921875
1637 	 5.72102165222168
1638 	 5.85816764831543
1639 	 5.743250370025635
1640 	 6.1542205810546875
1641 	 5.8693437576293945
1642 	 5.861970901489258
1643 	 5.864481449127197
1644 	 5.980989456176758
1645 	 5.831723690032959
1646 	 5.984611988067627
1647 	 5.871578216552734
1648 	 5.925330638885498
1649 	 5.892765045166016
1650 	 5.840201377868652
1651 	 5.776767730712891
1652 	 5.857799053192139
1653 	 5.946454048156738
1654 	 5.879334449768066
1655 	 5.800168037414551
1656 	 5.857830047607422
1657 	 5.77470064163208
1658 	 5.926710605621338
1659 	 5.9101033210754395
1660 	 5.900197505950928
1661 	 5.871156215667725
1662 	 5.828648567199707
1663 	 5.8089399337768555
1664 	 5.856486797332764
1665 	 5.829126834869385
1666 	 5.904474258422852
1667 	 5.888837814331055
1668 	 5.840569972991943
1669 	 5.941064834594727
1670 	 5.700596332550049
1671 	 5.781405925750732
1672 	 5.9134345054626465
1673 	 5.716052055358887
1674 	 5.8421549797058105
1675 	 5.974623203277588
1676 	 5.760695457458496
1677 	 5.768185138702393
1678 	 5.832006454467773
1679 	 5.600463390350342
1680 	 5.70999002456665
1681 	 5.874261856079102
1682 	 5.820323944091797
1683 	 5.950345516204834
1684 	 5.805331230163574
1685 	 5.777946949005127
1686 	 5.802605152130127
1687 	 5.759642601013184
1688 	 5.760135650634766
1689 	 5.713872909545898
1690 	 5.832982540130615
1691 	 5.824411869049072
1692 	 5.880651950836182
1693 	 5.7500457763671875
1694 	 5.688439846038818
1695 	 5.706103801727295
1696 	 5.711246490478516
1697 	 5.756039619445801
1698 	 5.740303039550781
1699 	 5.7198052406311035
1700 	 5.813962459564209
1701 	 5.734724044799805
1702 	 5.86517858505249
1703 	 5.816460609436035
1704 	 5.681085586547852
1705 	 5.939164638519287
1706 	 5.794312000274658
1707 	 5.889128684997559
1708 	 5.814069747924805
1709 	 5.784905910491943
1710 	 5.815491676330566
1711 	 5.774333477020264
1712 	 5.980715274810791
1713 	 5.953007221221924
1714 	 5.818092346191406
1715 	 5.822690010070801
1716 	 5.801748752593994
1717 	 5.758909702301025
1718 	 5.583791732788086
1719 	 5.8535990715026855
1720 	 5.802160263061523
1721 	 5.778247356414795
1722 	 5.747945785522461
1723 	 5.577390193939209
1724 	 5.912252902984619
1725 	 5.733590126037598
1726 	 5.789938449859619
1727 	 5.813007354736328
1728 	 5.768962383270264
1729 	 5.56903600692749
1730 	 5.668845176696777
1731 	 5.709352016448975
1732 	 5.845210552215576
1733 	 5.753669261932373
1734 	 5.620570182800293
1735 	 5.772462368011475
1736 	 5.749875545501709
1737 	 5.775222301483154
1738 	 5.647406101226807
1739 	 5.900257587432861
1740 	 5.817574501037598
1741 	 5.877408504486084
1742 	 5.664913654327393
1743 	 5.776156902313232
1744 	 5.78267240524292
1745 	 6.029139995574951
1746 	 5.958859443664551
1747 	 5.702658653259277
1748 	 5.888025760650635
1749 	 5.781103134155273
