0 	 0.0
1 	 1.2519478797912598
2 	 1.065305233001709
3 	 1.0775569677352905
4 	 1.328309416770935
5 	 1.2124415636062622
6 	 1.7655220031738281
7 	 1.0383586883544922
8 	 1.2441630363464355
9 	 1.926839828491211
10 	 2.09416127204895
11 	 1.6775959730148315
12 	 1.612975835800171
13 	 2.2015609741210938
14 	 1.7366650104522705
15 	 1.7540265321731567
16 	 1.6220521926879883
17 	 1.744076132774353
18 	 1.7681246995925903
19 	 1.8327217102050781
20 	 1.637680172920227
21 	 1.549260139465332
22 	 1.533482313156128
23 	 1.6665172576904297
24 	 1.4521112442016602
25 	 1.6595431566238403
26 	 1.530509114265442
27 	 1.6641417741775513
28 	 1.559591293334961
29 	 1.4888932704925537
30 	 1.305364727973938
31 	 1.4480350017547607
32 	 1.0585036277770996
33 	 1.4692680835723877
34 	 1.1649597883224487
35 	 1.3055782318115234
36 	 1.124903678894043
37 	 1.2454251050949097
38 	 1.3779503107070923
39 	 1.0680114030838013
40 	 1.5258551836013794
41 	 1.6585842370986938
42 	 2.0528931617736816
43 	 1.9120656251907349
44 	 1.8814646005630493
45 	 2.231154441833496
46 	 1.7137548923492432
47 	 1.9282835721969604
48 	 1.8854830265045166
49 	 2.233025074005127
50 	 2.2974295616149902
51 	 2.365891695022583
52 	 1.9133563041687012
53 	 1.869803547859192
54 	 2.008336067199707
55 	 2.0975537300109863
56 	 1.936214566230774
57 	 1.9629508256912231
58 	 2.1136393547058105
59 	 2.1965651512145996
60 	 2.423234224319458
61 	 2.281712770462036
62 	 1.6404292583465576
63 	 1.9564331769943237
64 	 1.939523696899414
65 	 2.161158561706543
66 	 1.9307000637054443
67 	 1.7668256759643555
68 	 1.6288425922393799
69 	 1.7045952081680298
70 	 1.5922952890396118
71 	 2.0372562408447266
72 	 2.033928394317627
73 	 2.0632753372192383
74 	 1.9008066654205322
75 	 1.8271838426589966
76 	 1.9141372442245483
77 	 2.2956526279449463
78 	 1.9586153030395508
79 	 2.18778395652771
80 	 2.199413776397705
81 	 1.7217196226119995
82 	 2.051419258117676
83 	 2.0213568210601807
84 	 2.0345938205718994
85 	 1.9305654764175415
86 	 2.0083999633789062
87 	 2.2982542514801025
88 	 2.1435341835021973
89 	 2.0731983184814453
90 	 1.9975247383117676
91 	 2.2325899600982666
92 	 2.020106315612793
93 	 2.4733667373657227
94 	 2.0227038860321045
95 	 2.2416515350341797
96 	 2.0919089317321777
97 	 2.2610325813293457
98 	 2.4931647777557373
99 	 2.244926691055298
100 	 2.027923822402954
101 	 2.1659538745880127
102 	 2.34234356880188
103 	 2.1626133918762207
104 	 2.1701419353485107
105 	 2.1921896934509277
106 	 1.9214396476745605
107 	 1.8874287605285645
108 	 1.826326608657837
109 	 1.8547310829162598
110 	 1.9333425760269165
111 	 1.7614331245422363
112 	 1.9897605180740356
113 	 1.7296470403671265
114 	 1.8436228036880493
115 	 2.015286922454834
116 	 2.1269338130950928
117 	 1.9003994464874268
118 	 1.9764293432235718
119 	 1.9504680633544922
120 	 2.1635499000549316
121 	 2.3268706798553467
122 	 1.866480827331543
123 	 2.4461944103240967
124 	 2.056030750274658
125 	 2.0835611820220947
126 	 1.817771315574646
127 	 2.143864870071411
128 	 2.1555893421173096
129 	 2.0570669174194336
130 	 2.1325814723968506
131 	 2.160750150680542
132 	 1.837166666984558
133 	 1.9220293760299683
134 	 2.258315324783325
135 	 1.7220631837844849
136 	 2.2725653648376465
137 	 1.9701271057128906
138 	 1.9566621780395508
139 	 2.002300977706909
140 	 2.0941708087921143
141 	 2.1468124389648438
142 	 2.138031244277954
143 	 2.1290645599365234
144 	 2.1955461502075195
145 	 2.14559268951416
146 	 2.1579537391662598
147 	 2.382875680923462
148 	 2.349026679992676
149 	 2.2797627449035645
150 	 2.541990041732788
151 	 2.6017839908599854
152 	 2.3904688358306885
153 	 1.7771018743515015
154 	 1.8626937866210938
155 	 2.322596549987793
156 	 2.0968329906463623
157 	 1.9949305057525635
158 	 2.4763693809509277
159 	 2.603999376296997
160 	 2.1670944690704346
161 	 2.3762218952178955
162 	 2.805169105529785
163 	 2.8616671562194824
164 	 2.803736686706543
165 	 2.6634268760681152
166 	 2.793046236038208
167 	 3.0024960041046143
168 	 2.831017255783081
169 	 2.6309850215911865
170 	 2.707674264907837
171 	 2.8131189346313477
172 	 2.7154204845428467
173 	 2.6264638900756836
174 	 2.7246735095977783
175 	 2.645169973373413
176 	 2.593327283859253
177 	 2.56415057182312
178 	 2.20841383934021
179 	 2.669166326522827
180 	 2.4134743213653564
181 	 2.415928363800049
182 	 2.65507173538208
183 	 2.528486728668213
184 	 2.2757861614227295
185 	 2.1422462463378906
186 	 2.163142681121826
187 	 2.491058588027954
188 	 2.3879554271698
189 	 2.3352653980255127
190 	 2.5316457748413086
191 	 2.2351975440979004
192 	 2.196052074432373
193 	 2.267817497253418
194 	 2.505741834640503
195 	 2.3687968254089355
196 	 2.302546501159668
197 	 2.3480474948883057
198 	 2.3110404014587402
199 	 2.329580783843994
200 	 2.85184907913208
201 	 2.288867712020874
202 	 2.355721950531006
203 	 2.5398170948028564
204 	 2.718261480331421
205 	 2.430769681930542
206 	 2.093109130859375
207 	 2.092945098876953
208 	 2.2422354221343994
209 	 1.9378278255462646
210 	 2.25455379486084
211 	 2.2878661155700684
212 	 2.2166643142700195
213 	 1.945657730102539
214 	 2.2143561840057373
215 	 2.1023645401000977
216 	 2.0680482387542725
217 	 2.3614087104797363
218 	 2.587174654006958
219 	 3.0050647258758545
220 	 2.9896080493927
221 	 2.7678465843200684
222 	 2.798480272293091
223 	 2.806966543197632
224 	 2.755089044570923
225 	 2.727520704269409
226 	 2.871192455291748
227 	 2.7766788005828857
228 	 2.863433837890625
229 	 2.858157157897949
230 	 2.8149187564849854
231 	 2.6580991744995117
232 	 2.6965219974517822
233 	 2.7947041988372803
234 	 3.0764896869659424
235 	 2.527797222137451
236 	 2.820702075958252
237 	 2.7392470836639404
238 	 2.949103593826294
239 	 2.8282899856567383
240 	 2.8370423316955566
241 	 2.93422532081604
242 	 3.1036109924316406
243 	 2.842090129852295
244 	 2.6595914363861084
245 	 2.7538163661956787
246 	 2.717521905899048
247 	 2.629417896270752
248 	 2.941781520843506
249 	 3.023793935775757
250 	 2.7680487632751465
251 	 2.529263973236084
252 	 2.777672529220581
253 	 3.0072386264801025
254 	 2.5881309509277344
255 	 2.5527727603912354
256 	 2.517181158065796
257 	 2.634763717651367
258 	 2.4841067790985107
259 	 2.5411691665649414
260 	 2.646013021469116
261 	 2.446443796157837
262 	 2.432863473892212
263 	 2.116614580154419
264 	 2.056910276412964
265 	 2.2314469814300537
266 	 2.0619356632232666
267 	 2.1675992012023926
268 	 2.617288827896118
269 	 2.327665328979492
270 	 2.441035509109497
271 	 2.3681693077087402
272 	 2.2240679264068604
273 	 2.3411636352539062
274 	 2.6330478191375732
275 	 2.3764991760253906
276 	 2.615776538848877
277 	 2.40838623046875
278 	 2.428234577178955
279 	 2.312602996826172
280 	 2.6575005054473877
281 	 2.468632221221924
282 	 2.295776844024658
283 	 2.5647695064544678
284 	 2.460634708404541
285 	 2.343320608139038
286 	 2.4341766834259033
287 	 2.046039342880249
288 	 2.2920949459075928
289 	 2.0067636966705322
290 	 2.307668447494507
291 	 2.1098501682281494
292 	 2.2811577320098877
293 	 2.26169753074646
294 	 2.423469066619873
295 	 2.4563963413238525
296 	 2.387112855911255
297 	 2.5737826824188232
298 	 3.57011342048645
299 	 3.354876756668091
300 	 3.399705171585083
301 	 3.2771692276000977
302 	 3.584798574447632
303 	 3.4010233879089355
304 	 3.406391143798828
305 	 3.5210049152374268
306 	 3.179778575897217
307 	 3.130091428756714
308 	 2.7769041061401367
309 	 2.8554418087005615
310 	 2.7704827785491943
311 	 3.1860804557800293
312 	 2.7188880443573
313 	 2.5643415451049805
314 	 2.201739549636841
315 	 2.2617666721343994
316 	 2.1474263668060303
317 	 1.9775665998458862
318 	 2.113835573196411
319 	 1.8091315031051636
320 	 2.1982996463775635
321 	 1.8161919116973877
322 	 1.7411328554153442
323 	 2.1889069080352783
324 	 1.9811649322509766
325 	 2.1835522651672363
326 	 1.9879473447799683
327 	 1.6646896600723267
328 	 1.850961446762085
329 	 2.155120849609375
330 	 2.2133045196533203
331 	 2.047776699066162
332 	 2.1881566047668457
333 	 1.873529076576233
334 	 1.9824671745300293
335 	 2.0926947593688965
336 	 2.336742877960205
337 	 2.201242208480835
338 	 1.964059591293335
339 	 2.0384554862976074
340 	 2.045922040939331
341 	 2.062673330307007
342 	 1.984093189239502
343 	 2.1464521884918213
344 	 2.1875808238983154
345 	 2.2615966796875
346 	 2.159661293029785
347 	 2.1682629585266113
348 	 1.929657220840454
349 	 2.1509177684783936
350 	 1.9590693712234497
351 	 2.052293300628662
352 	 2.0096731185913086
353 	 2.013803482055664
354 	 2.3114988803863525
355 	 2.304459810256958
356 	 2.178719997406006
357 	 2.1374075412750244
358 	 2.1156766414642334
359 	 1.9601283073425293
360 	 2.0805866718292236
361 	 2.270143747329712
362 	 1.9447112083435059
363 	 2.1784801483154297
364 	 2.0789787769317627
365 	 2.05461049079895
366 	 1.9717105627059937
367 	 2.0104899406433105
368 	 2.2668261528015137
369 	 2.305206775665283
370 	 2.169506311416626
371 	 2.251883029937744
372 	 2.0688974857330322
373 	 2.108947992324829
374 	 2.384387254714966
375 	 2.4437968730926514
376 	 2.18678617477417
377 	 2.2350640296936035
378 	 2.288846969604492
379 	 2.149207830429077
380 	 2.253175973892212
381 	 2.276754140853882
382 	 2.215200424194336
383 	 2.351022481918335
384 	 2.3990581035614014
385 	 2.2773728370666504
386 	 2.2787482738494873
387 	 2.225367546081543
388 	 2.0513319969177246
389 	 2.092916250228882
390 	 1.9986335039138794
391 	 2.155526638031006
392 	 2.2115113735198975
393 	 2.5074374675750732
394 	 2.0658953189849854
395 	 2.150299072265625
396 	 2.0889666080474854
397 	 2.1249637603759766
398 	 2.337747812271118
399 	 2.2376601696014404
400 	 2.205267906188965
401 	 2.4383082389831543
402 	 2.465040445327759
403 	 2.2887895107269287
404 	 2.20994234085083
405 	 2.620624542236328
406 	 2.7416322231292725
407 	 2.3577494621276855
408 	 2.1186046600341797
409 	 2.157005548477173
410 	 2.182164430618286
411 	 2.203442335128784
412 	 2.0039570331573486
413 	 2.1453912258148193
414 	 2.169558048248291
415 	 2.0018205642700195
416 	 2.2529804706573486
417 	 2.148989677429199
418 	 2.195397138595581
419 	 2.112593412399292
420 	 2.161278009414673
421 	 2.2084269523620605
422 	 2.2688379287719727
423 	 2.2818689346313477
424 	 2.384262800216675
425 	 2.184290647506714
426 	 2.2753286361694336
427 	 2.125437021255493
428 	 2.1206915378570557
429 	 1.9668209552764893
430 	 2.1489527225494385
431 	 2.1678805351257324
432 	 2.226907253265381
433 	 2.265573024749756
434 	 2.2856342792510986
435 	 2.1979734897613525
436 	 2.348113536834717
437 	 2.2865989208221436
438 	 2.401829719543457
439 	 2.367138147354126
440 	 2.3426897525787354
441 	 2.5578205585479736
442 	 2.365429401397705
443 	 2.4551689624786377
444 	 2.5134963989257812
445 	 2.462245225906372
446 	 2.2271006107330322
447 	 2.34659743309021
448 	 2.203341484069824
449 	 2.241342306137085
450 	 2.130005359649658
451 	 2.2042973041534424
452 	 2.4318718910217285
453 	 2.3216753005981445
454 	 2.14509654045105
455 	 2.285111427307129
456 	 2.1423187255859375
457 	 2.223423480987549
458 	 2.222874164581299
459 	 2.3474977016448975
460 	 2.0669620037078857
461 	 2.1555840969085693
462 	 2.056814432144165
463 	 2.2259836196899414
464 	 2.1851439476013184
465 	 2.1085968017578125
466 	 2.1080968379974365
467 	 2.305575132369995
468 	 2.091395616531372
469 	 2.196685791015625
470 	 2.0258536338806152
471 	 2.038330078125
472 	 2.1737546920776367
473 	 2.412245273590088
474 	 2.2453773021698
475 	 2.013928174972534
476 	 2.169762134552002
477 	 2.1467058658599854
478 	 2.113696813583374
479 	 2.1611711978912354
480 	 2.1375248432159424
481 	 2.0800864696502686
482 	 2.0616977214813232
483 	 2.060594081878662
484 	 2.108558177947998
485 	 2.1102781295776367
486 	 2.043839454650879
487 	 2.338181257247925
488 	 2.1263554096221924
489 	 2.2139902114868164
490 	 2.225189208984375
491 	 2.286179542541504
492 	 2.476778268814087
493 	 2.184192657470703
494 	 2.2377235889434814
495 	 2.1447038650512695
496 	 2.5755062103271484
497 	 2.2740514278411865
498 	 2.2567145824432373
499 	 2.0173609256744385
500 	 2.0403528213500977
501 	 2.007296085357666
502 	 1.9623039960861206
503 	 2.1824238300323486
504 	 2.1732332706451416
505 	 2.230734348297119
506 	 2.130638360977173
507 	 2.291719675064087
508 	 2.5635902881622314
509 	 2.2611565589904785
510 	 2.2398862838745117
511 	 2.2968780994415283
512 	 2.326416254043579
513 	 2.2328059673309326
514 	 2.209836483001709
515 	 2.083150863647461
516 	 1.9308212995529175
517 	 2.1109280586242676
518 	 2.163623094558716
519 	 2.0671942234039307
520 	 2.348804473876953
521 	 2.1100428104400635
522 	 1.9974071979522705
523 	 2.383981466293335
524 	 2.2314345836639404
525 	 2.145376443862915
526 	 2.0095624923706055
527 	 1.9387186765670776
528 	 2.0871317386627197
529 	 2.281745672225952
530 	 2.0447068214416504
531 	 2.2667672634124756
532 	 2.2342023849487305
533 	 2.132327079772949
534 	 2.115220069885254
535 	 2.132797956466675
536 	 2.2526357173919678
537 	 2.1927247047424316
538 	 2.2247283458709717
539 	 2.137578248977661
540 	 2.0717592239379883
541 	 2.161594867706299
542 	 2.2371037006378174
543 	 1.9502590894699097
544 	 2.0943899154663086
545 	 2.115020990371704
546 	 2.0346806049346924
547 	 2.0726840496063232
548 	 2.310908555984497
549 	 2.4261720180511475
550 	 2.193870782852173
551 	 2.395754814147949
552 	 2.127624273300171
553 	 2.0565929412841797
554 	 2.0995280742645264
555 	 2.2401087284088135
556 	 2.0879971981048584
557 	 2.3257179260253906
558 	 2.0838019847869873
559 	 1.851226806640625
560 	 1.9479764699935913
561 	 2.263221025466919
562 	 1.9881842136383057
563 	 2.0325422286987305
564 	 2.179966449737549
565 	 2.001816511154175
566 	 2.0413835048675537
567 	 2.075314998626709
568 	 2.246896505355835
569 	 2.3561785221099854
570 	 2.474243402481079
571 	 2.0395421981811523
572 	 2.04287052154541
573 	 2.1994731426239014
574 	 2.0437886714935303
575 	 2.0020906925201416
576 	 2.3154566287994385
577 	 2.254211664199829
578 	 2.4109630584716797
579 	 2.3555197715759277
580 	 2.054612398147583
581 	 2.700011968612671
582 	 2.7199032306671143
583 	 2.313896894454956
584 	 2.825195074081421
585 	 2.2020699977874756
586 	 2.396282434463501
587 	 2.120633602142334
588 	 2.3543808460235596
589 	 2.0689048767089844
590 	 1.9657145738601685
591 	 2.049013376235962
592 	 2.0322980880737305
593 	 2.1443324089050293
594 	 1.9514198303222656
595 	 2.195195436477661
596 	 2.051002025604248
597 	 2.346919298171997
598 	 2.535888910293579
599 	 2.4959044456481934
600 	 2.2886085510253906
601 	 2.052539587020874
602 	 1.9275586605072021
603 	 1.8887088298797607
604 	 2.1388142108917236
605 	 2.0928001403808594
606 	 1.8633975982666016
607 	 1.952207326889038
608 	 2.1480581760406494
609 	 2.108088731765747
610 	 2.223757266998291
611 	 1.8501653671264648
612 	 1.9359782934188843
613 	 1.90053129196167
614 	 2.1587893962860107
615 	 2.0651607513427734
616 	 2.0932600498199463
617 	 2.238521099090576
618 	 2.18843674659729
619 	 2.113589286804199
620 	 2.2409467697143555
621 	 2.2858176231384277
622 	 2.3198814392089844
623 	 2.070675849914551
624 	 1.9574384689331055
625 	 2.225775957107544
626 	 2.0758068561553955
627 	 2.217111349105835
628 	 2.116206645965576
629 	 1.9750916957855225
630 	 2.2758069038391113
631 	 2.175208568572998
632 	 2.355232000350952
633 	 2.1295580863952637
634 	 1.9662785530090332
635 	 2.078258752822876
636 	 2.2559077739715576
637 	 2.111238479614258
638 	 2.1147961616516113
639 	 2.0941104888916016
640 	 2.0774152278900146
641 	 2.1811881065368652
642 	 2.18603253364563
643 	 2.099724292755127
644 	 2.109475612640381
645 	 2.2916419506073
646 	 1.953670620918274
647 	 1.9234298467636108
648 	 1.936887502670288
649 	 2.1383118629455566
650 	 1.9971328973770142
651 	 1.9219999313354492
652 	 2.100010395050049
653 	 1.9731301069259644
654 	 2.178537368774414
655 	 2.2228829860687256
656 	 2.2670459747314453
657 	 2.2726519107818604
658 	 2.3613572120666504
659 	 2.023916721343994
660 	 2.2946438789367676
661 	 2.0350000858306885
662 	 2.0200321674346924
663 	 2.2898709774017334
664 	 2.2412452697753906
665 	 2.293405294418335
666 	 2.37127423286438
667 	 2.2335171699523926
668 	 2.1949214935302734
669 	 2.423504590988159
670 	 2.154902696609497
671 	 2.272946834564209
672 	 2.1373214721679688
673 	 2.2202603816986084
674 	 2.1423420906066895
675 	 2.1668269634246826
676 	 2.199796199798584
677 	 2.048456907272339
678 	 2.214080333709717
679 	 2.3126139640808105
680 	 2.0956637859344482
681 	 2.1790499687194824
682 	 2.079451084136963
683 	 2.160243511199951
684 	 2.122953414916992
685 	 2.1869263648986816
686 	 2.1895852088928223
687 	 2.1452581882476807
688 	 2.3578131198883057
689 	 2.367246389389038
690 	 2.3015594482421875
691 	 2.275718927383423
692 	 2.000211238861084
693 	 2.1665050983428955
694 	 2.089679718017578
695 	 2.0541698932647705
696 	 2.019205093383789
697 	 2.1392805576324463
698 	 2.0150411128997803
699 	 1.9270731210708618
700 	 2.0694148540496826
701 	 2.065992832183838
702 	 2.3949265480041504
703 	 2.1087253093719482
704 	 2.0486133098602295
705 	 2.034942626953125
706 	 2.10416316986084
707 	 2.149961233139038
708 	 2.1137125492095947
709 	 2.38124942779541
710 	 2.296645402908325
711 	 2.091752052307129
712 	 1.8888146877288818
713 	 2.1722960472106934
714 	 2.130148410797119
715 	 2.466782569885254
716 	 2.4113895893096924
717 	 2.0251524448394775
718 	 2.051396369934082
719 	 2.044462203979492
720 	 2.1718459129333496
721 	 2.1110923290252686
722 	 2.0225107669830322
723 	 2.2541520595550537
724 	 2.0459790229797363
725 	 2.209176540374756
726 	 2.136714220046997
727 	 2.2544264793395996
728 	 2.4067561626434326
729 	 2.310857057571411
730 	 2.1821272373199463
731 	 2.1529059410095215
732 	 2.0155556201934814
733 	 2.0880000591278076
734 	 2.2139742374420166
735 	 2.0003206729888916
736 	 2.074955701828003
737 	 1.9895308017730713
738 	 2.5887773036956787
739 	 2.226292848587036
740 	 2.2061679363250732
741 	 2.1726136207580566
742 	 2.178450584411621
743 	 2.1044914722442627
744 	 2.0741987228393555
745 	 2.1678688526153564
746 	 2.2750940322875977
747 	 2.1119863986968994
748 	 2.143622875213623
749 	 2.091336488723755
750 	 2.2935702800750732
751 	 2.2647545337677
752 	 2.1029491424560547
753 	 2.129025459289551
754 	 2.1454849243164062
755 	 2.045933961868286
756 	 2.198643445968628
757 	 2.168073892593384
758 	 2.0427770614624023
759 	 2.0139570236206055
760 	 2.117269515991211
761 	 2.0964033603668213
762 	 2.138301372528076
763 	 1.9801188707351685
764 	 1.9791761636734009
765 	 1.9934643507003784
766 	 1.9790931940078735
767 	 2.280116319656372
768 	 1.9840868711471558
769 	 2.284233331680298
770 	 2.3147988319396973
771 	 2.2725956439971924
772 	 2.4379560947418213
773 	 2.2458808422088623
774 	 2.178931951522827
775 	 2.147249937057495
776 	 2.2791905403137207
777 	 2.2023568153381348
778 	 2.4307632446289062
779 	 2.105872869491577
780 	 2.0328028202056885
781 	 2.1549201011657715
782 	 2.132967472076416
783 	 2.0909974575042725
784 	 2.206359386444092
785 	 2.1332030296325684
786 	 1.9578155279159546
787 	 2.1124510765075684
788 	 2.065333843231201
789 	 2.1503946781158447
790 	 2.145815849304199
791 	 2.1446571350097656
792 	 2.466442823410034
793 	 2.4415652751922607
794 	 2.45223331451416
795 	 2.2364704608917236
796 	 2.2477047443389893
797 	 2.2158427238464355
798 	 2.286973237991333
799 	 2.4331963062286377
800 	 2.164318799972534
801 	 2.3079211711883545
802 	 2.0987191200256348
803 	 2.091367244720459
804 	 2.1645619869232178
805 	 2.0462191104888916
806 	 2.044480562210083
807 	 2.0527055263519287
808 	 2.1568875312805176
809 	 2.2327663898468018
810 	 2.340405225753784
811 	 2.0593714714050293
812 	 2.104257822036743
813 	 2.037357807159424
814 	 2.325913190841675
815 	 2.3810770511627197
816 	 2.3067681789398193
817 	 2.3486194610595703
818 	 2.1656477451324463
819 	 2.135016918182373
820 	 2.4235386848449707
821 	 2.0647451877593994
822 	 2.2662501335144043
823 	 2.131448268890381
824 	 2.163623094558716
825 	 2.5405941009521484
826 	 2.2910590171813965
827 	 2.3067760467529297
828 	 2.197589635848999
829 	 2.4001100063323975
830 	 2.2689406871795654
831 	 2.456383228302002
832 	 2.418443202972412
833 	 2.201847553253174
834 	 2.1302292346954346
835 	 2.1908810138702393
836 	 2.214125156402588
837 	 2.2168915271759033
838 	 2.274221658706665
839 	 2.2185487747192383
840 	 2.20302152633667
841 	 2.2267515659332275
842 	 2.1521124839782715
843 	 2.130716562271118
844 	 2.1394364833831787
845 	 2.242125988006592
846 	 2.220768690109253
847 	 2.089378833770752
848 	 2.129448413848877
849 	 2.293783664703369
850 	 2.095329999923706
851 	 2.2032246589660645
852 	 2.2322258949279785
853 	 2.139362335205078
854 	 2.2284958362579346
855 	 2.267451763153076
856 	 2.210592746734619
857 	 2.1615142822265625
858 	 2.469860553741455
859 	 2.4477803707122803
860 	 2.3298394680023193
861 	 2.3831496238708496
862 	 2.255570650100708
863 	 2.2349846363067627
864 	 2.026543140411377
865 	 2.193347692489624
866 	 2.1749777793884277
867 	 2.3615851402282715
868 	 2.4648234844207764
869 	 2.3325302600860596
870 	 2.2597739696502686
871 	 2.307305097579956
872 	 2.109302282333374
873 	 2.2134017944335938
874 	 2.3241074085235596
875 	 2.004626512527466
876 	 2.052555799484253
877 	 1.9984596967697144
878 	 2.0043978691101074
879 	 2.291731595993042
880 	 2.4129719734191895
881 	 2.3502533435821533
882 	 2.153272867202759
883 	 2.044583797454834
884 	 2.167504072189331
885 	 1.9896397590637207
886 	 1.9861079454421997
887 	 2.019745349884033
888 	 2.6388015747070312
889 	 2.1957027912139893
890 	 2.402864694595337
891 	 2.23478102684021
892 	 2.4816019535064697
893 	 2.278911828994751
894 	 2.1793835163116455
895 	 2.235140800476074
896 	 2.6171984672546387
897 	 2.304424524307251
898 	 2.079646110534668
899 	 2.178574800491333
900 	 2.1914045810699463
901 	 2.2511889934539795
902 	 2.496737241744995
903 	 2.3200368881225586
904 	 2.3100006580352783
905 	 1.9758121967315674
906 	 2.331932544708252
907 	 2.4656448364257812
908 	 2.0779879093170166
909 	 2.2224814891815186
910 	 2.069338798522949
911 	 1.9938979148864746
912 	 1.9839434623718262
913 	 2.1615359783172607
914 	 2.0042331218719482
915 	 2.1437623500823975
916 	 2.117156982421875
917 	 2.3272130489349365
918 	 2.105820417404175
919 	 2.1526567935943604
920 	 2.1042206287384033
921 	 2.118401288986206
922 	 2.2572309970855713
923 	 2.073302984237671
924 	 2.142594814300537
925 	 2.183615207672119
926 	 2.0597665309906006
927 	 2.220935344696045
928 	 2.4923436641693115
929 	 2.099385976791382
930 	 1.9637424945831299
931 	 2.0782642364501953
932 	 2.0118491649627686
933 	 2.1375510692596436
934 	 2.2438433170318604
935 	 2.0527288913726807
936 	 2.1037349700927734
937 	 2.11959171295166
938 	 2.097216844558716
939 	 2.4431161880493164
940 	 2.1259329319000244
941 	 2.2313361167907715
942 	 2.3419406414031982
943 	 2.031297445297241
944 	 2.1734023094177246
945 	 2.0485403537750244
946 	 2.120496988296509
947 	 1.9697284698486328
948 	 2.0970845222473145
949 	 1.9897346496582031
950 	 2.0195508003234863
951 	 2.048497438430786
952 	 2.1325061321258545
953 	 2.111572742462158
954 	 2.1113498210906982
955 	 2.028719663619995
956 	 2.1436476707458496
957 	 2.203251838684082
958 	 2.1454110145568848
959 	 1.9807919263839722
960 	 2.1366686820983887
961 	 2.1791069507598877
962 	 2.208805561065674
963 	 2.136570692062378
964 	 2.299522876739502
965 	 2.2230918407440186
966 	 2.1622161865234375
967 	 2.2834482192993164
968 	 2.276822805404663
969 	 2.2692391872406006
970 	 2.157378673553467
971 	 2.1935319900512695
972 	 2.1812517642974854
973 	 2.1102030277252197
974 	 2.1278586387634277
975 	 1.9533522129058838
976 	 2.1640892028808594
977 	 2.2164320945739746
978 	 2.221524477005005
979 	 2.044261932373047
980 	 2.0738613605499268
981 	 2.0255866050720215
982 	 1.9544306993484497
983 	 2.0038414001464844
984 	 2.135708808898926
985 	 2.2081997394561768
986 	 2.173217535018921
987 	 2.233609676361084
988 	 2.303243637084961
989 	 2.3615379333496094
990 	 2.2565908432006836
991 	 2.2648062705993652
992 	 2.440627336502075
993 	 2.150895357131958
994 	 2.261592388153076
995 	 2.358557939529419
996 	 2.0524256229400635
997 	 2.0352535247802734
998 	 2.2012104988098145
999 	 2.078568696975708
1000 	 2.4922118186950684
1001 	 2.3610005378723145
1002 	 2.2092931270599365
1003 	 2.246307134628296
1004 	 2.197920083999634
1005 	 2.280379295349121
1006 	 2.220228910446167
1007 	 2.190763235092163
1008 	 2.1150805950164795
1009 	 2.122638702392578
1010 	 2.064600706100464
1011 	 2.3644258975982666
1012 	 2.260296583175659
1013 	 2.2138261795043945
1014 	 2.132852792739868
1015 	 2.212440013885498
1016 	 2.0541367530822754
1017 	 2.121056318283081
1018 	 2.099080801010132
1019 	 2.0281431674957275
1020 	 2.24654483795166
1021 	 2.2106690406799316
1022 	 2.2059643268585205
1023 	 2.216886281967163
1024 	 2.3733651638031006
1025 	 2.3326199054718018
1026 	 2.261686325073242
1027 	 2.237466812133789
1028 	 2.089477777481079
1029 	 1.920309066772461
1030 	 2.1907787322998047
1031 	 2.360786199569702
1032 	 2.1895763874053955
1033 	 2.0768189430236816
1034 	 2.214545488357544
1035 	 2.281099319458008
1036 	 2.2284951210021973
1037 	 2.2065978050231934
1038 	 2.0538265705108643
1039 	 1.975182294845581
1040 	 2.2365124225616455
1041 	 2.2159407138824463
1042 	 2.049675941467285
1043 	 2.2641232013702393
1044 	 2.1782009601593018
1045 	 2.1069893836975098
1046 	 2.1988909244537354
1047 	 2.0547382831573486
1048 	 2.1648175716400146
1049 	 2.2255661487579346
1050 	 2.3792576789855957
1051 	 2.0858654975891113
1052 	 2.157299280166626
1053 	 2.0882036685943604
1054 	 2.235760450363159
1055 	 2.2015020847320557
1056 	 2.180478811264038
1057 	 2.2741246223449707
1058 	 2.120541572570801
1059 	 2.085627555847168
1060 	 2.075718402862549
1061 	 2.2714574337005615
1062 	 2.1037635803222656
1063 	 1.9851248264312744
1064 	 2.0512783527374268
1065 	 2.169254779815674
1066 	 2.146195888519287
1067 	 2.2508273124694824
1068 	 2.1634438037872314
1069 	 2.313296318054199
1070 	 2.1681103706359863
1071 	 2.212379217147827
1072 	 2.1846508979797363
1073 	 2.148165702819824
1074 	 2.3804779052734375
1075 	 2.0114591121673584
1076 	 1.9509589672088623
1077 	 2.0784997940063477
1078 	 2.1752262115478516
1079 	 2.033815860748291
1080 	 2.564423084259033
1081 	 2.442070484161377
1082 	 2.6263413429260254
1083 	 2.2816803455352783
1084 	 2.58259916305542
1085 	 2.5045664310455322
1086 	 2.516072988510132
1087 	 2.032555341720581
1088 	 1.9513380527496338
1089 	 2.0474326610565186
1090 	 2.167515993118286
1091 	 2.3480024337768555
1092 	 2.312074661254883
1093 	 2.139132261276245
1094 	 2.0151150226593018
1095 	 2.117382526397705
1096 	 2.3366780281066895
1097 	 2.189317226409912
1098 	 2.3314414024353027
1099 	 2.1492204666137695
1100 	 2.3303728103637695
1101 	 2.197051525115967
1102 	 2.133931875228882
1103 	 2.242144823074341
1104 	 2.2082014083862305
1105 	 1.8891295194625854
1106 	 2.2247891426086426
1107 	 2.4377124309539795
1108 	 2.384491205215454
1109 	 2.282119035720825
1110 	 2.1020429134368896
1111 	 1.9832282066345215
1112 	 2.3074638843536377
1113 	 2.045363426208496
1114 	 2.0158050060272217
1115 	 2.094835042953491
1116 	 2.2354254722595215
1117 	 2.3075053691864014
1118 	 2.0370471477508545
1119 	 2.1033661365509033
1120 	 2.040095806121826
1121 	 2.2708864212036133
1122 	 2.125650644302368
1123 	 2.344784736633301
1124 	 2.2115752696990967
1125 	 2.1285407543182373
1126 	 2.0733790397644043
1127 	 2.0737192630767822
1128 	 2.0462520122528076
1129 	 2.015302896499634
1130 	 2.2369723320007324
1131 	 2.1394574642181396
1132 	 2.191276788711548
1133 	 2.24017071723938
1134 	 2.09761118888855
1135 	 2.1574525833129883
1136 	 2.1605477333068848
1137 	 2.0971410274505615
1138 	 2.079754114151001
1139 	 1.983332872390747
1140 	 2.03139591217041
1141 	 1.9944721460342407
1142 	 2.0685532093048096
1143 	 2.1921298503875732
1144 	 2.4421846866607666
1145 	 2.1106743812561035
1146 	 2.1225593090057373
1147 	 1.936197280883789
1148 	 2.1394236087799072
1149 	 2.1419425010681152
1150 	 2.149381637573242
1151 	 2.297013998031616
1152 	 2.4441258907318115
1153 	 2.088071823120117
1154 	 2.042330026626587
1155 	 2.15482759475708
1156 	 2.1611831188201904
1157 	 2.154850721359253
1158 	 2.1671712398529053
1159 	 2.3024086952209473
1160 	 2.2651407718658447
1161 	 2.3695130348205566
1162 	 2.381291151046753
1163 	 2.3275201320648193
1164 	 2.285313367843628
1165 	 2.3097100257873535
1166 	 2.1654675006866455
1167 	 2.197098731994629
1168 	 2.314419746398926
1169 	 2.1394972801208496
1170 	 2.047140121459961
1171 	 2.2011845111846924
1172 	 2.1090970039367676
1173 	 2.1459460258483887
1174 	 2.201996088027954
1175 	 2.1632721424102783
1176 	 2.2109005451202393
1177 	 2.2253329753875732
1178 	 2.1490299701690674
1179 	 1.9285900592803955
1180 	 2.0184085369110107
1181 	 1.9675263166427612
1182 	 2.1353652477264404
1183 	 2.088719367980957
1184 	 2.021634578704834
1185 	 2.059351682662964
1186 	 2.0445594787597656
1187 	 1.9729417562484741
1188 	 2.0064752101898193
1189 	 2.091947555541992
1190 	 2.14387845993042
1191 	 2.0049057006835938
1192 	 2.206587314605713
1193 	 2.05271577835083
1194 	 2.092066764831543
1195 	 2.073416233062744
1196 	 2.189689874649048
1197 	 2.030100107192993
1198 	 1.999127745628357
1199 	 1.9289456605911255
1200 	 1.827101230621338
1201 	 2.180406093597412
1202 	 2.007683277130127
1203 	 2.005444049835205
1204 	 2.0799543857574463
1205 	 2.093029737472534
1206 	 2.066226005554199
1207 	 2.2140591144561768
1208 	 2.28615665435791
1209 	 2.0983011722564697
1210 	 2.205892562866211
1211 	 2.1873679161071777
1212 	 2.126725673675537
1213 	 2.156233787536621
1214 	 2.1391711235046387
1215 	 2.3243629932403564
1216 	 2.214653730392456
1217 	 2.2242629528045654
1218 	 2.4106156826019287
1219 	 2.540088415145874
1220 	 2.460171699523926
1221 	 2.452937126159668
1222 	 2.540811777114868
1223 	 2.296621799468994
1224 	 2.2925052642822266
1225 	 2.2286341190338135
1226 	 1.9558098316192627
1227 	 2.1181485652923584
1228 	 2.1213722229003906
1229 	 2.203083038330078
1230 	 2.1857354640960693
1231 	 2.145995616912842
1232 	 2.047569751739502
1233 	 2.071408748626709
1234 	 2.0706257820129395
1235 	 2.241060733795166
1236 	 2.372955560684204
1237 	 2.296982765197754
1238 	 2.2318837642669678
1239 	 2.147608757019043
1240 	 2.2351880073547363
1241 	 2.386165142059326
1242 	 2.7385880947113037
1243 	 2.5476112365722656
1244 	 2.505094051361084
1245 	 2.548145055770874
1246 	 2.5058481693267822
1247 	 2.568655490875244
1248 	 2.6313440799713135
1249 	 2.337979316711426
