Frame	Cys_S	TRP4	TRP5	TRP6
0	1	0	0	1
1	1	0	0	1
2	1	0	0	1
3	1	0	0	1
4	1	0	0	1
5	1	0	0	1
6	1	0	0	1
7	1	0	0	1
8	1	0	0	1
9	1	0	0	1
10	1	0	0	1
11	1	0	0	1
12	1	0	0	1
13	1	0	0	1
14	1	0	0	1
15	1	0	0	1
16	1	0	0	1
17	1	0	0	1
18	1	0	0	1
19	1	0	0	1
20	1	0	0	1
21	1	0	0	1
22	1	0	0	1
23	1	0	0	1
24	1	0	0	1
25	1	0	0	1
26	1	0	0	1
27	1	0	0	1
28	1	0	0	1
29	1	0	0	1
30	1	0	0	1
31	1	0	0	1
32	1	0	0	1
33	1	0	0	1
34	1	0	0	1
35	1	0	0	1
36	1	0	0	1
37	1	0	0	1
38	1	0	0	1
39	1	0	0	1
40	0	0	0	1
41	1	0	0	1
42	1	0	0	1
43	1	0	0	1
44	1	0	0	1
45	1	0	0	1
46	1	0	0	1
47	1	0	0	1
48	1	0	0	1
49	1	0	0	1
50	1	0	0	1
51	1	0	0	1
52	1	0	0	1
53	0	0	0	1
54	1	0	0	1
55	1	0	0	1
56	1	0	0	1
57	1	0	0	1
58	1	0	0	1
59	1	0	0	1
60	1	0	0	1
61	1	0	0	1
62	1	0	0	1
63	1	0	0	1
64	1	0	0	1
65	1	0	0	1
66	1	0	0	1
67	1	0	0	1
68	1	0	0	1
69	1	0	0	1
70	1	0	0	1
71	1	0	0	1
72	1	0	0	1
73	1	0	0	1
74	1	0	0	1
75	1	0	0	1
76	1	0	0	1
77	1	0	0	1
78	1	0	0	1
79	1	0	0	1
80	1	0	0	1
81	1	0	0	1
82	1	0	0	1
83	1	0	0	1
84	1	0	0	1
85	1	0	0	1
86	1	0	0	1
87	1	0	0	1
88	1	0	0	1
89	1	0	0	1
90	1	0	0	1
91	1	0	0	1
92	1	0	0	1
93	1	0	0	1
94	1	0	0	1
95	1	0	0	1
96	1	0	0	1
97	1	0	0	1
98	1	0	0	1
99	1	0	0	1
100	1	0	0	1
101	0	0	0	1
102	1	0	0	1
103	1	0	0	1
104	1	0	0	1
105	1	0	0	1
106	1	0	0	1
107	1	0	0	1
108	1	0	0	1
109	1	0	0	1
110	1	0	0	1
111	1	0	0	1
112	1	0	0	1
113	1	0	0	1
114	1	0	0	1
115	0	0	0	1
116	1	0	0	1
117	1	0	0	1
118	1	0	0	1
119	1	0	0	1
120	1	0	0	1
121	1	0	0	1
122	1	0	0	1
123	0	0	0	1
124	1	0	0	1
125	1	0	0	1
126	1	0	0	1
127	1	0	0	1
128	1	0	0	1
129	1	0	0	1
130	1	0	0	1
131	1	0	0	1
132	1	0	0	1
133	1	0	0	1
134	1	0	0	1
135	1	0	0	1
136	1	0	0	1
137	1	0	0	1
138	1	0	0	1
139	1	0	0	1
140	1	0	0	1
141	1	0	0	1
142	1	0	0	1
143	1	0	0	1
144	1	0	0	1
145	1	0	0	1
146	1	0	0	1
147	1	0	0	1
148	1	0	0	1
149	1	0	0	1
150	1	0	0	1
151	1	0	0	1
152	1	0	0	1
153	1	0	0	1
154	1	0	0	1
155	1	0	0	1
156	1	0	0	1
157	1	0	0	1
158	1	0	0	1
159	1	0	0	1
160	1	0	0	1
161	1	0	0	1
162	1	0	0	1
163	1	0	0	1
164	1	0	0	1
165	1	0	0	1
166	1	0	0	1
167	1	0	0	1
168	1	0	0	1
169	1	0	0	1
170	1	0	0	1
171	1	0	0	1
172	1	0	0	1
173	1	0	0	1
174	1	0	0	1
175	1	0	0	1
176	1	0	0	1
177	1	0	0	1
178	1	0	0	1
179	1	0	0	1
180	1	0	0	1
181	1	0	0	1
182	1	0	0	1
183	1	0	0	1
184	1	0	0	1
185	1	0	0	1
186	1	0	0	1
187	1	0	0	1
188	1	0	0	1
189	1	0	0	1
190	1	0	0	1
191	1	0	0	1
192	1	0	0	1
193	1	0	0	1
194	1	0	0	1
195	1	0	0	1
196	1	0	0	1
197	1	0	0	1
198	1	0	0	1
199	1	0	0	1
200	1	0	0	1
201	1	0	0	1
202	1	0	0	1
203	1	0	0	1
204	1	0	0	1
205	1	0	0	1
206	1	0	0	1
207	1	0	0	1
208	1	0	0	1
209	1	0	0	1
210	1	0	0	1
211	1	0	0	1
212	1	0	0	1
213	1	0	0	1
214	1	0	0	1
215	1	0	0	1
216	1	0	0	1
217	1	0	0	1
218	1	0	0	1
219	1	0	0	1
220	1	0	0	1
221	1	0	0	1
222	1	0	0	1
223	1	0	0	1
224	1	0	0	1
225	1	0	0	1
226	1	0	0	1
227	1	0	0	1
228	1	0	0	1
229	1	0	0	1
230	1	0	0	1
231	1	0	0	1
232	1	0	0	1
233	1	0	0	1
234	1	0	0	1
235	1	0	0	1
236	0	0	0	1
237	1	0	0	1
238	1	0	0	1
239	0	0	0	1
240	1	0	0	1
241	1	0	0	1
242	1	0	0	1
243	1	0	0	1
244	1	0	0	1
245	1	0	0	1
246	1	0	0	1
247	1	0	0	1
248	1	0	0	1
249	1	0	0	1
250	1	0	0	1
251	1	0	0	1
252	1	0	0	1
253	1	0	0	1
254	0	0	0	1
255	1	0	0	1
256	1	0	0	1
257	1	0	0	1
258	1	0	0	1
259	1	0	0	1
260	1	0	0	1
261	1	0	0	1
262	0	0	0	1
263	1	0	0	1
264	1	0	0	1
265	1	0	0	1
266	1	0	0	1
267	1	0	0	1
268	1	0	0	1
269	1	0	0	1
270	1	0	0	1
271	1	0	0	1
272	1	0	0	1
273	1	0	0	1
274	1	0	0	1
275	1	0	0	1
276	1	0	0	1
277	1	0	0	1
278	1	0	0	1
279	1	0	0	1
280	1	0	0	1
281	1	0	0	1
282	1	0	0	1
283	0	0	0	1
284	1	0	0	1
285	1	0	0	1
286	1	0	0	1
287	1	0	0	1
288	1	0	0	1
289	1	0	0	1
290	1	0	0	1
291	1	0	0	1
292	1	0	0	1
293	1	0	0	1
294	1	0	0	1
295	1	0	0	1
296	1	0	0	1
297	1	0	0	1
298	1	0	0	1
299	1	0	0	1
300	1	0	0	1
301	0	0	0	1
302	1	0	0	1
303	1	0	0	1
304	1	0	0	1
305	1	0	0	1
306	1	0	0	1
307	1	0	0	1
308	1	0	0	1
309	1	0	0	1
310	1	0	0	1
311	1	0	0	1
312	1	0	0	1
313	1	0	0	1
314	1	0	0	1
315	1	0	0	1
316	1	0	0	1
317	1	0	0	1
318	1	0	0	1
319	1	0	0	1
320	1	0	0	1
321	1	0	0	1
322	1	0	0	1
323	1	0	0	1
324	1	0	0	1
325	1	0	0	1
326	1	0	0	1
327	1	0	0	1
328	1	0	0	1
329	1	0	0	1
330	1	0	0	1
331	1	0	0	1
332	1	0	0	1
333	1	0	0	1
334	1	0	0	1
335	1	0	0	1
336	1	0	0	1
337	1	0	0	1
338	1	0	0	1
339	1	0	0	1
340	1	0	0	1
341	1	0	0	1
342	0	0	0	1
343	1	0	0	1
344	1	0	0	1
345	1	0	0	1
346	0	0	0	1
347	0	0	0	1
348	0	0	0	1
349	1	0	0	1
350	0	0	0	1
351	0	0	0	1
352	0	0	0	1
353	0	0	0	1
354	0	0	0	1
355	0	0	0	1
356	1	0	0	0
357	0	0	0	1
358	0	0	0	1
359	0	0	0	1
360	0	0	0	1
361	0	0	0	1
362	0	0	0	1
363	0	0	0	1
364	0	0	0	1
365	0	0	0	1
366	0	0	0	1
367	0	0	0	1
368	0	0	0	1
369	0	0	0	1
370	0	0	0	0
371	0	0	0	1
372	0	0	0	1
373	0	0	0	1
374	0	0	0	1
375	0	0	0	1
376	0	0	0	1
377	0	0	0	1
378	0	0	0	1
379	0	0	0	1
380	0	0	0	1
381	0	0	0	1
382	0	0	0	1
383	0	0	0	1
384	0	0	0	1
385	0	0	0	1
386	0	0	0	1
387	0	0	0	1
388	0	0	0	1
389	0	0	0	1
390	0	0	0	1
391	0	0	0	1
392	0	0	0	1
393	0	0	0	1
394	0	0	0	1
395	0	0	0	1
396	0	0	0	1
397	0	0	0	1
398	0	0	0	1
399	0	0	0	1
400	0	0	0	1
401	0	0	0	1
402	0	0	0	1
403	0	0	0	1
404	0	0	0	1
405	0	0	0	1
406	0	0	0	1
407	0	0	0	1
408	0	0	0	1
409	0	0	0	1
410	0	0	0	1
411	0	0	0	1
412	0	0	0	1
413	0	0	0	1
414	0	0	0	1
415	0	0	0	1
416	1	0	0	1
417	1	0	0	1
418	1	0	0	1
419	1	0	0	1
420	1	0	0	1
421	1	0	0	1
422	1	0	0	1
423	1	0	0	1
424	1	0	0	1
425	1	0	0	1
426	1	0	0	1
427	1	0	0	1
428	1	0	0	1
429	1	0	0	1
430	1	0	0	1
431	1	0	0	1
432	1	0	0	1
433	1	0	0	1
434	1	0	0	1
435	1	0	0	1
436	1	0	0	1
437	1	0	0	1
438	1	0	0	1
439	1	0	0	1
440	0	0	0	1
441	1	0	0	1
442	1	0	0	1
443	1	0	0	1
444	1	0	0	1
445	1	0	0	1
446	1	0	0	1
447	1	0	0	1
448	1	0	0	1
449	1	0	0	1
450	1	0	0	1
451	1	0	0	1
452	1	0	0	1
453	1	0	0	1
454	1	0	0	1
455	1	0	0	1
456	1	0	0	1
457	1	0	0	1
458	1	0	0	1
459	1	0	0	1
460	1	0	0	1
461	1	0	0	1
462	1	0	0	1
463	1	0	0	1
464	0	0	0	1
465	1	0	0	1
466	1	0	0	1
467	1	0	0	1
468	1	0	0	1
469	1	0	0	1
470	1	0	0	1
471	0	0	0	0
472	1	0	0	1
473	0	0	0	1
474	0	0	0	1
475	0	0	0	1
476	0	0	0	1
477	0	0	0	1
478	0	0	0	1
479	0	0	0	1
480	0	0	0	1
481	0	0	0	1
482	0	0	0	1
483	0	0	0	1
484	0	0	0	1
485	0	0	0	1
486	0	0	0	1
487	0	0	0	1
488	0	0	0	1
489	0	0	0	1
490	0	0	0	1
491	0	0	0	1
492	0	0	0	0
493	0	0	0	1
494	0	0	0	1
495	0	0	0	1
496	0	0	0	1
497	0	0	0	1
498	0	0	0	1
499	0	0	0	1
500	0	0	0	1
501	0	0	0	1
502	0	0	0	1
503	0	0	0	1
504	0	0	0	1
505	0	0	0	1
506	0	0	0	1
507	0	0	0	1
508	0	0	0	1
509	0	0	0	1
510	0	0	0	1
511	0	0	0	1
512	0	0	0	1
513	0	0	0	1
514	0	0	0	1
515	0	0	0	1
516	0	0	0	1
517	0	0	0	1
518	0	0	0	1
519	0	0	0	1
520	0	0	0	1
521	0	0	0	1
522	0	0	0	1
523	0	0	0	1
524	0	0	0	1
525	0	0	0	1
526	0	0	0	1
527	0	0	0	1
528	0	0	0	1
529	0	0	0	1
530	0	0	0	1
531	0	0	0	1
532	0	0	0	1
533	0	0	0	1
534	0	0	0	1
535	0	0	0	1
536	0	0	0	1
537	0	0	0	1
538	0	0	0	1
539	0	0	0	1
540	0	0	0	1
541	0	0	0	1
542	0	0	0	1
543	0	0	0	1
544	0	0	0	1
545	0	0	0	1
546	0	0	0	1
547	0	0	0	1
548	0	0	0	1
549	0	0	0	1
550	0	0	0	1
551	0	0	0	1
552	0	0	0	1
553	0	0	0	1
554	0	0	0	1
555	0	0	0	1
556	0	0	0	1
557	0	0	0	1
558	0	0	0	1
559	0	0	0	1
560	1	0	0	1
561	1	0	0	1
562	1	0	0	1
563	0	0	0	1
564	0	0	0	1
565	1	0	0	1
566	0	0	0	1
567	1	0	0	1
568	1	0	0	1
569	1	0	0	1
570	0	0	0	1
571	1	0	0	1
572	1	0	0	1
573	0	0	0	1
574	1	0	0	1
575	1	0	0	1
576	1	0	0	1
577	0	0	0	1
578	0	0	0	1
579	0	0	0	1
580	0	0	0	1
581	0	0	0	0
582	0	0	0	0
583	0	0	0	0
584	0	0	0	0
585	0	0	0	0
586	0	0	0	0
587	0	0	0	0
588	0	0	0	0
589	0	0	0	0
590	0	0	0	0
591	0	0	0	0
592	0	0	0	0
593	0	0	0	0
594	0	0	0	0
595	0	0	0	0
596	0	0	0	0
597	0	0	0	0
598	0	0	0	0
599	0	0	0	0
600	0	0	0	0
601	0	0	0	0
602	0	0	0	0
603	0	0	0	0
604	0	0	0	0
605	0	0	0	0
606	0	0	0	0
607	1	0	0	1
608	1	0	0	1
609	0	0	0	0
610	0	0	0	0
611	0	0	0	0
612	0	0	0	0
613	0	0	0	0
614	0	0	0	0
615	0	0	0	0
616	0	0	0	0
617	0	0	0	0
618	0	0	0	0
619	0	0	0	0
620	0	0	0	0
621	0	0	0	0
622	0	0	0	0
623	0	0	0	0
624	0	0	0	0
625	0	0	0	0
626	0	0	0	0
627	0	0	0	0
628	0	0	0	0
629	0	0	0	0
630	0	0	0	0
631	0	0	0	0
632	0	0	0	0
633	0	0	0	0
634	1	0	0	1
635	1	0	0	1
636	1	0	0	1
637	0	0	0	1
638	1	0	0	1
639	1	0	0	1
640	1	0	0	1
641	1	0	0	1
642	1	0	0	1
643	1	0	0	1
644	1	0	0	1
645	1	0	0	1
646	1	0	0	1
647	1	0	0	1
648	1	0	0	1
649	1	0	0	1
650	1	0	0	1
651	1	0	0	1
652	1	0	0	1
653	1	0	0	1
654	0	0	0	0
655	1	0	0	1
656	1	0	0	1
657	1	0	0	1
658	1	0	0	1
659	1	0	0	1
660	1	0	0	1
661	1	0	0	1
662	1	0	0	1
663	1	0	0	1
664	1	0	0	1
665	1	0	0	1
666	1	0	0	1
667	1	0	0	1
668	1	0	0	1
669	1	0	0	1
670	1	0	0	1
671	1	0	0	1
672	1	0	0	1
673	1	0	0	1
674	1	0	0	1
675	1	0	0	1
676	1	0	0	1
677	1	0	0	1
678	1	0	0	1
679	1	0	0	1
680	1	0	0	1
681	1	0	0	1
682	1	0	0	1
683	1	0	0	1
684	1	0	0	1
685	1	0	0	1
686	1	0	0	1
687	1	0	0	1
688	1	0	0	1
689	1	0	0	1
690	1	0	0	1
691	1	0	0	1
692	1	0	0	1
693	1	0	0	1
694	1	0	0	1
695	1	0	0	1
696	1	0	0	1
697	1	0	0	1
698	1	0	0	1
699	1	0	0	1
700	1	0	0	1
701	1	0	0	1
702	1	0	0	1
703	1	0	0	1
704	1	0	0	1
705	1	0	0	1
706	1	0	0	1
707	1	0	0	1
708	1	0	0	1
709	1	0	0	1
710	1	0	0	1
711	1	0	0	1
712	1	0	0	1
713	1	0	0	1
714	1	0	0	1
715	1	0	0	1
716	1	0	0	1
717	1	0	0	1
718	1	0	0	1
719	1	0	0	1
720	1	0	0	1
721	1	0	0	1
722	1	0	0	1
723	1	0	0	1
724	1	0	0	1
725	0	0	0	1
726	1	0	0	1
727	1	0	0	1
728	1	0	0	1
729	1	0	0	1
730	1	0	0	1
731	1	0	0	1
732	1	0	0	1
733	1	0	0	1
734	1	0	0	1
735	1	0	0	1
736	1	0	0	1
737	1	0	0	1
738	0	0	0	1
739	0	0	0	1
740	0	0	0	1
741	0	0	0	1
742	0	0	0	1
743	0	0	0	1
744	0	0	0	1
745	0	0	0	1
746	0	0	0	1
747	1	0	0	0
748	1	0	0	0
749	1	0	0	0
750	1	0	0	0
751	0	0	0	0
752	1	0	0	0
753	1	0	0	0
754	1	0	0	0
755	1	0	0	0
756	1	0	0	0
757	1	0	0	1
758	0	0	0	0
759	1	0	0	0
760	1	0	0	0
761	1	0	0	0
762	1	0	0	0
763	1	0	0	1
764	1	0	0	0
765	1	0	0	0
766	1	0	0	1
767	1	0	0	1
768	1	0	0	1
769	1	0	0	0
770	1	0	0	0
771	1	0	0	0
772	1	0	0	0
773	0	0	0	0
774	0	0	0	0
775	1	0	0	0
776	1	0	0	0
777	0	0	0	0
778	0	0	0	0
779	1	0	0	0
780	0	0	0	0
781	1	0	0	0
782	0	0	0	0
783	0	0	0	0
784	1	0	0	0
785	0	0	0	0
786	1	0	0	0
787	1	0	0	0
788	1	0	0	1
789	1	0	0	0
790	1	0	0	0
791	1	0	0	0
792	1	0	0	0
793	1	0	0	0
794	1	0	0	1
795	1	0	0	0
796	1	0	0	1
797	1	0	0	0
798	1	0	0	0
799	0	0	0	0
800	0	0	0	0
801	0	0	0	0
802	0	0	0	0
803	0	0	0	0
804	0	0	0	0
805	0	0	0	0
806	0	0	0	0
807	0	0	0	0
808	0	0	0	0
809	0	0	0	0
810	1	0	0	0
811	0	0	0	0
812	0	0	0	0
813	1	0	0	0
814	0	0	0	0
815	1	0	0	0
816	1	0	0	0
817	0	0	0	1
818	1	0	0	0
819	1	0	0	1
820	0	0	0	1
821	1	0	0	0
822	0	0	0	1
823	1	0	0	1
824	0	0	0	1
825	0	0	0	1
826	0	0	0	1
827	0	0	0	1
828	0	0	0	1
829	0	0	0	1
830	0	0	0	1
831	0	0	0	1
832	0	0	0	1
833	0	0	0	1
834	1	0	0	1
835	0	0	0	1
836	1	0	0	1
837	1	0	0	1
838	1	0	0	1
839	1	0	0	1
840	1	0	0	1
841	0	0	0	1
842	1	0	0	1
843	1	0	0	1
844	1	0	0	1
845	0	0	0	1
846	1	0	0	1
847	0	0	0	1
848	0	0	0	1
849	0	0	0	1
850	0	0	0	1
851	0	0	0	1
852	0	0	0	1
853	1	0	0	1
854	0	0	0	1
855	0	0	0	1
856	0	0	0	1
857	0	0	0	1
858	0	0	0	1
859	0	0	0	1
860	0	0	0	1
861	0	0	0	1
862	0	0	0	1
863	0	0	0	1
864	0	0	0	1
865	0	0	0	1
866	1	0	0	1
867	0	0	0	1
868	0	0	0	1
869	0	0	0	1
870	1	0	0	1
871	1	0	0	1
872	1	0	0	1
873	1	0	0	1
874	1	0	0	1
875	1	0	0	1
876	1	0	0	1
877	1	0	0	1
878	1	0	0	1
879	1	0	0	1
880	1	0	0	1
881	1	0	0	1
882	1	0	0	1
883	1	0	0	1
884	0	0	0	1
885	1	0	0	1
886	1	0	0	1
887	1	0	0	1
888	1	0	0	1
889	1	0	0	1
890	1	0	0	1
891	1	0	0	1
892	1	0	0	1
893	1	0	0	1
894	1	0	0	1
895	1	0	0	1
896	1	0	0	1
897	1	0	0	1
898	1	0	0	1
899	1	0	0	1
900	1	0	0	1
901	1	0	0	1
902	1	0	0	1
903	1	0	0	1
904	1	0	0	1
905	1	0	0	1
906	0	0	0	1
907	1	0	0	1
908	0	0	0	1
909	1	0	0	1
910	1	0	0	1
911	1	0	0	1
912	1	0	0	1
913	1	0	0	1
914	1	0	0	1
915	1	0	0	1
916	1	0	0	1
917	1	0	0	1
918	1	0	0	1
919	1	0	0	1
920	1	0	0	1
921	1	0	0	1
922	1	0	0	1
923	1	0	0	1
924	1	0	0	1
925	1	0	0	1
926	1	0	0	1
927	1	0	0	1
928	1	0	0	1
929	1	0	0	1
930	1	0	0	1
931	1	0	0	1
932	1	0	0	1
933	1	0	0	1
934	1	0	0	1
935	1	0	0	1
936	1	0	0	1
937	1	0	0	1
938	1	0	0	1
939	1	0	0	1
940	1	0	0	1
941	1	0	0	1
942	1	0	0	1
943	0	0	0	1
944	1	0	0	1
945	1	0	0	1
946	1	0	0	1
947	0	0	0	1
948	1	0	0	1
949	1	0	0	1
950	1	0	0	1
951	1	0	0	1
952	1	0	0	1
953	1	0	0	1
954	1	0	0	1
955	1	0	0	1
956	1	0	0	1
957	1	0	0	1
958	1	0	0	1
959	1	0	0	1
960	1	0	0	1
961	1	0	0	1
962	1	0	0	1
963	1	0	0	1
964	1	0	0	1
965	1	0	0	1
966	1	0	0	1
967	1	0	0	1
968	1	0	0	1
969	1	0	0	1
970	1	0	0	1
971	1	0	0	1
972	1	0	0	1
973	1	0	0	1
974	1	0	0	1
975	1	0	0	1
976	1	0	0	1
977	1	0	0	1
978	1	0	0	1
979	1	0	0	1
980	1	0	0	1
981	1	0	0	1
982	1	0	0	1
983	1	0	0	1
984	1	0	0	1
985	1	0	0	1
986	1	0	0	1
987	1	0	0	1
988	1	0	0	1
989	1	0	0	1
990	1	0	0	1
991	0	0	0	1
992	1	0	0	1
993	1	0	0	1
994	1	0	0	1
995	1	0	0	1
996	1	0	0	1
997	1	0	0	1
998	1	0	0	1
999	1	0	0	1
1000	1	0	0	1
1001	1	0	0	1
1002	1	0	0	1
1003	1	0	0	1
1004	1	0	0	1
1005	1	0	0	1
1006	0	0	0	1
1007	1	0	0	1
1008	1	0	0	1
1009	1	0	0	1
1010	1	0	0	1
1011	1	0	0	1
1012	1	0	0	1
1013	1	0	0	1
1014	1	0	0	1
1015	1	0	0	1
1016	1	0	0	1
1017	1	0	0	1
1018	1	0	0	1
1019	1	0	0	1
1020	1	0	0	1
1021	1	0	0	1
1022	1	0	0	1
1023	1	0	0	1
1024	0	0	0	1
1025	1	0	0	1
1026	1	0	0	1
1027	1	0	0	1
1028	1	0	0	1
1029	1	0	0	1
1030	1	0	0	1
1031	1	0	0	1
1032	1	0	0	1
1033	1	0	0	1
1034	1	0	0	1
1035	1	0	0	1
1036	1	0	0	1
1037	1	0	0	1
1038	1	0	0	1
1039	1	0	0	1
1040	1	0	0	1
1041	1	0	0	1
1042	1	0	0	1
1043	1	0	0	1
1044	1	0	0	1
1045	1	0	0	1
1046	1	0	0	1
1047	1	0	0	1
1048	1	0	0	1
1049	1	0	0	1
1050	1	0	0	1
1051	1	0	0	1
1052	1	0	0	1
1053	1	0	0	1
1054	1	0	0	1
1055	1	0	0	1
1056	1	0	0	1
1057	1	0	0	1
1058	1	0	0	1
1059	0	0	0	1
1060	1	0	0	1
1061	1	0	0	1
1062	1	0	0	1
1063	1	0	0	1
1064	1	0	0	1
1065	1	0	0	1
1066	1	0	0	1
1067	1	0	0	1
1068	1	0	0	1
1069	1	0	0	1
1070	1	0	0	1
1071	1	0	0	1
1072	1	0	0	1
1073	1	0	0	1
1074	1	0	0	1
1075	1	0	0	1
1076	1	0	0	1
1077	1	0	0	1
1078	1	0	0	1
1079	1	0	0	1
1080	1	0	0	1
1081	1	0	0	1
1082	1	0	0	1
1083	1	0	0	1
1084	1	0	0	1
1085	1	0	0	1
1086	1	0	0	1
1087	1	0	0	1
1088	1	0	0	1
1089	1	0	0	1
1090	1	0	0	1
1091	1	0	0	1
1092	1	0	0	1
1093	1	0	0	1
1094	1	0	0	1
1095	1	0	0	1
1096	1	0	0	1
1097	1	0	0	1
1098	1	0	0	1
1099	0	0	0	1
1100	1	0	0	1
1101	1	0	0	1
1102	1	0	0	1
1103	1	0	0	1
1104	1	0	0	1
1105	1	0	0	1
1106	1	0	0	1
1107	1	0	0	1
1108	1	0	0	1
1109	1	0	0	1
1110	1	0	0	1
1111	1	0	0	1
1112	1	0	0	1
1113	1	0	0	1
1114	1	0	0	1
1115	1	0	0	1
1116	1	0	0	1
1117	1	0	0	1
1118	1	0	0	1
1119	1	0	0	1
1120	1	0	0	1
1121	1	0	0	1
1122	1	0	0	1
1123	1	0	0	1
1124	0	0	0	1
1125	1	0	0	1
1126	0	0	0	1
1127	1	0	0	1
1128	1	0	0	1
1129	1	0	0	1
1130	1	0	0	1
1131	0	0	0	1
1132	1	0	0	1
1133	1	0	0	1
1134	1	0	0	1
1135	0	0	0	1
1136	1	0	0	1
1137	1	0	0	1
1138	1	0	0	1
1139	1	0	0	1
1140	1	0	0	1
1141	1	0	0	1
1142	1	0	0	1
1143	1	0	0	1
1144	1	0	0	1
1145	1	0	0	1
1146	1	0	0	1
1147	1	0	0	1
1148	1	0	0	1
1149	1	0	0	1
1150	1	0	0	1
1151	1	0	0	1
1152	1	0	0	1
1153	1	0	0	1
1154	1	0	0	1
1155	1	0	0	1
1156	1	0	0	1
1157	1	0	0	1
1158	1	0	0	1
1159	1	0	0	1
1160	1	0	0	1
1161	1	0	0	1
1162	1	0	0	1
1163	0	0	0	1
1164	1	0	0	1
1165	1	0	0	1
1166	1	0	0	1
1167	1	0	0	1
1168	1	0	0	1
1169	1	0	0	1
1170	1	0	0	1
1171	1	0	0	1
1172	1	0	0	1
1173	1	0	0	1
1174	1	0	0	1
1175	1	0	0	1
1176	1	0	0	1
1177	1	0	0	1
1178	1	0	0	1
1179	1	0	0	1
1180	1	0	0	1
1181	1	0	0	1
1182	1	0	0	1
1183	1	0	0	1
1184	1	0	0	1
1185	1	0	0	1
1186	1	0	0	1
1187	1	0	0	1
1188	1	0	0	1
1189	0	0	0	1
1190	1	0	0	1
1191	1	0	0	1
1192	1	0	0	1
1193	1	0	0	1
1194	1	0	0	1
1195	1	0	0	1
1196	0	0	0	1
1197	1	0	0	1
1198	0	0	0	1
1199	0	0	0	1
1200	0	0	0	1
1201	0	0	0	1
1202	0	0	0	1
1203	0	0	0	1
1204	0	0	0	1
1205	0	0	0	1
1206	0	0	0	1
1207	0	0	0	1
1208	0	0	0	1
1209	0	0	0	1
1210	0	0	0	1
1211	0	0	0	1
1212	0	0	0	1
1213	0	0	0	1
1214	0	0	0	1
1215	0	0	0	1
1216	0	0	0	1
1217	0	0	0	1
1218	0	0	0	1
1219	0	0	0	1
1220	0	0	0	1
1221	0	0	0	1
1222	0	0	0	1
1223	0	0	0	1
1224	0	0	0	1
1225	0	0	0	1
1226	0	0	0	1
1227	0	0	0	1
1228	0	0	0	1
1229	0	0	0	1
1230	0	0	0	1
1231	0	0	0	1
1232	0	0	0	1
1233	0	0	0	1
1234	0	0	0	1
1235	0	0	0	1
1236	0	0	0	1
1237	0	0	0	1
1238	0	0	0	1
1239	0	0	0	1
1240	0	0	0	1
1241	0	0	0	1
1242	0	0	0	1
1243	1	0	0	1
1244	0	0	0	1
1245	1	0	0	1
1246	1	0	0	1
1247	1	0	0	1
1248	1	0	0	1
1249	0	0	0	1
