0 	 0.0
1 	 1.0604277849197388
2 	 0.8319991827011108
3 	 0.9564217329025269
4 	 1.2381120920181274
5 	 1.944075584411621
6 	 1.333831548690796
7 	 1.3298797607421875
8 	 1.4157322645187378
9 	 1.2909184694290161
10 	 1.4853050708770752
11 	 1.5558488368988037
12 	 1.2696319818496704
13 	 1.7537267208099365
14 	 2.0124244689941406
15 	 1.2878767251968384
16 	 1.6697782278060913
17 	 1.9712189435958862
18 	 2.095795154571533
19 	 2.086130142211914
20 	 2.1581003665924072
21 	 2.447784185409546
22 	 1.7827072143554688
23 	 2.2639267444610596
24 	 2.2250025272369385
25 	 1.9631160497665405
26 	 1.9829875230789185
27 	 2.196180582046509
28 	 2.1845130920410156
29 	 2.1948485374450684
30 	 1.9694299697875977
31 	 1.959435224533081
32 	 2.5808258056640625
33 	 2.0173745155334473
34 	 1.5343905687332153
35 	 2.329773426055908
36 	 2.2483248710632324
37 	 2.437462329864502
38 	 1.820850133895874
39 	 1.8584798574447632
40 	 1.9116878509521484
41 	 1.453256368637085
42 	 1.1851646900177002
43 	 1.295730471611023
44 	 1.2949405908584595
45 	 1.612510323524475
46 	 1.6627322435379028
47 	 1.501845121383667
48 	 1.5514036417007446
49 	 2.028998613357544
50 	 2.15362286567688
51 	 2.238889455795288
52 	 2.3144190311431885
53 	 2.530552387237549
54 	 2.4308345317840576
55 	 2.6316299438476562
56 	 2.241699695587158
57 	 2.1530771255493164
58 	 2.306338310241699
59 	 2.117872953414917
60 	 2.346067428588867
61 	 2.2439775466918945
62 	 2.29522967338562
63 	 2.5388338565826416
64 	 2.6547746658325195
65 	 2.353419780731201
66 	 2.597715377807617
67 	 2.8375370502471924
68 	 2.5766806602478027
69 	 2.60332989692688
70 	 2.4654879570007324
71 	 2.4132461547851562
72 	 2.495757818222046
73 	 2.669264554977417
74 	 2.4120380878448486
75 	 1.6445395946502686
76 	 1.4521178007125854
77 	 1.2186312675476074
78 	 1.3918862342834473
79 	 1.2267051935195923
80 	 1.2944437265396118
81 	 1.2045828104019165
82 	 1.0192784070968628
83 	 1.1619967222213745
84 	 1.0764777660369873
85 	 1.035651445388794
86 	 1.1664750576019287
87 	 1.434045672416687
88 	 1.2740507125854492
89 	 1.2346357107162476
90 	 1.2803014516830444
91 	 1.3620350360870361
92 	 1.2040799856185913
93 	 1.1952837705612183
94 	 1.8624392747879028
95 	 1.3322328329086304
96 	 1.2120966911315918
97 	 1.121029019355774
98 	 1.1001120805740356
99 	 1.2152416706085205
100 	 1.1627147197723389
101 	 1.3363429307937622
102 	 1.2696866989135742
103 	 1.8218417167663574
104 	 1.4609283208847046
105 	 1.7997382879257202
106 	 1.5258429050445557
107 	 1.4465886354446411
108 	 1.4095596075057983
109 	 1.3746917247772217
110 	 1.4466326236724854
111 	 1.4641872644424438
112 	 1.286142349243164
113 	 1.0826786756515503
114 	 1.2416621446609497
115 	 1.1775078773498535
116 	 1.0775691270828247
117 	 1.147276520729065
118 	 1.1796544790267944
119 	 1.148044466972351
120 	 1.1517882347106934
121 	 1.290063738822937
122 	 1.1589446067810059
123 	 1.0457481145858765
124 	 1.3808348178863525
125 	 1.2376796007156372
126 	 1.2993803024291992
127 	 1.3230339288711548
128 	 1.2814024686813354
129 	 1.1980514526367188
130 	 1.2379497289657593
131 	 1.631827712059021
132 	 1.5575828552246094
133 	 1.5215487480163574
134 	 1.5022059679031372
135 	 1.4789310693740845
136 	 1.7586005926132202
137 	 1.5691940784454346
138 	 1.5505919456481934
139 	 1.576043725013733
140 	 1.644391417503357
141 	 1.8382261991500854
142 	 1.7053067684173584
143 	 1.5288891792297363
144 	 1.5085426568984985
145 	 1.697139859199524
146 	 2.032466173171997
147 	 1.9961146116256714
148 	 2.1943676471710205
149 	 2.233142614364624
150 	 2.1295788288116455
151 	 1.9821503162384033
152 	 2.0952024459838867
153 	 1.8188248872756958
154 	 1.7367322444915771
155 	 1.7952556610107422
156 	 1.673348307609558
157 	 1.5560015439987183
158 	 1.4968857765197754
159 	 1.527153730392456
160 	 1.6359666585922241
161 	 1.8222053050994873
162 	 1.6201751232147217
163 	 1.9206740856170654
164 	 1.752384901046753
165 	 1.8613346815109253
166 	 1.824652910232544
167 	 1.7094534635543823
168 	 1.8833049535751343
169 	 1.8535581827163696
170 	 1.8776386976242065
171 	 1.7176820039749146
172 	 1.6943057775497437
173 	 1.6187776327133179
174 	 1.5763214826583862
175 	 1.6316388845443726
176 	 1.8366682529449463
177 	 1.8955318927764893
178 	 1.7644644975662231
179 	 1.7689502239227295
180 	 1.9025309085845947
181 	 1.937709927558899
182 	 1.5799874067306519
183 	 1.6634570360183716
184 	 1.7108708620071411
185 	 2.227126359939575
186 	 2.206739664077759
187 	 2.339848041534424
188 	 2.366898775100708
189 	 1.7003207206726074
190 	 1.6790928840637207
191 	 1.6592397689819336
192 	 1.627472996711731
193 	 1.7964612245559692
194 	 1.7495903968811035
195 	 1.5730719566345215
196 	 1.7306318283081055
197 	 1.6684108972549438
198 	 1.7262998819351196
199 	 1.6120332479476929
200 	 1.7171968221664429
201 	 1.5986688137054443
202 	 1.7090798616409302
203 	 1.635496973991394
204 	 1.8725563287734985
205 	 1.8932048082351685
206 	 1.7756963968276978
207 	 1.8201953172683716
208 	 1.7419779300689697
209 	 1.703776478767395
210 	 1.7688096761703491
211 	 1.7182813882827759
212 	 1.699428915977478
213 	 1.772187352180481
214 	 1.8997042179107666
215 	 1.5749672651290894
216 	 1.571882963180542
217 	 1.7702313661575317
218 	 1.7015135288238525
219 	 1.7085214853286743
220 	 1.5110372304916382
221 	 1.4843223094940186
222 	 1.652693748474121
223 	 1.592626929283142
224 	 1.684253454208374
225 	 1.6627168655395508
226 	 1.7971574068069458
227 	 1.5845186710357666
228 	 1.7022171020507812
229 	 1.64310622215271
230 	 1.6587711572647095
231 	 1.691765546798706
232 	 1.5646274089813232
233 	 1.710179328918457
234 	 1.6840317249298096
235 	 1.8693857192993164
236 	 1.9094218015670776
237 	 1.8399630784988403
238 	 1.6324748992919922
239 	 1.7480319738388062
240 	 1.7327371835708618
241 	 1.5121688842773438
242 	 1.634274959564209
243 	 1.4622596502304077
244 	 1.477584958076477
245 	 1.661921501159668
246 	 1.626381278038025
247 	 1.823720932006836
248 	 1.686254858970642
249 	 1.7610236406326294
250 	 1.7365890741348267
251 	 1.8409901857376099
252 	 1.7810200452804565
253 	 1.6076033115386963
254 	 1.6911365985870361
255 	 1.6761198043823242
256 	 1.8761556148529053
257 	 1.7054029703140259
258 	 1.7271050214767456
259 	 1.6159611940383911
260 	 1.6049233675003052
261 	 1.6820502281188965
262 	 1.8614387512207031
263 	 1.8841911554336548
264 	 1.6770610809326172
265 	 1.832348346710205
266 	 1.7726922035217285
267 	 1.682421326637268
268 	 1.780051827430725
269 	 1.622206211090088
270 	 1.7920199632644653
271 	 1.6525686979293823
272 	 1.9004192352294922
273 	 1.8672895431518555
274 	 1.9236373901367188
275 	 1.7180508375167847
276 	 1.6295127868652344
277 	 1.7105562686920166
278 	 1.669432520866394
279 	 1.6596320867538452
280 	 1.6066124439239502
281 	 1.8450968265533447
282 	 1.7842525243759155
283 	 1.8686845302581787
284 	 1.7417688369750977
285 	 1.5768474340438843
286 	 1.6762944459915161
287 	 1.6756796836853027
288 	 1.5942258834838867
289 	 1.8225326538085938
290 	 1.7856279611587524
291 	 1.6988883018493652
292 	 1.732460856437683
293 	 1.8403387069702148
294 	 1.6748602390289307
295 	 1.8201348781585693
296 	 1.7144582271575928
297 	 1.6203207969665527
298 	 1.8481272459030151
299 	 1.7902432680130005
300 	 1.6217058897018433
301 	 1.6367292404174805
302 	 1.8171337842941284
303 	 1.7705003023147583
304 	 1.655309796333313
305 	 1.679487705230713
306 	 1.6369471549987793
307 	 1.652034878730774
308 	 1.504027247428894
309 	 1.6264656782150269
310 	 1.3467320203781128
311 	 1.6740506887435913
312 	 1.5917925834655762
313 	 1.6370185613632202
314 	 1.7721065282821655
315 	 1.6946982145309448
316 	 1.7810698747634888
317 	 1.8019288778305054
318 	 1.6100572347640991
319 	 1.461769938468933
320 	 1.6689761877059937
321 	 1.585394024848938
322 	 1.7924714088439941
323 	 1.7162386178970337
324 	 1.8550209999084473
325 	 1.6449013948440552
326 	 1.6554629802703857
327 	 1.4136569499969482
328 	 1.6767971515655518
329 	 1.678938388824463
330 	 1.6689411401748657
331 	 1.7280254364013672
332 	 1.7520540952682495
333 	 1.7107155323028564
334 	 1.774239420890808
335 	 1.4710922241210938
336 	 1.3935060501098633
337 	 1.5980206727981567
338 	 1.5179849863052368
339 	 1.6825724840164185
340 	 1.7129405736923218
341 	 1.4959965944290161
342 	 1.7356011867523193
343 	 1.7639814615249634
344 	 1.6922060251235962
345 	 1.6619796752929688
346 	 1.6968964338302612
347 	 1.6290576457977295
348 	 1.8044850826263428
349 	 1.8197492361068726
350 	 1.8060880899429321
351 	 1.7896982431411743
352 	 1.6556718349456787
353 	 1.7426913976669312
354 	 1.5444642305374146
355 	 1.7070038318634033
356 	 1.8389323949813843
357 	 1.6917587518692017
358 	 1.680217981338501
359 	 1.7400234937667847
360 	 1.8041322231292725
361 	 1.665407657623291
362 	 1.9189884662628174
363 	 1.7304637432098389
364 	 1.6310063600540161
365 	 1.716713786125183
366 	 1.7285934686660767
367 	 1.7709643840789795
368 	 1.7388203144073486
369 	 1.6589854955673218
370 	 1.698398232460022
371 	 1.5393363237380981
372 	 1.682887315750122
373 	 1.5481438636779785
374 	 1.827811360359192
375 	 1.8045146465301514
376 	 1.8192763328552246
377 	 1.56679105758667
378 	 1.8387585878372192
379 	 1.7019473314285278
380 	 1.7826672792434692
381 	 1.728366732597351
382 	 1.7352184057235718
383 	 1.6398341655731201
384 	 1.9824293851852417
385 	 1.966409683227539
386 	 1.7929915189743042
387 	 1.5598512887954712
388 	 2.0876169204711914
389 	 2.0343587398529053
390 	 2.082925319671631
391 	 1.8554604053497314
392 	 1.3983906507492065
393 	 1.5034000873565674
394 	 1.4120607376098633
395 	 1.5880608558654785
396 	 1.700179934501648
397 	 1.6501826047897339
398 	 1.6565189361572266
399 	 1.6791309118270874
400 	 1.7641466856002808
401 	 1.6859822273254395
402 	 1.4644575119018555
403 	 1.622328519821167
404 	 1.5386745929718018
405 	 1.7056660652160645
406 	 1.8355185985565186
407 	 1.8092924356460571
408 	 1.6029964685440063
409 	 1.6545335054397583
410 	 1.682227611541748
411 	 1.7257592678070068
412 	 1.79851496219635
413 	 1.7817294597625732
414 	 1.6925780773162842
415 	 1.7036362886428833
416 	 1.7293635606765747
417 	 2.0439629554748535
418 	 1.7217893600463867
419 	 1.771989107131958
420 	 2.0012047290802
421 	 1.9230866432189941
422 	 1.7016050815582275
423 	 1.8343969583511353
424 	 1.8782695531845093
425 	 1.8139735460281372
426 	 1.7202333211898804
427 	 1.8567254543304443
428 	 1.8491331338882446
429 	 1.589148998260498
430 	 1.700307846069336
431 	 1.7531099319458008
432 	 1.6820728778839111
433 	 1.8240739107131958
434 	 1.8656381368637085
435 	 1.869290828704834
436 	 1.8136394023895264
437 	 1.8614169359207153
438 	 1.7517919540405273
439 	 1.8344120979309082
440 	 1.7363699674606323
441 	 1.79851233959198
442 	 1.941825032234192
443 	 1.8435477018356323
444 	 1.8916747570037842
445 	 1.972434401512146
446 	 1.7877269983291626
447 	 1.6607052087783813
448 	 1.8337600231170654
449 	 1.8128294944763184
450 	 1.841395616531372
451 	 1.8806662559509277
452 	 1.8575167655944824
453 	 1.7682032585144043
454 	 1.7987959384918213
455 	 1.8710401058197021
456 	 1.8247181177139282
457 	 1.7922849655151367
458 	 2.0246505737304688
459 	 1.8516511917114258
460 	 1.7531965970993042
461 	 1.8645663261413574
462 	 1.795955777168274
463 	 1.8539738655090332
464 	 1.7216523885726929
465 	 1.728485107421875
466 	 1.7909424304962158
467 	 1.8890528678894043
468 	 1.8931993246078491
469 	 1.9061088562011719
470 	 1.7319245338439941
471 	 1.7810022830963135
472 	 2.0122151374816895
473 	 1.7558969259262085
474 	 1.928818702697754
475 	 2.013122320175171
476 	 1.9742790460586548
477 	 1.9624195098876953
478 	 1.8276718854904175
479 	 1.926650047302246
480 	 2.2854013442993164
481 	 1.9819259643554688
482 	 2.17639422416687
483 	 1.8767932653427124
484 	 1.7544891834259033
485 	 1.7857325077056885
486 	 1.9835093021392822
487 	 1.7489668130874634
488 	 1.8953583240509033
489 	 1.8709251880645752
490 	 2.182663917541504
491 	 1.8526027202606201
492 	 1.806702733039856
493 	 1.8379915952682495
494 	 1.7964974641799927
495 	 1.7926312685012817
496 	 1.9144352674484253
497 	 1.8224581480026245
498 	 1.810541033744812
499 	 1.8228633403778076
500 	 1.8641353845596313
501 	 1.8859750032424927
502 	 1.792567253112793
503 	 1.8001701831817627
504 	 1.7051362991333008
505 	 1.765291452407837
506 	 1.6794034242630005
507 	 1.7792868614196777
508 	 1.765192985534668
509 	 1.7557809352874756
510 	 1.801945686340332
511 	 1.786817193031311
512 	 2.066563129425049
513 	 2.2190768718719482
514 	 2.3135597705841064
515 	 2.2193191051483154
516 	 2.2462310791015625
517 	 2.2452192306518555
518 	 2.3427000045776367
519 	 2.2187130451202393
520 	 2.265944719314575
521 	 2.217102527618408
522 	 2.321913957595825
523 	 2.2414748668670654
524 	 2.359995126724243
525 	 2.2740535736083984
526 	 2.1896228790283203
527 	 2.3322088718414307
528 	 2.369133710861206
529 	 2.20998215675354
530 	 2.2906911373138428
531 	 2.3135156631469727
532 	 2.320604085922241
533 	 2.30692195892334
534 	 2.183520555496216
535 	 2.2433698177337646
536 	 2.22253680229187
537 	 2.2778303623199463
538 	 2.2210280895233154
539 	 2.2539284229278564
540 	 2.274867296218872
541 	 2.3553667068481445
542 	 2.2346010208129883
543 	 2.1841094493865967
544 	 2.23844051361084
545 	 2.2984938621520996
546 	 2.2754905223846436
547 	 2.2827374935150146
548 	 2.232236385345459
549 	 2.2668163776397705
550 	 2.2354795932769775
551 	 2.315364360809326
552 	 2.2469029426574707
553 	 2.25307559967041
554 	 2.354875326156616
555 	 2.271554708480835
556 	 2.2704532146453857
557 	 2.257650136947632
558 	 2.2638626098632812
559 	 2.3132688999176025
560 	 2.3566813468933105
561 	 2.1064260005950928
562 	 1.8124836683273315
563 	 2.0242059230804443
564 	 2.04775333404541
565 	 2.056165933609009
566 	 1.78104567527771
567 	 1.7965139150619507
568 	 1.7607226371765137
569 	 2.038917064666748
570 	 1.820801854133606
571 	 1.845521092414856
572 	 1.8837356567382812
573 	 1.755255937576294
574 	 1.9283967018127441
575 	 1.8806898593902588
576 	 1.8909739255905151
577 	 1.9031665325164795
578 	 2.0530354976654053
579 	 1.9305338859558105
580 	 1.7815380096435547
581 	 2.2053818702697754
582 	 2.1876964569091797
583 	 1.9856045246124268
584 	 1.6514066457748413
585 	 1.7852383852005005
586 	 1.84697425365448
587 	 1.8315428495407104
588 	 1.8436832427978516
589 	 1.7683279514312744
590 	 1.8723969459533691
591 	 1.8450958728790283
592 	 1.931467056274414
593 	 1.8113079071044922
594 	 1.8430089950561523
595 	 1.801404356956482
596 	 1.7903995513916016
597 	 1.7223342657089233
598 	 1.8833653926849365
599 	 1.9093297719955444
600 	 1.813523530960083
601 	 1.908294439315796
602 	 1.754370093345642
603 	 1.6949481964111328
604 	 1.7339531183242798
605 	 1.8068245649337769
606 	 1.7734757661819458
607 	 1.9177740812301636
608 	 1.803741693496704
609 	 1.5779322385787964
610 	 1.573789358139038
611 	 1.809645175933838
612 	 1.915310025215149
613 	 1.9624606370925903
614 	 1.8108071088790894
615 	 1.8805876970291138
616 	 1.833864688873291
617 	 1.8678233623504639
618 	 1.902269721031189
619 	 1.7989121675491333
620 	 1.7448986768722534
621 	 1.6907484531402588
622 	 1.6552504301071167
623 	 1.6557652950286865
624 	 1.6870659589767456
625 	 1.7074145078659058
626 	 2.128037691116333
627 	 1.8585474491119385
628 	 1.8482475280761719
629 	 1.8526312112808228
630 	 1.8069719076156616
631 	 1.7685332298278809
632 	 1.8727984428405762
633 	 1.8306328058242798
634 	 1.845971703529358
635 	 1.827734112739563
636 	 1.9206796884536743
637 	 1.8677020072937012
638 	 1.6909717321395874
639 	 1.918118953704834
640 	 1.7797722816467285
641 	 1.8559510707855225
642 	 1.7863174676895142
643 	 1.868221402168274
644 	 1.8182390928268433
645 	 1.7649742364883423
646 	 1.8131569623947144
647 	 1.7174909114837646
648 	 1.7845815420150757
649 	 1.8263800144195557
650 	 2.0560688972473145
651 	 1.994736909866333
652 	 2.044156074523926
653 	 2.0646424293518066
654 	 2.1087844371795654
655 	 1.8602404594421387
656 	 1.9853547811508179
657 	 1.9021000862121582
658 	 1.789504885673523
659 	 1.7849187850952148
660 	 1.8254733085632324
661 	 1.7959074974060059
662 	 1.7675236463546753
663 	 1.832548975944519
664 	 1.8452847003936768
665 	 1.871843934059143
666 	 1.9135591983795166
667 	 1.9330284595489502
668 	 1.927778720855713
669 	 1.830060362815857
670 	 1.9253106117248535
671 	 1.7972452640533447
672 	 1.8166718482971191
673 	 1.7844585180282593
674 	 1.9016315937042236
675 	 1.7507685422897339
676 	 2.019615888595581
677 	 1.749180555343628
678 	 1.7970876693725586
679 	 1.755547046661377
680 	 1.8986893892288208
681 	 1.785573959350586
682 	 1.857560396194458
683 	 1.8986587524414062
684 	 2.085740566253662
685 	 2.0842275619506836
686 	 2.083063840866089
687 	 1.6896231174468994
688 	 2.069257974624634
689 	 2.2269527912139893
690 	 2.2653017044067383
691 	 2.194476366043091
692 	 2.1208395957946777
693 	 2.1284162998199463
694 	 1.7773479223251343
695 	 1.695546269416809
696 	 1.7229971885681152
697 	 1.5361586809158325
698 	 1.6710875034332275
699 	 1.6551227569580078
700 	 1.6862883567810059
701 	 2.1884102821350098
702 	 2.0533254146575928
703 	 2.1263797283172607
704 	 2.07259464263916
705 	 2.1534676551818848
706 	 2.1066083908081055
707 	 2.229433059692383
708 	 2.1134777069091797
709 	 2.1710712909698486
710 	 2.1327292919158936
711 	 2.214775800704956
712 	 2.127505302429199
713 	 2.2189712524414062
714 	 2.109825372695923
715 	 2.110337257385254
716 	 2.180237293243408
717 	 2.1514601707458496
718 	 2.096783399581909
719 	 1.7723311185836792
720 	 1.6835198402404785
721 	 1.7889809608459473
722 	 1.8217592239379883
723 	 2.1161770820617676
724 	 2.1639084815979004
725 	 2.10595440864563
726 	 2.1097917556762695
727 	 2.257840394973755
728 	 2.2807061672210693
729 	 2.061826229095459
730 	 2.173206329345703
731 	 2.142169952392578
732 	 2.319929599761963
733 	 2.4086363315582275
734 	 2.4112424850463867
735 	 2.3390395641326904
736 	 2.3150417804718018
737 	 2.3893585205078125
738 	 2.3160815238952637
739 	 2.2873284816741943
740 	 2.272137403488159
741 	 2.2981317043304443
742 	 2.312751054763794
743 	 2.258984327316284
744 	 2.2040345668792725
745 	 2.424325704574585
746 	 2.294970750808716
747 	 2.2181386947631836
748 	 2.326319694519043
749 	 2.3581252098083496
750 	 2.235910415649414
751 	 2.283189058303833
752 	 2.30145001411438
753 	 2.3147926330566406
754 	 2.27333664894104
755 	 2.3055543899536133
756 	 2.2777512073516846
757 	 2.350135564804077
758 	 1.99253511428833
759 	 2.1138839721679688
760 	 2.0389273166656494
761 	 1.810127854347229
762 	 1.7070949077606201
763 	 1.831388235092163
764 	 1.8020613193511963
765 	 1.8825914859771729
766 	 1.8232650756835938
767 	 1.8271116018295288
768 	 1.816454529762268
769 	 2.0415070056915283
770 	 1.7068393230438232
771 	 1.8430488109588623
772 	 1.7917777299880981
773 	 1.9309568405151367
774 	 1.8890244960784912
775 	 2.0593597888946533
776 	 1.879707932472229
777 	 2.1533782482147217
778 	 1.999775767326355
779 	 1.8121145963668823
780 	 2.071761131286621
781 	 1.9339632987976074
782 	 2.055947780609131
783 	 1.8742294311523438
784 	 1.9722520112991333
785 	 1.8981115818023682
786 	 1.8937177658081055
787 	 1.8883709907531738
788 	 1.7881929874420166
789 	 1.7411539554595947
790 	 1.918110728263855
791 	 1.7522071599960327
792 	 1.8563891649246216
793 	 1.847903847694397
794 	 1.9217677116394043
795 	 2.0479021072387695
796 	 2.0877623558044434
797 	 2.01835036277771
798 	 1.8391040563583374
799 	 1.8591572046279907
800 	 1.8943158388137817
801 	 1.8018078804016113
802 	 1.8223577737808228
803 	 1.9822371006011963
804 	 1.9176946878433228
805 	 1.7978403568267822
806 	 1.707523226737976
807 	 1.8376421928405762
808 	 1.8619378805160522
809 	 2.2541418075561523
810 	 2.3369274139404297
811 	 2.3429698944091797
812 	 2.272056818008423
813 	 2.1588003635406494
814 	 2.1115810871124268
815 	 1.7748018503189087
816 	 1.9065003395080566
817 	 1.8884832859039307
818 	 2.0236470699310303
819 	 1.82919180393219
820 	 2.2206692695617676
821 	 2.308154344558716
822 	 2.46217679977417
823 	 2.2918639183044434
824 	 2.266357421875
825 	 2.406898021697998
826 	 2.390838384628296
827 	 2.3571667671203613
828 	 2.366600751876831
829 	 2.371591329574585
830 	 2.273672580718994
831 	 2.465109348297119
832 	 2.4582579135894775
833 	 2.444145917892456
834 	 2.4579532146453857
835 	 2.3652772903442383
836 	 2.5098423957824707
837 	 2.432729482650757
838 	 2.535625457763672
839 	 2.3928146362304688
840 	 2.0828444957733154
841 	 1.9325733184814453
842 	 1.8036450147628784
843 	 1.892709493637085
844 	 1.8381555080413818
845 	 1.8084518909454346
846 	 2.008327007293701
847 	 1.958303689956665
848 	 1.9512494802474976
849 	 2.123861074447632
850 	 1.761719822883606
851 	 1.7729412317276
852 	 1.6440320014953613
853 	 1.8127954006195068
854 	 1.6863762140274048
855 	 2.146009683609009
856 	 2.3709750175476074
857 	 2.2724342346191406
858 	 2.213916301727295
859 	 2.356774091720581
860 	 2.2768752574920654
861 	 2.1477084159851074
862 	 2.0750653743743896
863 	 1.8536707162857056
864 	 1.7555667161941528
865 	 1.7958557605743408
866 	 1.8665932416915894
867 	 2.1021430492401123
868 	 2.207540988922119
869 	 2.121493101119995
870 	 2.1197187900543213
871 	 2.142383575439453
872 	 2.1146743297576904
873 	 2.180415391921997
874 	 2.1183736324310303
875 	 2.166566848754883
876 	 2.1342923641204834
877 	 2.1090786457061768
878 	 2.0788707733154297
879 	 2.0613951683044434
880 	 2.1706254482269287
881 	 2.192307949066162
882 	 2.111628532409668
883 	 2.11985182762146
884 	 2.1004176139831543
885 	 2.2096879482269287
886 	 2.162442684173584
887 	 2.0181593894958496
888 	 2.0935139656066895
889 	 2.0424513816833496
890 	 2.1841933727264404
891 	 2.1224148273468018
892 	 2.065094470977783
893 	 2.0733253955841064
894 	 2.2227602005004883
895 	 1.7614336013793945
896 	 2.160425901412964
897 	 2.2469329833984375
898 	 2.2853355407714844
899 	 2.1456246376037598
900 	 2.115809917449951
901 	 2.1687052249908447
902 	 2.053781270980835
903 	 2.1565229892730713
904 	 2.185199022293091
905 	 2.1119556427001953
906 	 2.105638265609741
907 	 2.1088781356811523
908 	 2.0614702701568604
909 	 2.144334077835083
910 	 2.160801410675049
911 	 2.058690309524536
912 	 2.1016223430633545
913 	 2.150895833969116
914 	 2.134343385696411
915 	 2.068925142288208
916 	 2.173184871673584
917 	 2.1981327533721924
918 	 2.1139450073242188
919 	 2.1902458667755127
920 	 2.2363812923431396
921 	 2.194822072982788
922 	 2.201751708984375
923 	 2.27419376373291
924 	 2.1313607692718506
925 	 2.1080880165100098
926 	 2.0865838527679443
927 	 2.112530469894409
928 	 2.0817692279815674
929 	 2.040074110031128
930 	 2.1130685806274414
931 	 2.0908827781677246
932 	 2.2102303504943848
933 	 2.200214385986328
934 	 2.1131041049957275
935 	 2.129755973815918
936 	 2.2313339710235596
937 	 2.236729621887207
938 	 2.086777925491333
939 	 2.035186529159546
940 	 2.117492437362671
941 	 2.0405378341674805
942 	 2.061558246612549
943 	 2.1595516204833984
944 	 2.071115493774414
945 	 2.1326611042022705
946 	 2.178222417831421
947 	 2.1856329441070557
948 	 2.264688730239868
949 	 2.281470775604248
950 	 2.251100778579712
951 	 2.2967984676361084
952 	 2.2428948879241943
953 	 2.0566256046295166
954 	 2.146001100540161
955 	 2.1737022399902344
956 	 2.1424829959869385
957 	 1.98974609375
958 	 2.1658854484558105
959 	 2.0408987998962402
960 	 2.1508917808532715
961 	 2.1097805500030518
962 	 2.070199966430664
963 	 2.047361135482788
964 	 2.1250150203704834
965 	 2.084016799926758
966 	 2.1667258739471436
967 	 2.206637382507324
968 	 2.1731607913970947
969 	 2.295116424560547
970 	 2.208909034729004
971 	 2.2613742351531982
972 	 2.3784708976745605
973 	 2.3832459449768066
974 	 2.386542558670044
975 	 2.1385700702667236
976 	 2.261956214904785
977 	 2.150874376296997
978 	 2.1290242671966553
979 	 1.9091463088989258
980 	 1.7249726057052612
981 	 1.944019079208374
982 	 1.8556703329086304
983 	 1.8410755395889282
984 	 1.8199220895767212
985 	 1.8252726793289185
986 	 1.8751215934753418
987 	 1.8036248683929443
988 	 1.7901860475540161
989 	 2.0071523189544678
990 	 1.876177191734314
991 	 1.6934579610824585
992 	 1.6881228685379028
993 	 1.890720248222351
994 	 2.10070538520813
995 	 1.9066523313522339
996 	 1.8848011493682861
997 	 2.030949115753174
998 	 2.283536672592163
999 	 2.2128913402557373
1000 	 2.3934171199798584
1001 	 2.1996829509735107
1002 	 2.155466318130493
1003 	 2.3569793701171875
1004 	 2.269028425216675
1005 	 2.465940475463867
1006 	 2.146864652633667
1007 	 1.808851957321167
1008 	 2.129302501678467
1009 	 2.134502410888672
1010 	 2.09670090675354
1011 	 2.0992817878723145
1012 	 2.12610125541687
1013 	 2.0362064838409424
1014 	 2.057173728942871
1015 	 2.1225435733795166
1016 	 2.0888872146606445
1017 	 2.1223177909851074
1018 	 2.128865957260132
1019 	 2.245762586593628
1020 	 2.138906717300415
1021 	 2.129246234893799
1022 	 2.1423137187957764
1023 	 2.203613758087158
1024 	 2.1455259323120117
1025 	 2.0893990993499756
1026 	 2.0818560123443604
1027 	 2.1322274208068848
1028 	 2.074774742126465
1029 	 2.2157533168792725
1030 	 2.260826349258423
1031 	 2.2137434482574463
1032 	 2.172241687774658
1033 	 2.1177446842193604
1034 	 2.193974256515503
1035 	 2.1280810832977295
1036 	 2.178577184677124
1037 	 2.223973035812378
1038 	 2.259521007537842
1039 	 1.8192722797393799
1040 	 1.5660103559494019
1041 	 1.8100481033325195
1042 	 1.7966886758804321
1043 	 1.8177467584609985
1044 	 1.7360624074935913
1045 	 1.733905553817749
1046 	 1.662487268447876
1047 	 1.7286145687103271
1048 	 1.7351621389389038
1049 	 1.81948721408844
1050 	 1.7360607385635376
1051 	 1.7321383953094482
1052 	 1.7873716354370117
1053 	 1.8397787809371948
1054 	 1.8250093460083008
1055 	 1.7210496664047241
1056 	 1.7608858346939087
1057 	 1.7273253202438354
1058 	 1.7835544347763062
1059 	 1.8112456798553467
1060 	 1.7165462970733643
1061 	 1.9042221307754517
1062 	 1.7212626934051514
1063 	 1.8003125190734863
1064 	 2.023202896118164
1065 	 2.0077056884765625
1066 	 1.7808358669281006
1067 	 1.967698574066162
1068 	 1.8446927070617676
1069 	 1.7441670894622803
1070 	 1.7486530542373657
1071 	 1.9763377904891968
1072 	 1.750452995300293
1073 	 1.7825403213500977
1074 	 1.8651124238967896
1075 	 1.9378031492233276
1076 	 1.902260661125183
1077 	 1.8572185039520264
1078 	 1.7707270383834839
1079 	 1.8430699110031128
1080 	 1.6880016326904297
1081 	 1.7959717512130737
1082 	 1.9468766450881958
1083 	 1.8653873205184937
1084 	 1.7450165748596191
1085 	 1.8022907972335815
1086 	 1.7926273345947266
1087 	 1.7189476490020752
1088 	 1.8446693420410156
1089 	 1.7449617385864258
1090 	 2.0354409217834473
1091 	 1.7863510847091675
1092 	 1.8489161729812622
1093 	 1.7524274587631226
1094 	 1.9908201694488525
1095 	 1.8861135244369507
1096 	 1.6931170225143433
1097 	 1.959828495979309
1098 	 1.8240519762039185
1099 	 1.844145655632019
1100 	 1.8102160692214966
1101 	 1.9637799263000488
1102 	 2.121320962905884
1103 	 1.8097552061080933
1104 	 1.9099781513214111
1105 	 1.912001132965088
1106 	 1.7782081365585327
1107 	 1.8007465600967407
1108 	 1.7713911533355713
1109 	 1.7603743076324463
1110 	 1.9493041038513184
1111 	 1.7912328243255615
1112 	 1.8703913688659668
1113 	 1.948839783668518
1114 	 2.0930263996124268
1115 	 1.8297070264816284
1116 	 1.7799416780471802
1117 	 2.097775936126709
1118 	 2.0599377155303955
1119 	 2.1302602291107178
1120 	 2.113649606704712
1121 	 2.07209849357605
1122 	 1.8506735563278198
1123 	 2.01066255569458
1124 	 2.0054783821105957
1125 	 1.9712165594100952
1126 	 1.8338372707366943
1127 	 2.023590564727783
1128 	 1.9983478784561157
1129 	 2.162655830383301
1130 	 1.964066505432129
1131 	 1.9076204299926758
1132 	 2.201932668685913
1133 	 1.988216519355774
1134 	 2.052842855453491
1135 	 1.9449124336242676
1136 	 2.021688222885132
1137 	 2.0045080184936523
1138 	 2.0213637351989746
1139 	 1.8847949504852295
1140 	 1.918450951576233
1141 	 1.8568297624588013
1142 	 2.1176836490631104
1143 	 1.9132988452911377
1144 	 1.8928757905960083
1145 	 1.8324089050292969
1146 	 2.053460121154785
1147 	 2.0249223709106445
1148 	 1.8681628704071045
1149 	 2.024923801422119
1150 	 2.074140787124634
1151 	 2.067680597305298
1152 	 2.2290995121002197
1153 	 2.247251510620117
1154 	 2.196700096130371
1155 	 2.0590736865997314
1156 	 2.0287046432495117
1157 	 2.0733649730682373
1158 	 2.1117746829986572
1159 	 1.988958716392517
1160 	 1.91177237033844
1161 	 1.9242662191390991
1162 	 1.8624261617660522
1163 	 2.023982048034668
1164 	 1.9296901226043701
1165 	 1.800092101097107
1166 	 1.6720969676971436
1167 	 1.8936381340026855
1168 	 2.015493631362915
1169 	 1.9365756511688232
1170 	 2.0361433029174805
1171 	 2.045088768005371
1172 	 1.9044944047927856
1173 	 2.0087902545928955
1174 	 1.951582431793213
1175 	 2.016857147216797
1176 	 2.030426502227783
1177 	 2.0634684562683105
1178 	 1.9161481857299805
1179 	 2.144221305847168
1180 	 2.0355658531188965
1181 	 2.143228769302368
1182 	 2.16978120803833
1183 	 2.000513792037964
1184 	 2.0156919956207275
1185 	 2.070185899734497
1186 	 2.0422089099884033
1187 	 2.1875698566436768
1188 	 2.0179076194763184
1189 	 2.348562479019165
1190 	 2.423534870147705
1191 	 2.6123902797698975
1192 	 2.517442464828491
1193 	 2.601651191711426
1194 	 2.723064422607422
1195 	 2.462420701980591
1196 	 2.5143203735351562
1197 	 2.5917341709136963
1198 	 2.529719114303589
1199 	 2.5627923011779785
1200 	 2.460458517074585
1201 	 2.461488962173462
1202 	 2.431492567062378
1203 	 2.445028305053711
1204 	 2.213750123977661
1205 	 1.956467628479004
1206 	 1.941047191619873
1207 	 1.9640406370162964
1208 	 1.862410068511963
1209 	 1.7935681343078613
1210 	 1.8820031881332397
1211 	 1.8018702268600464
1212 	 1.6853556632995605
1213 	 1.8020315170288086
1214 	 1.8671633005142212
1215 	 1.9173856973648071
1216 	 2.0956175327301025
1217 	 1.9166059494018555
1218 	 1.979033350944519
1219 	 1.8432800769805908
1220 	 1.8647948503494263
1221 	 1.9197516441345215
1222 	 1.8710044622421265
1223 	 1.8078454732894897
1224 	 2.0145952701568604
1225 	 2.030409336090088
1226 	 2.060549259185791
1227 	 2.0739290714263916
1228 	 1.9360737800598145
1229 	 1.8414949178695679
1230 	 1.8205620050430298
1231 	 1.8710230588912964
1232 	 1.7112013101577759
1233 	 1.8510195016860962
1234 	 2.0135555267333984
1235 	 1.8579366207122803
1236 	 1.9723812341690063
1237 	 1.9315783977508545
1238 	 1.9897507429122925
1239 	 1.9980157613754272
1240 	 1.911813497543335
1241 	 1.9084864854812622
1242 	 1.8095113039016724
1243 	 1.7840816974639893
1244 	 1.838094711303711
1245 	 1.838822841644287
1246 	 1.8262841701507568
1247 	 1.7967668771743774
1248 	 1.9389116764068604
1249 	 1.9486863613128662
