0 	 0.0
1 	 1.2416363954544067
2 	 1.387091040611267
3 	 0.9689371585845947
4 	 2.1364493370056152
5 	 2.190427780151367
6 	 1.681820273399353
7 	 2.017165422439575
8 	 2.5029120445251465
9 	 2.391529083251953
10 	 2.010042428970337
11 	 2.1967358589172363
12 	 2.139878749847412
13 	 1.571860909461975
14 	 1.611399531364441
15 	 1.3537909984588623
16 	 1.2660523653030396
17 	 1.181557059288025
18 	 1.8496129512786865
19 	 1.5136229991912842
20 	 1.6778737306594849
21 	 1.7394723892211914
22 	 2.475961923599243
23 	 2.3638503551483154
24 	 2.2734086513519287
25 	 1.9844942092895508
26 	 2.1997804641723633
27 	 2.194190263748169
28 	 2.0219454765319824
29 	 2.084040641784668
30 	 2.1879725456237793
31 	 2.0657601356506348
32 	 2.1926469802856445
33 	 2.546424150466919
34 	 2.0796470642089844
35 	 2.0688631534576416
36 	 1.593755841255188
37 	 1.653635025024414
38 	 1.6326452493667603
39 	 1.5771713256835938
40 	 1.6954959630966187
41 	 1.61143958568573
42 	 1.7152889966964722
43 	 1.8642140626907349
44 	 2.1527328491210938
45 	 2.343782901763916
46 	 1.8622276782989502
47 	 2.027726411819458
48 	 1.8839560747146606
49 	 2.138237714767456
50 	 2.3796446323394775
51 	 2.9510951042175293
52 	 2.248595952987671
53 	 2.201983690261841
54 	 1.7835769653320312
55 	 1.8672943115234375
56 	 1.9802851676940918
57 	 1.9162057638168335
58 	 1.9380764961242676
59 	 2.798060894012451
60 	 2.222999095916748
61 	 2.394005060195923
62 	 2.671358108520508
63 	 3.323101043701172
64 	 3.5253243446350098
65 	 3.332362651824951
66 	 3.3254401683807373
67 	 3.068371295928955
68 	 3.4843361377716064
69 	 3.1948559284210205
70 	 3.3202669620513916
71 	 3.138794183731079
72 	 3.556257724761963
73 	 3.4040133953094482
74 	 3.0939199924468994
75 	 3.5123260021209717
76 	 3.60988712310791
77 	 3.2615480422973633
78 	 3.4863522052764893
79 	 3.3956446647644043
80 	 3.188857078552246
81 	 3.4549918174743652
82 	 3.180115222930908
83 	 3.4023938179016113
84 	 3.623694896697998
85 	 3.483020305633545
86 	 3.07462215423584
87 	 3.323193311691284
88 	 2.7626559734344482
89 	 3.117863416671753
90 	 3.458460807800293
91 	 3.298851490020752
92 	 3.692112445831299
93 	 3.1898958683013916
94 	 3.4319417476654053
95 	 3.350761651992798
96 	 3.5355172157287598
97 	 3.637390613555908
98 	 3.5034337043762207
99 	 3.503516912460327
100 	 3.79321026802063
101 	 3.4424972534179688
102 	 3.723846673965454
103 	 3.2486624717712402
104 	 3.5588738918304443
105 	 3.5431668758392334
106 	 3.3977251052856445
107 	 3.1172759532928467
108 	 3.6633129119873047
109 	 3.426337242126465
110 	 3.2374067306518555
111 	 3.2657933235168457
112 	 3.4307007789611816
113 	 3.516709566116333
114 	 2.9385383129119873
115 	 3.343947172164917
116 	 3.5310726165771484
117 	 3.444143295288086
118 	 3.3005499839782715
119 	 3.327056884765625
120 	 3.641634702682495
121 	 3.0890555381774902
122 	 3.5307743549346924
123 	 3.1674482822418213
124 	 3.1190662384033203
125 	 3.50229549407959
126 	 3.2447128295898438
127 	 2.8487496376037598
128 	 3.3915181159973145
129 	 3.2707698345184326
130 	 3.616981267929077
131 	 3.4860520362854004
132 	 3.422058582305908
133 	 3.109266519546509
134 	 3.3273963928222656
135 	 3.527292490005493
136 	 3.6573026180267334
137 	 1.9602482318878174
138 	 2.0427210330963135
139 	 2.230121612548828
140 	 2.1438677310943604
141 	 1.9782309532165527
142 	 2.2616872787475586
143 	 2.138155221939087
144 	 2.0900189876556396
145 	 1.8860218524932861
146 	 1.665893793106079
147 	 2.2208900451660156
148 	 2.01832914352417
149 	 2.006086587905884
150 	 2.161466360092163
151 	 2.2655889987945557
152 	 2.188727617263794
153 	 2.2469561100006104
154 	 1.9808993339538574
155 	 2.2032289505004883
156 	 1.6062967777252197
157 	 1.4965556859970093
158 	 1.4055869579315186
159 	 1.2807872295379639
160 	 1.5009921789169312
161 	 1.822636604309082
162 	 1.53311288356781
163 	 1.1244139671325684
164 	 1.2372599840164185
165 	 1.426429271697998
166 	 0.9596583247184753
167 	 2.5434577465057373
168 	 2.252199411392212
169 	 2.276726722717285
170 	 3.288970470428467
171 	 3.5104570388793945
172 	 3.572176694869995
173 	 3.7421720027923584
174 	 3.655290126800537
175 	 3.5726096630096436
176 	 3.5757181644439697
177 	 3.4241814613342285
178 	 3.432871103286743
179 	 3.7343900203704834
180 	 3.4813315868377686
181 	 3.5792429447174072
182 	 3.0593173503875732
183 	 3.439565896987915
184 	 3.7520596981048584
185 	 3.292335033416748
186 	 3.747858762741089
187 	 3.738088607788086
188 	 3.559576988220215
189 	 3.4258108139038086
190 	 3.3498106002807617
191 	 3.115642786026001
192 	 2.9697577953338623
193 	 3.529520273208618
194 	 3.6869094371795654
195 	 2.883635997772217
196 	 3.181105613708496
197 	 2.878612756729126
198 	 3.61490535736084
199 	 3.138547420501709
200 	 3.3328559398651123
201 	 2.994180679321289
202 	 3.2601823806762695
203 	 3.326559543609619
204 	 3.4369142055511475
205 	 3.468815803527832
206 	 3.256340742111206
207 	 3.476836919784546
208 	 3.292834758758545
209 	 3.11245059967041
210 	 3.0775625705718994
211 	 3.1776232719421387
212 	 3.1219661235809326
213 	 3.480855703353882
214 	 3.5337274074554443
215 	 3.5732665061950684
216 	 3.3181233406066895
217 	 3.411928653717041
218 	 3.314852237701416
219 	 3.0344953536987305
220 	 3.2690041065216064
221 	 3.6944162845611572
222 	 3.537057399749756
223 	 3.550187587738037
224 	 3.4229507446289062
225 	 3.3967819213867188
226 	 3.350306987762451
227 	 3.3417410850524902
228 	 3.4594953060150146
229 	 3.6221301555633545
230 	 3.673919677734375
231 	 3.6189606189727783
232 	 3.389430046081543
233 	 3.5085864067077637
234 	 3.720141649246216
235 	 3.477470636367798
236 	 3.6289024353027344
237 	 3.1843984127044678
238 	 3.5023066997528076
239 	 3.2986786365509033
240 	 2.961658477783203
241 	 3.066112756729126
242 	 2.990696668624878
243 	 3.182335615158081
244 	 3.435305118560791
245 	 3.331697463989258
246 	 3.3946609497070312
247 	 3.321678400039673
248 	 3.0957324504852295
249 	 3.4583561420440674
250 	 3.8114869594573975
251 	 3.2151567935943604
252 	 3.443396806716919
253 	 3.4053261280059814
254 	 3.411724328994751
255 	 3.4831435680389404
256 	 3.038888692855835
257 	 3.38566517829895
258 	 3.670172929763794
259 	 3.602916955947876
260 	 3.3524317741394043
261 	 3.6850078105926514
262 	 3.1787354946136475
263 	 3.4581527709960938
264 	 3.1663835048675537
265 	 3.6341943740844727
266 	 3.6259729862213135
267 	 3.4056966304779053
268 	 3.721381664276123
269 	 3.7762608528137207
270 	 3.361729860305786
271 	 3.7789034843444824
272 	 3.667743682861328
273 	 3.6966352462768555
274 	 3.7444238662719727
275 	 3.755963087081909
276 	 3.625380039215088
277 	 3.6421289443969727
278 	 3.302706480026245
279 	 3.8247568607330322
280 	 3.5364677906036377
281 	 3.3852126598358154
282 	 3.3625524044036865
283 	 3.035320520401001
284 	 2.7838354110717773
285 	 3.419814348220825
286 	 3.522054672241211
287 	 3.4329946041107178
288 	 3.211250066757202
289 	 3.5440280437469482
290 	 3.4804868698120117
291 	 3.3783719539642334
292 	 3.3881211280822754
293 	 3.4591267108917236
294 	 2.823310613632202
295 	 3.6363117694854736
296 	 3.631791591644287
297 	 3.6497414112091064
298 	 3.5731253623962402
299 	 3.0298056602478027
300 	 3.5799574851989746
301 	 3.2436673641204834
302 	 3.256355047225952
303 	 3.0101869106292725
304 	 2.850184917449951
305 	 3.121873378753662
306 	 3.222853660583496
307 	 3.3879549503326416
308 	 3.3037753105163574
309 	 3.5791549682617188
310 	 3.5740222930908203
311 	 3.4285190105438232
312 	 3.5203745365142822
313 	 3.6407506465911865
314 	 2.8930397033691406
315 	 3.488419532775879
316 	 3.52923321723938
317 	 3.066880702972412
318 	 3.455843687057495
319 	 3.4492692947387695
320 	 3.162180185317993
321 	 3.129079580307007
322 	 3.286536693572998
323 	 3.1828372478485107
324 	 3.0958304405212402
325 	 3.18754243850708
326 	 3.292100429534912
327 	 3.2721288204193115
328 	 3.2021384239196777
329 	 3.1742656230926514
330 	 3.1568946838378906
331 	 3.1318299770355225
332 	 3.219388484954834
333 	 3.262275218963623
334 	 2.9568471908569336
335 	 3.7049500942230225
336 	 3.5901153087615967
337 	 3.653653383255005
338 	 3.514467477798462
339 	 3.867039203643799
340 	 3.468458652496338
341 	 3.509253740310669
342 	 3.4649128913879395
343 	 3.3072714805603027
344 	 3.2863333225250244
345 	 3.46246075630188
346 	 3.496032953262329
347 	 3.265794515609741
348 	 3.0291788578033447
349 	 3.7212412357330322
350 	 2.750758409500122
351 	 1.636915922164917
352 	 1.8194546699523926
353 	 2.0242197513580322
354 	 1.9580038785934448
355 	 1.9608352184295654
356 	 3.118814468383789
357 	 3.497286081314087
358 	 3.3865809440612793
359 	 3.5787580013275146
360 	 3.115999221801758
361 	 3.4521737098693848
362 	 3.2707297801971436
363 	 3.3385162353515625
364 	 3.5026674270629883
365 	 3.620626211166382
366 	 3.2684717178344727
367 	 3.5907561779022217
368 	 3.6600732803344727
369 	 3.4577014446258545
370 	 3.2689313888549805
371 	 3.3973171710968018
372 	 3.3052055835723877
373 	 3.766122817993164
374 	 3.421043634414673
375 	 3.472578287124634
376 	 3.480335235595703
377 	 3.3573760986328125
378 	 3.474130153656006
379 	 3.365774393081665
380 	 3.517124652862549
381 	 3.3699355125427246
382 	 3.5860767364501953
383 	 3.5077903270721436
384 	 3.4619953632354736
385 	 3.2057149410247803
386 	 3.421386241912842
387 	 3.5778746604919434
388 	 3.4097139835357666
389 	 3.566448926925659
390 	 3.4815080165863037
391 	 3.815048933029175
392 	 3.426025152206421
393 	 3.6136326789855957
394 	 3.5546250343322754
395 	 3.268188953399658
396 	 3.4774584770202637
397 	 3.2791268825531006
398 	 3.2405216693878174
399 	 3.2555856704711914
400 	 3.6114702224731445
401 	 3.312485456466675
402 	 3.6058590412139893
403 	 3.649019718170166
404 	 3.371464967727661
405 	 3.5609147548675537
406 	 3.4897806644439697
407 	 3.434417247772217
408 	 3.2964348793029785
409 	 3.506272077560425
410 	 3.3032469749450684
411 	 3.549168825149536
412 	 3.8489012718200684
413 	 3.3527603149414062
414 	 3.724590539932251
415 	 3.6044135093688965
416 	 3.583735466003418
417 	 3.442587375640869
418 	 3.6287872791290283
419 	 3.715287923812866
420 	 3.659090518951416
421 	 3.6105847358703613
422 	 3.5701043605804443
423 	 3.6156015396118164
424 	 3.578778028488159
425 	 3.6297171115875244
426 	 3.4709348678588867
427 	 3.718019485473633
428 	 3.4954841136932373
429 	 3.5017850399017334
430 	 3.391157865524292
431 	 3.5082130432128906
432 	 3.557040214538574
433 	 3.7413482666015625
434 	 3.9072108268737793
435 	 3.4893808364868164
436 	 3.264096260070801
437 	 3.565810441970825
438 	 3.5657200813293457
439 	 3.7794175148010254
440 	 3.594200372695923
441 	 3.6369097232818604
442 	 3.460981607437134
443 	 3.203378915786743
444 	 3.362436294555664
445 	 3.38604474067688
446 	 3.3234872817993164
447 	 2.5121428966522217
448 	 3.6000959873199463
449 	 3.09067440032959
450 	 3.5693700313568115
451 	 3.3644330501556396
452 	 3.1965291500091553
453 	 2.669159412384033
454 	 2.8299248218536377
455 	 3.5585360527038574
456 	 3.4236645698547363
457 	 3.56032133102417
458 	 3.6770670413970947
459 	 3.4618210792541504
460 	 3.4047048091888428
461 	 3.238602638244629
462 	 3.432025671005249
463 	 3.1408801078796387
464 	 2.9721691608428955
465 	 3.216343879699707
466 	 3.1537070274353027
467 	 3.441859245300293
468 	 3.0110275745391846
469 	 3.1438541412353516
470 	 3.234626531600952
471 	 3.341369390487671
472 	 3.550074577331543
473 	 3.3772785663604736
474 	 3.2648661136627197
475 	 3.523899793624878
476 	 3.6084301471710205
477 	 3.5365045070648193
478 	 3.164823055267334
479 	 3.397091865539551
480 	 3.367628335952759
481 	 3.396253824234009
482 	 3.3239572048187256
483 	 3.203686237335205
484 	 2.845864772796631
485 	 3.1075522899627686
486 	 3.518660306930542
487 	 3.297410488128662
488 	 3.3932108879089355
489 	 3.0537030696868896
490 	 3.449930191040039
491 	 3.564502239227295
492 	 3.3498787879943848
493 	 3.3757476806640625
494 	 3.0425808429718018
495 	 3.3702924251556396
496 	 3.316870927810669
497 	 3.3341612815856934
498 	 3.2261037826538086
499 	 3.3356845378875732
500 	 3.224276542663574
501 	 3.142909288406372
502 	 3.1689062118530273
503 	 3.251730442047119
504 	 3.187636375427246
505 	 3.5070557594299316
506 	 3.610121011734009
507 	 3.3720176219940186
508 	 3.1914401054382324
509 	 3.376211166381836
510 	 3.345313787460327
511 	 3.505115270614624
512 	 3.3303933143615723
513 	 3.5984089374542236
514 	 3.3354413509368896
515 	 3.43351149559021
516 	 3.24826979637146
517 	 3.489544153213501
518 	 3.3493428230285645
519 	 3.3291780948638916
520 	 3.310654640197754
521 	 3.5480144023895264
522 	 3.4715981483459473
523 	 3.101287364959717
524 	 3.3695905208587646
525 	 3.189199447631836
526 	 3.2761776447296143
527 	 3.3966424465179443
528 	 3.642031192779541
529 	 3.7289018630981445
530 	 3.270653247833252
531 	 3.673830032348633
532 	 3.347088098526001
533 	 3.6381893157958984
534 	 3.294694662094116
535 	 3.141767740249634
536 	 3.387561798095703
537 	 3.017760992050171
538 	 3.565627098083496
539 	 3.683067560195923
540 	 3.332929849624634
541 	 3.208812952041626
542 	 3.5962939262390137
543 	 3.295923948287964
544 	 3.2305781841278076
545 	 3.495788335800171
546 	 3.7118165493011475
547 	 3.565253496170044
548 	 3.288827657699585
549 	 2.9083468914031982
550 	 3.241807699203491
551 	 3.3209445476531982
552 	 3.3969314098358154
553 	 3.3501710891723633
554 	 3.3970754146575928
555 	 3.5918984413146973
556 	 3.8712494373321533
557 	 3.2468161582946777
558 	 3.0852701663970947
559 	 3.39715576171875
560 	 3.363913059234619
561 	 3.2674543857574463
562 	 3.2773923873901367
563 	 3.611725091934204
564 	 3.2706165313720703
565 	 3.6792073249816895
566 	 3.54223370552063
567 	 3.490833044052124
568 	 3.566763401031494
569 	 3.749030828475952
570 	 3.2902839183807373
571 	 3.290689706802368
572 	 3.6209518909454346
573 	 3.5622665882110596
574 	 3.400508165359497
575 	 3.3006339073181152
576 	 3.525895357131958
577 	 3.2430405616760254
578 	 3.47476863861084
579 	 3.3546061515808105
580 	 3.2023122310638428
581 	 3.25777006149292
582 	 2.9537558555603027
583 	 3.0953681468963623
584 	 2.8390891551971436
585 	 2.8097641468048096
586 	 3.2043492794036865
587 	 3.0251169204711914
588 	 3.077146530151367
589 	 3.3136680126190186
590 	 3.3923919200897217
591 	 3.380693197250366
592 	 3.19435977935791
593 	 3.799813747406006
594 	 3.393725633621216
595 	 3.450549602508545
596 	 3.5762710571289062
597 	 3.3420963287353516
598 	 3.1203207969665527
599 	 3.1186728477478027
600 	 3.3378915786743164
601 	 3.371959924697876
602 	 3.331160545349121
603 	 3.531829357147217
604 	 3.567500591278076
605 	 3.640681743621826
606 	 3.4574697017669678
607 	 3.2911460399627686
608 	 3.7960524559020996
609 	 3.4944751262664795
610 	 3.4297332763671875
611 	 3.5178089141845703
612 	 3.429035186767578
613 	 3.451906681060791
614 	 3.427077054977417
615 	 3.2010011672973633
616 	 3.5820066928863525
617 	 3.5581271648406982
618 	 3.318681478500366
619 	 2.819345712661743
620 	 2.2375218868255615
621 	 2.148923397064209
622 	 2.364121675491333
623 	 2.612788677215576
624 	 3.3702645301818848
625 	 3.172450065612793
626 	 3.328866720199585
627 	 3.500523090362549
628 	 3.6525638103485107
629 	 3.7786784172058105
630 	 3.6282639503479004
631 	 3.6169281005859375
632 	 3.3406190872192383
633 	 3.409698247909546
634 	 3.188339948654175
635 	 3.306457281112671
636 	 3.353853225708008
637 	 3.4075136184692383
638 	 3.2489373683929443
639 	 3.5496580600738525
640 	 3.4744536876678467
641 	 3.4706287384033203
642 	 3.297213315963745
643 	 3.587707996368408
644 	 3.388181209564209
645 	 3.6938648223876953
646 	 3.0541586875915527
647 	 3.420011520385742
648 	 3.3652398586273193
649 	 3.0427913665771484
650 	 3.2149879932403564
651 	 3.2869997024536133
652 	 3.627298355102539
653 	 3.115561008453369
654 	 3.0933101177215576
655 	 3.2682321071624756
656 	 3.0201079845428467
657 	 3.6065711975097656
658 	 3.3928802013397217
659 	 3.4913222789764404
660 	 3.395711660385132
661 	 3.3396992683410645
662 	 3.223104476928711
663 	 3.3724849224090576
664 	 3.5155091285705566
665 	 3.2886698246002197
666 	 3.596688747406006
667 	 3.2791905403137207
668 	 3.2608959674835205
669 	 3.620347499847412
670 	 3.5351035594940186
671 	 3.441481828689575
672 	 3.2528839111328125
673 	 3.0717339515686035
674 	 3.2683613300323486
675 	 3.1467247009277344
676 	 3.2852084636688232
677 	 3.2154977321624756
678 	 3.326850652694702
679 	 3.3116238117218018
680 	 3.351588010787964
681 	 3.35314679145813
682 	 3.629032611846924
683 	 3.430654525756836
684 	 3.699589252471924
685 	 3.3156626224517822
686 	 3.3302652835845947
687 	 3.5415031909942627
688 	 3.851534128189087
689 	 3.5647614002227783
690 	 3.3988845348358154
691 	 3.4043381214141846
692 	 3.557488203048706
693 	 3.442728281021118
694 	 3.4180479049682617
695 	 3.148292064666748
696 	 3.320446252822876
697 	 3.2285659313201904
698 	 2.9949758052825928
699 	 3.2429018020629883
700 	 3.2733473777770996
701 	 3.3644649982452393
702 	 3.121964454650879
703 	 3.2544443607330322
704 	 3.3471598625183105
705 	 3.1672520637512207
706 	 3.147254705429077
707 	 3.2789559364318848
708 	 3.1360116004943848
709 	 3.2000949382781982
710 	 3.456479549407959
711 	 3.3991341590881348
712 	 3.423074722290039
713 	 3.219848871231079
714 	 3.3014278411865234
715 	 3.3935446739196777
716 	 3.3931238651275635
717 	 3.4850339889526367
718 	 3.6370174884796143
719 	 3.3722622394561768
720 	 3.4572219848632812
721 	 3.440373182296753
722 	 3.426027297973633
723 	 3.270991325378418
724 	 3.0148165225982666
725 	 3.3924355506896973
726 	 3.560229539871216
727 	 3.242509603500366
728 	 3.3526365756988525
729 	 3.061701536178589
730 	 3.281388521194458
731 	 3.3626158237457275
732 	 3.085184335708618
733 	 3.3237979412078857
734 	 3.29133677482605
735 	 3.4168288707733154
736 	 3.311462163925171
737 	 3.5663440227508545
738 	 3.58174204826355
739 	 3.1907999515533447
740 	 3.4514458179473877
741 	 3.378649950027466
742 	 3.4189553260803223
743 	 3.6402957439422607
744 	 3.546937942504883
745 	 3.523801326751709
746 	 3.5817112922668457
747 	 3.5011708736419678
748 	 3.767455816268921
749 	 3.6810388565063477
750 	 3.5551586151123047
751 	 3.5583646297454834
752 	 3.5052945613861084
753 	 3.820652723312378
754 	 3.506927251815796
755 	 3.472696542739868
756 	 3.5555925369262695
757 	 3.457742214202881
758 	 3.5897462368011475
759 	 3.4038805961608887
760 	 3.5475356578826904
761 	 3.6109907627105713
762 	 3.488543748855591
763 	 3.775070905685425
764 	 3.6071102619171143
765 	 3.5410711765289307
766 	 3.589249849319458
767 	 3.7836663722991943
768 	 3.699739456176758
769 	 3.9057700634002686
770 	 3.7175655364990234
771 	 3.791466236114502
772 	 3.872192859649658
773 	 3.8435661792755127
774 	 3.529235363006592
775 	 3.580266237258911
776 	 3.4109115600585938
777 	 3.118396759033203
778 	 3.3412156105041504
779 	 3.4487762451171875
780 	 3.5339083671569824
781 	 3.6884286403656006
782 	 3.598132371902466
783 	 3.5195517539978027
784 	 3.523183584213257
785 	 2.9653480052948
786 	 3.431197166442871
787 	 3.3704750537872314
788 	 3.6850733757019043
789 	 3.1912877559661865
790 	 3.5562679767608643
791 	 3.4619555473327637
792 	 3.460238456726074
793 	 3.385566234588623
794 	 3.619248151779175
795 	 3.4530367851257324
796 	 3.313690185546875
797 	 3.3471598625183105
798 	 3.3765432834625244
799 	 3.4949326515197754
800 	 3.321378469467163
801 	 3.345212936401367
802 	 3.3097074031829834
803 	 3.5397276878356934
804 	 3.609941005706787
805 	 3.5879743099212646
806 	 3.372199296951294
807 	 3.5940051078796387
808 	 3.2047224044799805
809 	 3.564941883087158
810 	 3.584266424179077
811 	 3.1361541748046875
812 	 2.8953206539154053
813 	 3.1645114421844482
814 	 3.261141777038574
815 	 3.012021541595459
816 	 3.0847508907318115
817 	 2.9975273609161377
818 	 3.180455207824707
819 	 3.196225166320801
820 	 3.1414589881896973
821 	 2.856102466583252
822 	 3.130553722381592
823 	 3.2081401348114014
824 	 2.968486785888672
825 	 3.1817502975463867
826 	 3.069658041000366
827 	 2.937122106552124
828 	 3.2191076278686523
829 	 3.621981143951416
830 	 3.6107048988342285
831 	 3.6821656227111816
832 	 3.4901139736175537
833 	 3.45005464553833
834 	 3.5645763874053955
835 	 3.5363967418670654
836 	 3.6076488494873047
837 	 3.5198307037353516
838 	 2.7155768871307373
839 	 2.9211089611053467
840 	 3.148653507232666
841 	 2.699491262435913
842 	 3.136636734008789
843 	 3.150146722793579
844 	 2.833716630935669
845 	 2.957847833633423
846 	 3.020132303237915
847 	 2.8341848850250244
848 	 3.0691487789154053
849 	 3.0163793563842773
850 	 2.933468818664551
851 	 2.786104202270508
852 	 2.9422764778137207
853 	 3.1567349433898926
854 	 2.9557788372039795
855 	 2.9208202362060547
856 	 2.9452435970306396
857 	 2.842262029647827
858 	 3.0038082599639893
859 	 3.160788059234619
860 	 3.4411542415618896
861 	 3.6345605850219727
862 	 3.5777876377105713
863 	 3.6841659545898438
864 	 3.41162109375
865 	 3.4892687797546387
866 	 3.3222665786743164
867 	 3.1682567596435547
868 	 3.0130245685577393
869 	 3.4433505535125732
870 	 3.3774807453155518
871 	 3.784609317779541
872 	 3.519021987915039
873 	 3.649285316467285
874 	 2.9931271076202393
875 	 3.4372353553771973
876 	 3.536191940307617
877 	 3.581886053085327
878 	 3.5898425579071045
879 	 3.6446619033813477
880 	 3.5182876586914062
881 	 3.645794630050659
882 	 3.639023780822754
883 	 3.419267416000366
884 	 3.5570974349975586
885 	 3.44948410987854
886 	 3.1167197227478027
887 	 3.087648868560791
888 	 3.233704090118408
889 	 3.0681867599487305
890 	 3.297586441040039
891 	 3.2227110862731934
892 	 2.889960527420044
893 	 3.0382261276245117
894 	 3.1425957679748535
895 	 3.1386306285858154
896 	 3.2206485271453857
897 	 3.2256762981414795
898 	 3.318659782409668
899 	 3.054009437561035
900 	 3.2598111629486084
901 	 3.4666268825531006
902 	 3.2913482189178467
903 	 3.2655203342437744
904 	 3.4868531227111816
905 	 3.3013532161712646
906 	 3.1064584255218506
907 	 2.87321400642395
908 	 3.091885805130005
909 	 3.2304255962371826
910 	 3.1668457984924316
911 	 3.3483681678771973
912 	 3.208064556121826
913 	 3.0668513774871826
914 	 3.3767600059509277
915 	 3.1862494945526123
916 	 3.243232488632202
917 	 3.1591193675994873
918 	 3.1145825386047363
919 	 3.297173023223877
920 	 3.060894727706909
921 	 3.391920566558838
922 	 3.3546438217163086
923 	 3.2832958698272705
924 	 3.053831100463867
925 	 3.271496057510376
926 	 3.2880396842956543
927 	 3.108900547027588
928 	 3.2836220264434814
929 	 3.194105863571167
930 	 3.2958948612213135
931 	 3.3281147480010986
932 	 3.246159076690674
933 	 3.3016324043273926
934 	 3.076432704925537
935 	 3.2349462509155273
936 	 3.17474627494812
937 	 3.309133768081665
938 	 3.3188295364379883
939 	 3.2445731163024902
940 	 3.1032557487487793
941 	 3.1833512783050537
942 	 3.2132937908172607
943 	 3.299694776535034
944 	 3.1689529418945312
945 	 3.200430393218994
946 	 3.1359505653381348
947 	 3.22894549369812
948 	 3.193469762802124
949 	 3.2482635974884033
950 	 3.131340980529785
951 	 3.2125823497772217
952 	 3.195580244064331
953 	 3.189007520675659
954 	 3.082016706466675
955 	 3.243222951889038
956 	 3.194150686264038
957 	 3.144564151763916
958 	 3.0556931495666504
959 	 3.081519603729248
960 	 3.1657187938690186
961 	 3.1838183403015137
962 	 3.273634672164917
963 	 3.336336374282837
964 	 3.2333333492279053
965 	 3.1520233154296875
966 	 3.1531267166137695
967 	 3.3467893600463867
968 	 3.01167368888855
969 	 3.160928726196289
970 	 2.975308656692505
971 	 3.207644462585449
972 	 3.32855224609375
973 	 3.149418354034424
974 	 3.296447992324829
975 	 3.297855854034424
976 	 3.1984758377075195
977 	 3.492936849594116
978 	 3.187772512435913
979 	 3.2603800296783447
980 	 3.255988359451294
981 	 3.3869471549987793
982 	 3.1833417415618896
983 	 3.3894338607788086
984 	 3.3092739582061768
985 	 3.2757694721221924
986 	 3.161818265914917
987 	 3.211892604827881
988 	 3.186007499694824
989 	 3.143760919570923
990 	 3.2485532760620117
991 	 2.93900728225708
992 	 3.0943825244903564
993 	 3.374237060546875
994 	 3.1970717906951904
995 	 3.2984259128570557
996 	 3.3152616024017334
997 	 3.078038454055786
998 	 3.075901508331299
999 	 3.218122720718384
1000 	 2.808013916015625
1001 	 3.673417091369629
1002 	 3.422253131866455
1003 	 3.6954472064971924
1004 	 3.6689279079437256
1005 	 3.5407228469848633
1006 	 3.5510926246643066
1007 	 3.45383882522583
1008 	 3.419074535369873
1009 	 3.477241277694702
1010 	 3.589564085006714
1011 	 3.5111312866210938
1012 	 3.573439598083496
1013 	 3.2689666748046875
1014 	 3.154691457748413
1015 	 3.0665831565856934
1016 	 3.213397979736328
1017 	 3.6402361392974854
1018 	 3.1526758670806885
1019 	 3.091212511062622
1020 	 3.4173731803894043
1021 	 3.2453548908233643
1022 	 3.1293275356292725
1023 	 3.257014751434326
1024 	 3.09336519241333
1025 	 3.081602096557617
1026 	 3.1191701889038086
1027 	 3.1690196990966797
1028 	 3.2479965686798096
1029 	 3.2973365783691406
1030 	 3.2704544067382812
1031 	 3.227017402648926
1032 	 3.1379666328430176
1033 	 3.166583299636841
1034 	 3.239323377609253
1035 	 3.2606923580169678
1036 	 3.203320264816284
1037 	 3.1882872581481934
1038 	 3.0663907527923584
1039 	 3.1016976833343506
1040 	 3.2646219730377197
1041 	 3.310109853744507
1042 	 3.420027256011963
1043 	 3.5575857162475586
1044 	 3.078195810317993
1045 	 3.5556631088256836
1046 	 3.580716848373413
1047 	 3.452543020248413
1048 	 3.6945064067840576
1049 	 3.6146442890167236
1050 	 3.597832441329956
1051 	 3.5208005905151367
1052 	 3.4435970783233643
1053 	 3.2542965412139893
1054 	 3.181429862976074
1055 	 3.457045793533325
1056 	 3.2516942024230957
1057 	 3.3807296752929688
1058 	 2.7197649478912354
1059 	 2.6540658473968506
1060 	 3.187431573867798
1061 	 2.8614232540130615
1062 	 3.262709856033325
1063 	 3.1075685024261475
1064 	 3.471863269805908
1065 	 3.54492449760437
1066 	 3.457000732421875
1067 	 3.6380774974823
1068 	 3.5685698986053467
1069 	 3.7641265392303467
1070 	 3.592698812484741
1071 	 3.573213577270508
1072 	 3.7330048084259033
1073 	 3.8009605407714844
1074 	 3.577251672744751
1075 	 3.7078776359558105
1076 	 3.7799782752990723
1077 	 3.7710204124450684
1078 	 3.519061803817749
1079 	 3.7715158462524414
1080 	 3.5795552730560303
1081 	 3.6736981868743896
1082 	 3.752903461456299
1083 	 3.5122509002685547
1084 	 3.606097936630249
1085 	 3.6097652912139893
1086 	 3.8002450466156006
1087 	 3.4800093173980713
1088 	 3.7347843647003174
1089 	 3.695143699645996
1090 	 3.615212917327881
1091 	 3.6733076572418213
1092 	 3.7167916297912598
1093 	 3.779719591140747
1094 	 3.6733169555664062
1095 	 3.739354133605957
1096 	 3.6688032150268555
1097 	 3.6019718647003174
1098 	 3.5742347240448
1099 	 3.5066211223602295
1100 	 3.6916074752807617
1101 	 3.5094940662384033
1102 	 3.4976799488067627
1103 	 3.708693504333496
1104 	 3.671804904937744
1105 	 3.614407777786255
1106 	 3.7290778160095215
1107 	 3.7565672397613525
1108 	 3.6692728996276855
1109 	 3.4676201343536377
1110 	 3.9254753589630127
1111 	 3.781289577484131
1112 	 3.6265017986297607
1113 	 3.684908390045166
1114 	 3.706991672515869
1115 	 3.674652576446533
1116 	 3.62370228767395
1117 	 3.741445302963257
1118 	 3.6874468326568604
1119 	 3.7800252437591553
1120 	 3.7298226356506348
1121 	 3.492344617843628
1122 	 3.8342556953430176
1123 	 3.640387773513794
1124 	 3.6924197673797607
1125 	 3.6285040378570557
1126 	 3.6624019145965576
1127 	 3.727755308151245
1128 	 3.815099000930786
1129 	 3.7272109985351562
1130 	 3.5334630012512207
1131 	 3.7503268718719482
1132 	 3.6950461864471436
1133 	 3.5847833156585693
1134 	 3.5091633796691895
1135 	 3.5945582389831543
1136 	 3.6016318798065186
1137 	 3.7331817150115967
1138 	 3.677687883377075
1139 	 3.6606857776641846
1140 	 3.567452907562256
1141 	 3.770312547683716
1142 	 3.7290778160095215
1143 	 3.699746608734131
1144 	 3.4564130306243896
1145 	 3.5182323455810547
1146 	 3.522029161453247
1147 	 3.7044689655303955
1148 	 3.687674045562744
1149 	 3.7604150772094727
1150 	 3.5542564392089844
1151 	 3.386420249938965
1152 	 3.590047597885132
1153 	 3.5564651489257812
1154 	 3.5550405979156494
1155 	 3.588399887084961
1156 	 3.5552680492401123
1157 	 3.4396214485168457
1158 	 3.62471079826355
1159 	 3.6347670555114746
1160 	 3.171490430831909
1161 	 3.6585123538970947
1162 	 3.386540412902832
1163 	 2.84002685546875
1164 	 2.707298994064331
1165 	 2.6404786109924316
1166 	 2.6452410221099854
1167 	 2.6718344688415527
1168 	 2.6352357864379883
1169 	 3.0203306674957275
1170 	 3.417515516281128
1171 	 3.4533603191375732
1172 	 3.4779105186462402
1173 	 3.4155280590057373
1174 	 3.489044666290283
1175 	 3.493631362915039
1176 	 3.472005844116211
1177 	 3.7318124771118164
1178 	 3.711632013320923
1179 	 3.5713250637054443
1180 	 3.655754566192627
1181 	 3.5038819313049316
1182 	 3.4858245849609375
1183 	 3.7902991771698
1184 	 3.642418384552002
1185 	 3.595804214477539
1186 	 3.6301770210266113
1187 	 3.812253952026367
1188 	 3.727576732635498
1189 	 3.7180628776550293
1190 	 3.722736120223999
1191 	 3.6123480796813965
1192 	 3.623425006866455
1193 	 3.8902387619018555
1194 	 3.819150447845459
1195 	 3.6860616207122803
1196 	 3.9145658016204834
1197 	 3.673631429672241
1198 	 3.6246261596679688
1199 	 3.637190818786621
1200 	 3.7503204345703125
1201 	 3.830317497253418
1202 	 3.794572114944458
1203 	 3.8071959018707275
1204 	 3.9116289615631104
1205 	 3.8658697605133057
1206 	 3.8905556201934814
1207 	 3.673872947692871
1208 	 3.84830904006958
1209 	 3.8321564197540283
1210 	 3.6854305267333984
1211 	 3.8054380416870117
1212 	 3.768717050552368
1213 	 3.734614133834839
1214 	 3.7557709217071533
1215 	 3.860447645187378
1216 	 3.7433130741119385
1217 	 3.8823609352111816
1218 	 3.926516532897949
1219 	 3.8887252807617188
1220 	 3.851684093475342
1221 	 3.8977484703063965
1222 	 3.744011878967285
1223 	 3.923572540283203
1224 	 3.833002805709839
1225 	 3.6803386211395264
1226 	 3.839470148086548
1227 	 3.8791937828063965
1228 	 3.9027798175811768
1229 	 3.6332437992095947
1230 	 3.774853229522705
1231 	 3.7930197715759277
1232 	 3.8382935523986816
1233 	 3.7204244136810303
1234 	 3.6980249881744385
1235 	 3.6387205123901367
1236 	 3.7825734615325928
1237 	 3.8177683353424072
1238 	 3.8283798694610596
1239 	 3.8752834796905518
1240 	 3.784816026687622
1241 	 3.755887746810913
1242 	 3.7589995861053467
1243 	 3.5177412033081055
1244 	 3.7359139919281006
1245 	 3.8600730895996094
1246 	 3.634770154953003
1247 	 3.56585955619812
1248 	 3.1070432662963867
1249 	 3.148538589477539
1250 	 3.0269625186920166
1251 	 3.038658857345581
1252 	 3.0722546577453613
1253 	 2.8255486488342285
1254 	 2.788856029510498
1255 	 2.920961380004883
1256 	 2.936415433883667
1257 	 2.9821555614471436
1258 	 3.1749911308288574
1259 	 3.076019525527954
1260 	 3.093982458114624
1261 	 3.1590518951416016
1262 	 3.1082606315612793
1263 	 3.0564677715301514
1264 	 3.024975538253784
1265 	 3.156773805618286
1266 	 3.042649269104004
1267 	 3.1519389152526855
1268 	 3.192596673965454
1269 	 3.172708511352539
1270 	 3.034954786300659
1271 	 3.0124504566192627
1272 	 2.9709136486053467
1273 	 3.1179020404815674
1274 	 3.090080738067627
1275 	 3.2446556091308594
1276 	 3.258378028869629
1277 	 3.198218822479248
1278 	 3.193694591522217
1279 	 3.2986183166503906
1280 	 3.232679605484009
1281 	 3.281576633453369
1282 	 3.055265426635742
1283 	 2.979300022125244
1284 	 3.196667194366455
1285 	 2.974594831466675
1286 	 3.1366946697235107
1287 	 3.12947154045105
1288 	 3.0757648944854736
1289 	 3.0885086059570312
1290 	 2.9997923374176025
1291 	 2.9802098274230957
1292 	 3.0272789001464844
1293 	 3.1013801097869873
1294 	 3.1067514419555664
1295 	 3.0419576168060303
1296 	 3.0265090465545654
1297 	 3.1434922218322754
1298 	 3.047962188720703
1299 	 3.115007162094116
1300 	 3.1300673484802246
1301 	 3.009799003601074
1302 	 2.9678194522857666
1303 	 3.0547754764556885
1304 	 2.9672935009002686
1305 	 3.0452535152435303
1306 	 3.1021769046783447
1307 	 3.057314872741699
1308 	 3.134002923965454
1309 	 3.033930540084839
1310 	 3.233370780944824
1311 	 3.143996000289917
1312 	 3.164611577987671
1313 	 3.046327590942383
1314 	 3.0073626041412354
1315 	 3.0788421630859375
1316 	 3.022681713104248
1317 	 3.034315347671509
1318 	 3.110252857208252
1319 	 3.0782876014709473
1320 	 3.001802444458008
1321 	 3.1134822368621826
1322 	 3.104384660720825
1323 	 3.19450306892395
1324 	 3.1262030601501465
1325 	 3.021286964416504
1326 	 3.143563747406006
1327 	 3.059211254119873
1328 	 3.2554209232330322
1329 	 3.038599729537964
1330 	 3.1229248046875
1331 	 3.1816608905792236
1332 	 3.0241847038269043
1333 	 3.016099452972412
1334 	 2.985398530960083
1335 	 3.229006052017212
1336 	 3.304745674133301
1337 	 3.0106091499328613
1338 	 3.108701229095459
1339 	 3.140284538269043
1340 	 2.9821126461029053
1341 	 3.092423915863037
1342 	 3.2424676418304443
1343 	 3.1472384929656982
1344 	 3.1283481121063232
1345 	 3.0830163955688477
1346 	 3.0005955696105957
1347 	 3.1021573543548584
1348 	 3.0886051654815674
1349 	 3.090963363647461
1350 	 3.0755362510681152
1351 	 3.0795040130615234
1352 	 3.029632091522217
1353 	 3.0734503269195557
1354 	 3.0504515171051025
1355 	 3.119546413421631
1356 	 3.1332457065582275
1357 	 2.945997476577759
1358 	 3.0771331787109375
1359 	 2.999194622039795
1360 	 3.000270128250122
1361 	 3.2565786838531494
1362 	 3.141402244567871
1363 	 3.0157816410064697
1364 	 3.0733509063720703
1365 	 3.085106611251831
1366 	 3.1482608318328857
1367 	 3.1515142917633057
1368 	 3.082484722137451
1369 	 3.0077428817749023
1370 	 3.078246831893921
1371 	 3.034658432006836
1372 	 2.9942569732666016
1373 	 3.030039072036743
1374 	 3.1204004287719727
1375 	 3.0002646446228027
1376 	 3.0629096031188965
1377 	 2.8699307441711426
1378 	 3.1786563396453857
1379 	 3.0681800842285156
1380 	 3.0045931339263916
1381 	 3.0908501148223877
1382 	 2.9694530963897705
1383 	 3.102698802947998
1384 	 3.1321208477020264
1385 	 3.264885663986206
1386 	 3.118053436279297
1387 	 3.129213571548462
1388 	 3.171628952026367
1389 	 3.2810823917388916
1390 	 3.0692214965820312
1391 	 3.078005790710449
1392 	 3.0723772048950195
1393 	 3.148479700088501
1394 	 3.120600461959839
1395 	 3.025094985961914
1396 	 3.0539636611938477
1397 	 3.1432056427001953
1398 	 3.0470638275146484
1399 	 3.1386289596557617
1400 	 3.11417293548584
1401 	 3.1699295043945312
1402 	 3.117415189743042
1403 	 3.072390079498291
1404 	 3.1666781902313232
1405 	 3.045642852783203
1406 	 3.1348934173583984
1407 	 3.1243903636932373
1408 	 3.0841610431671143
1409 	 3.0685932636260986
1410 	 3.0903236865997314
1411 	 3.0479037761688232
1412 	 3.148686408996582
1413 	 3.028604030609131
1414 	 3.1348960399627686
1415 	 3.127828598022461
1416 	 3.035971164703369
1417 	 3.1134796142578125
1418 	 3.098039150238037
1419 	 3.0346710681915283
1420 	 3.0996665954589844
1421 	 3.0744290351867676
1422 	 3.0907399654388428
1423 	 3.0409116744995117
1424 	 3.050542116165161
1425 	 3.1594882011413574
1426 	 3.0125954151153564
1427 	 3.080176591873169
1428 	 3.1009559631347656
1429 	 3.142305850982666
1430 	 3.0957651138305664
1431 	 3.1947126388549805
1432 	 3.1104283332824707
1433 	 3.0726876258850098
1434 	 3.1583657264709473
1435 	 2.911907434463501
1436 	 3.0595788955688477
1437 	 3.1353094577789307
1438 	 3.0712015628814697
1439 	 3.0800790786743164
1440 	 3.1730220317840576
1441 	 3.252427101135254
1442 	 3.20550799369812
1443 	 3.2023520469665527
1444 	 3.20000958442688
1445 	 3.217424154281616
1446 	 3.225609064102173
1447 	 3.2980270385742188
1448 	 3.234358549118042
1449 	 3.1055185794830322
1450 	 3.1395297050476074
1451 	 3.0039992332458496
1452 	 3.0100855827331543
1453 	 2.980659008026123
1454 	 3.1086649894714355
1455 	 3.1441285610198975
1456 	 3.0754234790802
1457 	 3.137559413909912
1458 	 3.0677499771118164
1459 	 3.0494656562805176
1460 	 3.09839129447937
1461 	 3.1023190021514893
1462 	 3.1611268520355225
1463 	 3.0264811515808105
1464 	 3.1312761306762695
1465 	 3.1245627403259277
1466 	 3.1240956783294678
1467 	 3.1505861282348633
1468 	 3.076885461807251
1469 	 3.0200674533843994
1470 	 3.056490898132324
1471 	 3.193168878555298
1472 	 3.1177401542663574
1473 	 3.094914674758911
1474 	 3.1917977333068848
1475 	 3.1393728256225586
1476 	 3.0337140560150146
1477 	 3.104050636291504
1478 	 3.1800220012664795
1479 	 3.0624208450317383
1480 	 3.138140916824341
1481 	 3.1076712608337402
1482 	 3.0801689624786377
1483 	 3.231710910797119
1484 	 3.099038600921631
1485 	 3.0286097526550293
1486 	 3.0110795497894287
1487 	 3.0091655254364014
1488 	 3.049581289291382
1489 	 3.025721788406372
1490 	 2.9655613899230957
1491 	 2.8928844928741455
1492 	 2.9158103466033936
1493 	 3.047417640686035
1494 	 3.0300228595733643
1495 	 3.0289082527160645
1496 	 3.115093946456909
1497 	 3.0816783905029297
1498 	 3.1324172019958496
1499 	 3.105593204498291
1500 	 3.1421396732330322
1501 	 3.1502184867858887
1502 	 3.003990650177002
1503 	 3.068554639816284
1504 	 3.061868667602539
1505 	 3.0580132007598877
1506 	 2.968370199203491
1507 	 3.1007442474365234
1508 	 3.0990779399871826
1509 	 3.031581401824951
1510 	 3.0092415809631348
1511 	 3.0046849250793457
1512 	 2.9885385036468506
1513 	 3.1237852573394775
1514 	 3.0334365367889404
1515 	 3.031994104385376
1516 	 3.0796613693237305
1517 	 3.2078144550323486
1518 	 3.322331666946411
1519 	 3.142162799835205
1520 	 2.9881186485290527
1521 	 3.0489931106567383
1522 	 3.1209938526153564
1523 	 3.0821473598480225
1524 	 3.153174877166748
1525 	 2.9759936332702637
1526 	 3.020113229751587
1527 	 2.963552474975586
1528 	 3.0273783206939697
1529 	 3.2611162662506104
1530 	 2.9690310955047607
1531 	 3.148725986480713
1532 	 3.2013661861419678
1533 	 3.0764389038085938
1534 	 3.0160951614379883
1535 	 3.0889759063720703
1536 	 3.027311086654663
1537 	 3.0836992263793945
1538 	 3.080296754837036
1539 	 2.940913438796997
1540 	 3.0299630165100098
1541 	 3.106358528137207
1542 	 3.1743619441986084
1543 	 3.001054048538208
1544 	 3.096785545349121
1545 	 3.130784511566162
1546 	 3.0898423194885254
1547 	 3.095494031906128
1548 	 2.961686611175537
1549 	 3.1270008087158203
1550 	 3.2254223823547363
1551 	 3.164841651916504
1552 	 3.1264469623565674
1553 	 3.1751773357391357
1554 	 3.196965456008911
1555 	 3.2150068283081055
1556 	 3.316833257675171
1557 	 3.104330062866211
1558 	 3.1874351501464844
1559 	 3.2690351009368896
1560 	 3.0938076972961426
1561 	 3.046032667160034
1562 	 3.088637351989746
1563 	 3.158033609390259
1564 	 3.063351631164551
1565 	 3.0313098430633545
1566 	 3.099447727203369
1567 	 3.144663095474243
1568 	 3.047581672668457
1569 	 3.1651604175567627
1570 	 2.975282669067383
1571 	 3.1534676551818848
1572 	 3.0375146865844727
1573 	 2.9661383628845215
1574 	 3.119532346725464
1575 	 3.1260488033294678
1576 	 3.0420351028442383
1577 	 3.106360912322998
1578 	 3.209130048751831
1579 	 3.004586935043335
1580 	 3.093217134475708
1581 	 3.1905577182769775
1582 	 3.0134897232055664
1583 	 3.100273609161377
1584 	 3.14928936958313
1585 	 3.104572296142578
1586 	 3.1125500202178955
1587 	 2.957056760787964
1588 	 3.0791866779327393
1589 	 3.054837226867676
1590 	 2.9592690467834473
1591 	 2.9917843341827393
1592 	 3.072154998779297
1593 	 3.0161588191986084
1594 	 3.0147275924682617
1595 	 3.1116983890533447
1596 	 3.068641185760498
1597 	 3.106781482696533
1598 	 3.1231980323791504
1599 	 3.152409791946411
1600 	 3.1305644512176514
1601 	 3.106940984725952
1602 	 3.239844799041748
1603 	 3.0998294353485107
1604 	 3.1676688194274902
1605 	 3.0613439083099365
1606 	 3.3309123516082764
1607 	 3.1118688583374023
1608 	 3.1852900981903076
1609 	 3.134993076324463
1610 	 3.2181482315063477
1611 	 3.0372889041900635
1612 	 3.061741590499878
1613 	 3.1407999992370605
1614 	 3.0464601516723633
1615 	 3.1689512729644775
1616 	 3.2237892150878906
1617 	 3.1697607040405273
1618 	 3.0406272411346436
1619 	 3.2540531158447266
1620 	 2.9909064769744873
1621 	 3.034029483795166
1622 	 3.059093713760376
1623 	 3.1096904277801514
1624 	 3.3329882621765137
1625 	 3.2265570163726807
1626 	 3.2342658042907715
1627 	 3.2821311950683594
1628 	 3.335710048675537
1629 	 3.2275333404541016
1630 	 3.088496446609497
1631 	 3.118246555328369
1632 	 3.0591487884521484
1633 	 3.1500537395477295
1634 	 3.1574628353118896
1635 	 2.925316333770752
1636 	 3.1885557174682617
1637 	 3.14211368560791
1638 	 3.1672534942626953
1639 	 3.127061128616333
1640 	 2.9350483417510986
1641 	 3.027312994003296
1642 	 2.973867416381836
1643 	 2.9129369258880615
1644 	 2.923311471939087
1645 	 3.0842268466949463
1646 	 3.0172691345214844
1647 	 2.9965224266052246
1648 	 2.970686197280884
1649 	 3.0214383602142334
1650 	 3.081594467163086
1651 	 3.0591347217559814
1652 	 3.0102217197418213
1653 	 3.006871223449707
1654 	 3.031458616256714
1655 	 2.979144811630249
1656 	 3.0384626388549805
1657 	 3.119229793548584
1658 	 3.0155770778656006
1659 	 3.106837034225464
1660 	 3.047353982925415
1661 	 3.152271032333374
1662 	 3.1196510791778564
1663 	 3.1911230087280273
1664 	 3.209160804748535
1665 	 2.99544358253479
1666 	 3.1126644611358643
1667 	 2.9744741916656494
1668 	 2.940051555633545
1669 	 3.046682119369507
1670 	 3.1146790981292725
1671 	 3.150531530380249
1672 	 3.0556318759918213
1673 	 3.186387777328491
1674 	 3.0255939960479736
1675 	 2.8802478313446045
1676 	 2.9528117179870605
1677 	 2.8924858570098877
1678 	 2.9416050910949707
1679 	 2.973773956298828
1680 	 2.9982078075408936
1681 	 3.014211893081665
1682 	 3.067903518676758
1683 	 3.043236017227173
1684 	 3.0522778034210205
1685 	 3.2120161056518555
1686 	 3.1452574729919434
1687 	 3.1939806938171387
1688 	 3.1836681365966797
1689 	 3.1892075538635254
1690 	 3.249162435531616
1691 	 3.238868236541748
1692 	 3.3064050674438477
1693 	 3.3114871978759766
1694 	 3.3098838329315186
1695 	 3.2173917293548584
1696 	 3.1687231063842773
1697 	 3.1705312728881836
1698 	 2.989737033843994
1699 	 3.3187553882598877
1700 	 3.09037709236145
1701 	 3.244929313659668
1702 	 3.2373239994049072
1703 	 3.2799558639526367
1704 	 3.233990430831909
1705 	 3.34462308883667
1706 	 3.039515733718872
1707 	 3.09702205657959
1708 	 3.0453405380249023
1709 	 3.0813138484954834
1710 	 3.060694456100464
1711 	 2.9094772338867188
1712 	 2.974306106567383
1713 	 3.062685012817383
1714 	 3.158376693725586
1715 	 3.0485782623291016
1716 	 3.1045470237731934
1717 	 3.114302635192871
1718 	 2.947478771209717
1719 	 3.0677101612091064
1720 	 3.135138511657715
1721 	 3.032896041870117
1722 	 3.0607283115386963
1723 	 3.026914596557617
1724 	 3.0089313983917236
1725 	 2.9601316452026367
1726 	 2.9806621074676514
1727 	 2.993999719619751
1728 	 2.9668240547180176
1729 	 2.9614431858062744
1730 	 2.9235589504241943
1731 	 2.9794397354125977
1732 	 3.017749786376953
1733 	 3.040929079055786
1734 	 3.0928940773010254
1735 	 3.0351974964141846
1736 	 3.050459146499634
1737 	 3.1572887897491455
1738 	 2.9917550086975098
1739 	 3.100916624069214
1740 	 3.112806797027588
1741 	 3.0418858528137207
1742 	 3.079177141189575
1743 	 3.1481528282165527
1744 	 3.0415594577789307
1745 	 3.100078582763672
1746 	 3.2427759170532227
1747 	 3.243546962738037
1748 	 3.3262767791748047
1749 	 3.186584711074829
