0 	 0.0
1 	 1.2416363954544067
2 	 1.387091040611267
3 	 0.9689371585845947
4 	 2.1364493370056152
5 	 2.190427780151367
6 	 1.681820273399353
7 	 2.017165422439575
8 	 2.5029120445251465
9 	 2.391529083251953
10 	 2.010042428970337
11 	 2.1967358589172363
12 	 2.139878749847412
13 	 1.571860909461975
14 	 1.611399531364441
15 	 1.3537909984588623
16 	 1.2660523653030396
17 	 1.181557059288025
18 	 1.8496129512786865
19 	 1.5136229991912842
20 	 1.6778737306594849
21 	 1.7394723892211914
22 	 2.475961923599243
23 	 2.3638503551483154
24 	 2.2734086513519287
25 	 1.9844942092895508
26 	 2.1997804641723633
27 	 2.194190263748169
28 	 2.0219454765319824
29 	 2.084040641784668
30 	 2.1879725456237793
31 	 2.0657601356506348
32 	 2.1926469802856445
33 	 2.546424150466919
34 	 2.0796470642089844
35 	 2.0688631534576416
36 	 1.593755841255188
37 	 1.653635025024414
38 	 1.6326452493667603
39 	 1.5771713256835938
40 	 1.6954959630966187
41 	 1.61143958568573
42 	 1.7152889966964722
43 	 1.8642140626907349
44 	 2.1527328491210938
45 	 2.343782901763916
46 	 1.8622276782989502
47 	 2.027726411819458
48 	 1.8839560747146606
49 	 2.138237714767456
50 	 2.3796446323394775
51 	 2.9510951042175293
52 	 2.248595952987671
53 	 2.201983690261841
54 	 1.7835769653320312
55 	 1.8672943115234375
56 	 1.9802851676940918
57 	 1.9162057638168335
58 	 1.9380764961242676
59 	 2.798060894012451
60 	 2.222999095916748
61 	 2.394005060195923
62 	 2.671358108520508
63 	 3.323101043701172
64 	 3.5253243446350098
65 	 3.332362651824951
66 	 3.3254401683807373
67 	 3.068371295928955
68 	 3.4843361377716064
69 	 3.1948559284210205
70 	 3.3202669620513916
71 	 3.138794183731079
72 	 3.556257724761963
73 	 3.4040133953094482
74 	 3.0939199924468994
75 	 3.5123260021209717
76 	 3.60988712310791
77 	 3.2615480422973633
78 	 3.4863522052764893
79 	 3.3956446647644043
80 	 3.188857078552246
81 	 3.4549918174743652
82 	 3.180115222930908
83 	 3.4023938179016113
84 	 3.623694896697998
85 	 3.483020305633545
86 	 3.07462215423584
87 	 3.323193311691284
88 	 2.7626559734344482
89 	 3.117863416671753
90 	 3.458460807800293
91 	 3.298851490020752
92 	 3.692112445831299
93 	 3.1898958683013916
94 	 3.4319417476654053
95 	 3.350761651992798
96 	 3.5355172157287598
97 	 3.637390613555908
98 	 3.5034337043762207
99 	 3.503516912460327
100 	 3.79321026802063
101 	 3.4424972534179688
102 	 3.723846673965454
103 	 3.2486624717712402
104 	 3.5588738918304443
105 	 3.5431668758392334
106 	 3.3977251052856445
107 	 3.1172759532928467
108 	 3.6633129119873047
109 	 3.426337242126465
110 	 3.2374067306518555
111 	 3.2657933235168457
112 	 3.4307007789611816
113 	 3.516709566116333
114 	 2.9385383129119873
115 	 3.343947172164917
116 	 3.5310726165771484
117 	 3.444143295288086
118 	 3.3005499839782715
119 	 3.327056884765625
120 	 3.641634702682495
121 	 3.0890555381774902
122 	 3.5307743549346924
123 	 3.1674482822418213
124 	 3.1190662384033203
125 	 3.50229549407959
126 	 3.2447128295898438
127 	 2.8487496376037598
128 	 3.3915181159973145
129 	 3.2707698345184326
130 	 3.616981267929077
131 	 3.4860520362854004
132 	 3.422058582305908
133 	 3.109266519546509
134 	 3.3273963928222656
135 	 3.527292490005493
136 	 3.6573026180267334
137 	 1.9602482318878174
138 	 2.0427210330963135
139 	 2.230121612548828
140 	 2.1438677310943604
141 	 1.9782309532165527
142 	 2.2616872787475586
143 	 2.138155221939087
144 	 2.0900189876556396
145 	 1.8860218524932861
146 	 1.665893793106079
147 	 2.2208900451660156
148 	 2.01832914352417
149 	 2.006086587905884
150 	 2.161466360092163
151 	 2.2655889987945557
152 	 2.188727617263794
153 	 2.2469561100006104
154 	 1.9808993339538574
155 	 2.2032289505004883
156 	 1.6062967777252197
157 	 1.4965556859970093
158 	 1.4055869579315186
159 	 1.2807872295379639
160 	 1.5009921789169312
161 	 1.822636604309082
162 	 1.53311288356781
163 	 1.1244139671325684
164 	 1.2372599840164185
165 	 1.426429271697998
166 	 0.9596583247184753
167 	 2.5434577465057373
168 	 2.252199411392212
169 	 2.276726722717285
170 	 3.288970470428467
171 	 3.5104570388793945
172 	 3.572176694869995
173 	 3.7421720027923584
174 	 3.655290126800537
175 	 3.5726096630096436
176 	 3.5757181644439697
177 	 3.4241814613342285
178 	 3.432871103286743
179 	 3.7343900203704834
180 	 3.4813315868377686
181 	 3.5792429447174072
182 	 3.0593173503875732
183 	 3.439565896987915
184 	 3.7520596981048584
185 	 3.292335033416748
186 	 3.747858762741089
187 	 3.738088607788086
188 	 3.559576988220215
189 	 3.4258108139038086
190 	 3.3498106002807617
191 	 3.115642786026001
192 	 2.9697577953338623
193 	 3.529520273208618
194 	 3.6869094371795654
195 	 2.883635997772217
196 	 3.181105613708496
197 	 2.878612756729126
198 	 3.61490535736084
199 	 3.138547420501709
200 	 3.3328559398651123
201 	 2.994180679321289
202 	 3.2601823806762695
203 	 3.326559543609619
204 	 3.4369142055511475
205 	 3.468815803527832
206 	 3.256340742111206
207 	 3.476836919784546
208 	 3.292834758758545
209 	 3.11245059967041
210 	 3.0775625705718994
211 	 3.1776232719421387
212 	 3.1219661235809326
213 	 3.480855703353882
214 	 3.5337274074554443
215 	 3.5732665061950684
216 	 3.3181233406066895
217 	 3.411928653717041
218 	 3.314852237701416
219 	 3.0344953536987305
220 	 3.2690041065216064
221 	 3.6944162845611572
222 	 3.537057399749756
223 	 3.550187587738037
224 	 3.4229507446289062
225 	 3.3967819213867188
226 	 3.350306987762451
227 	 3.3417410850524902
228 	 3.4594953060150146
229 	 3.6221301555633545
230 	 3.673919677734375
231 	 3.6189606189727783
232 	 3.389430046081543
233 	 3.5085864067077637
234 	 3.720141649246216
235 	 3.477470636367798
236 	 3.6289024353027344
237 	 3.1843984127044678
238 	 3.5023066997528076
239 	 3.2986786365509033
240 	 2.961658477783203
241 	 3.066112756729126
242 	 2.990696668624878
243 	 3.182335615158081
244 	 3.435305118560791
245 	 3.331697463989258
246 	 3.3946609497070312
247 	 3.321678400039673
248 	 3.0957324504852295
249 	 3.4583561420440674
250 	 3.8114869594573975
251 	 3.2151567935943604
252 	 3.443396806716919
253 	 3.4053261280059814
254 	 3.411724328994751
255 	 3.4831435680389404
256 	 3.038888692855835
257 	 3.38566517829895
258 	 3.670172929763794
259 	 3.602916955947876
260 	 3.3524317741394043
261 	 3.6850078105926514
262 	 3.1787354946136475
263 	 3.4581527709960938
264 	 3.1663835048675537
265 	 3.6341943740844727
266 	 3.6259729862213135
267 	 3.4056966304779053
268 	 3.721381664276123
269 	 3.7762608528137207
270 	 3.361729860305786
271 	 3.7789034843444824
272 	 3.667743682861328
273 	 3.6966352462768555
274 	 3.7444238662719727
275 	 3.755963087081909
276 	 3.625380039215088
277 	 3.6421289443969727
278 	 3.302706480026245
279 	 3.8247568607330322
280 	 3.5364677906036377
281 	 3.3852126598358154
282 	 3.3625524044036865
283 	 3.035320520401001
284 	 2.7838354110717773
285 	 3.419814348220825
286 	 3.522054672241211
287 	 3.4329946041107178
288 	 3.211250066757202
289 	 3.5440280437469482
290 	 3.4804868698120117
291 	 3.3783719539642334
292 	 3.3881211280822754
293 	 3.4591267108917236
294 	 2.823310613632202
295 	 3.6363117694854736
296 	 3.631791591644287
297 	 3.6497414112091064
298 	 3.5731253623962402
299 	 3.0298056602478027
300 	 3.5799574851989746
301 	 3.2436673641204834
302 	 3.256355047225952
303 	 3.0101869106292725
304 	 2.850184917449951
305 	 3.121873378753662
306 	 3.222853660583496
307 	 3.3879549503326416
308 	 3.3037753105163574
309 	 3.5791549682617188
310 	 3.5740222930908203
311 	 3.4285190105438232
312 	 3.5203745365142822
313 	 3.6407506465911865
314 	 2.8930397033691406
315 	 3.488419532775879
316 	 3.52923321723938
317 	 3.066880702972412
318 	 3.455843687057495
319 	 3.4492692947387695
320 	 3.162180185317993
321 	 3.129079580307007
322 	 3.286536693572998
323 	 3.1828372478485107
324 	 3.0958304405212402
325 	 3.18754243850708
326 	 3.292100429534912
327 	 3.2721288204193115
328 	 3.2021384239196777
329 	 3.1742656230926514
330 	 3.1568946838378906
331 	 3.1318299770355225
332 	 3.219388484954834
333 	 3.262275218963623
334 	 2.9568471908569336
335 	 3.7049500942230225
336 	 3.5901153087615967
337 	 3.653653383255005
338 	 3.514467477798462
339 	 3.867039203643799
340 	 3.468458652496338
341 	 3.509253740310669
342 	 3.4649128913879395
343 	 3.3072714805603027
344 	 3.2863333225250244
345 	 3.46246075630188
346 	 3.496032953262329
347 	 3.265794515609741
348 	 3.0291788578033447
349 	 3.7212412357330322
350 	 2.750758409500122
351 	 1.636915922164917
352 	 1.8194546699523926
353 	 2.0242197513580322
354 	 1.9580038785934448
355 	 1.9608352184295654
356 	 3.118814468383789
357 	 3.497286081314087
358 	 3.3865809440612793
359 	 3.5787580013275146
360 	 3.115999221801758
361 	 3.4521737098693848
362 	 3.2707297801971436
363 	 3.3385162353515625
364 	 3.5026674270629883
365 	 3.620626211166382
366 	 3.2684717178344727
367 	 3.5907561779022217
368 	 3.6600732803344727
369 	 3.4577014446258545
370 	 3.2689313888549805
371 	 3.3973171710968018
372 	 3.3052055835723877
373 	 3.766122817993164
374 	 3.421043634414673
375 	 3.472578287124634
376 	 3.480335235595703
377 	 3.3573760986328125
378 	 3.474130153656006
379 	 3.365774393081665
380 	 3.517124652862549
381 	 3.3699355125427246
382 	 3.5860767364501953
383 	 3.5077903270721436
384 	 3.4619953632354736
385 	 3.2057149410247803
386 	 3.421386241912842
387 	 3.5778746604919434
388 	 3.4097139835357666
389 	 3.566448926925659
390 	 3.4815080165863037
391 	 3.815048933029175
392 	 3.426025152206421
393 	 3.6136326789855957
394 	 3.5546250343322754
395 	 3.268188953399658
396 	 3.4774584770202637
397 	 3.2791268825531006
398 	 3.2405216693878174
399 	 3.2555856704711914
400 	 3.6114702224731445
401 	 3.312485456466675
402 	 3.6058590412139893
403 	 3.649019718170166
404 	 3.371464967727661
405 	 3.5609147548675537
406 	 3.4897806644439697
407 	 3.434417247772217
408 	 3.2964348793029785
409 	 3.506272077560425
410 	 3.3032469749450684
411 	 3.549168825149536
412 	 3.8489012718200684
413 	 3.3527603149414062
414 	 3.724590539932251
415 	 3.6044135093688965
416 	 3.583735466003418
417 	 3.442587375640869
418 	 3.6287872791290283
419 	 3.715287923812866
420 	 3.659090518951416
421 	 3.6105847358703613
422 	 3.5701043605804443
423 	 3.6156015396118164
424 	 3.578778028488159
425 	 3.6297171115875244
426 	 3.4709348678588867
427 	 3.718019485473633
428 	 3.4954841136932373
429 	 3.5017850399017334
430 	 3.391157865524292
431 	 3.5082130432128906
432 	 3.557040214538574
433 	 3.7413482666015625
434 	 3.9072108268737793
435 	 3.4893808364868164
436 	 3.264096260070801
437 	 3.565810441970825
438 	 3.5657200813293457
439 	 3.7794175148010254
440 	 3.594200372695923
441 	 3.6369097232818604
442 	 3.460981607437134
443 	 3.203378915786743
444 	 3.362436294555664
445 	 3.38604474067688
446 	 3.3234872817993164
447 	 2.5121428966522217
448 	 3.6000959873199463
449 	 3.09067440032959
450 	 3.5693700313568115
451 	 3.3644330501556396
452 	 3.1965291500091553
453 	 2.669159412384033
454 	 2.8299248218536377
455 	 3.5585360527038574
456 	 3.4236645698547363
457 	 3.56032133102417
458 	 3.6770670413970947
459 	 3.4618210792541504
460 	 3.4047048091888428
461 	 3.238602638244629
462 	 3.432025671005249
463 	 3.1408801078796387
464 	 2.9721691608428955
465 	 3.216343879699707
466 	 3.1537070274353027
467 	 3.441859245300293
468 	 3.0110275745391846
469 	 3.1438541412353516
470 	 3.234626531600952
471 	 3.341369390487671
472 	 3.550074577331543
473 	 3.3772785663604736
474 	 3.2648661136627197
475 	 3.523899793624878
476 	 3.6084301471710205
477 	 3.5365045070648193
478 	 3.164823055267334
479 	 3.397091865539551
480 	 3.367628335952759
481 	 3.396253824234009
482 	 3.3239572048187256
483 	 3.203686237335205
484 	 2.845864772796631
485 	 3.1075522899627686
486 	 3.518660306930542
487 	 3.297410488128662
488 	 3.3932108879089355
489 	 3.0537030696868896
490 	 3.449930191040039
491 	 3.564502239227295
492 	 3.3498787879943848
493 	 3.3757476806640625
494 	 3.0425808429718018
495 	 3.3702924251556396
496 	 3.316870927810669
497 	 3.3341612815856934
498 	 3.2261037826538086
499 	 3.3356845378875732
500 	 3.186152935028076
501 	 3.394563674926758
502 	 3.4261245727539062
503 	 3.0859251022338867
504 	 2.330768585205078
505 	 2.2811362743377686
506 	 2.055168628692627
507 	 2.0610554218292236
508 	 2.1167712211608887
509 	 2.238065004348755
510 	 2.1036477088928223
511 	 2.6228809356689453
512 	 2.405829668045044
513 	 2.026376247406006
514 	 2.0643789768218994
515 	 2.0538971424102783
516 	 3.1481566429138184
517 	 2.9223549365997314
518 	 3.5069167613983154
519 	 3.129058837890625
520 	 3.3880627155303955
521 	 3.1675894260406494
522 	 3.453791379928589
523 	 3.4060516357421875
524 	 3.223175525665283
525 	 3.519613265991211
526 	 3.5054380893707275
527 	 3.664250135421753
528 	 3.3926727771759033
529 	 3.1093099117279053
530 	 3.6318037509918213
531 	 3.3450393676757812
532 	 3.0729362964630127
533 	 3.4151337146759033
534 	 2.9658050537109375
535 	 3.505711555480957
536 	 2.8879477977752686
537 	 3.360731601715088
538 	 3.5203683376312256
539 	 3.3399808406829834
540 	 3.2957959175109863
541 	 3.477623701095581
542 	 3.494462013244629
543 	 3.2613182067871094
544 	 3.677351713180542
545 	 3.4174487590789795
546 	 3.639585256576538
547 	 3.590156316757202
548 	 3.407336950302124
549 	 3.0116710662841797
550 	 3.467308521270752
551 	 3.3697690963745117
552 	 3.6844594478607178
553 	 3.681079864501953
554 	 3.6589150428771973
555 	 3.554100751876831
556 	 3.547100067138672
557 	 3.390997886657715
558 	 3.4711496829986572
559 	 3.326671838760376
560 	 3.5217437744140625
561 	 3.1687464714050293
562 	 3.4758517742156982
563 	 3.479519844055176
564 	 3.4694340229034424
565 	 3.6659281253814697
566 	 3.6111018657684326
567 	 3.540337562561035
568 	 3.2383899688720703
569 	 3.3358683586120605
570 	 3.53208065032959
571 	 3.0718283653259277
572 	 3.0953938961029053
573 	 3.2667388916015625
574 	 3.152139902114868
575 	 3.4176299571990967
576 	 3.3766467571258545
577 	 3.451266050338745
578 	 3.432204484939575
579 	 3.285290241241455
580 	 3.3893444538116455
581 	 3.540581703186035
582 	 3.7105331420898438
583 	 3.2943918704986572
584 	 3.5082504749298096
585 	 3.666896104812622
586 	 3.743973731994629
587 	 3.696279525756836
588 	 3.6688039302825928
589 	 3.819807291030884
590 	 3.8601508140563965
591 	 3.8641858100891113
592 	 3.7202842235565186
593 	 3.9281866550445557
594 	 3.974383592605591
595 	 3.912863254547119
596 	 4.004751682281494
597 	 3.9032480716705322
598 	 3.808528423309326
599 	 3.7227282524108887
600 	 3.614340305328369
601 	 3.5846824645996094
602 	 3.376682758331299
603 	 3.600400447845459
604 	 3.59226655960083
605 	 3.5672061443328857
606 	 3.472973346710205
607 	 3.548095226287842
608 	 3.531402826309204
609 	 3.692908763885498
610 	 3.619190216064453
611 	 3.354494094848633
612 	 3.851125717163086
613 	 3.3957667350769043
614 	 3.354747772216797
615 	 3.4455533027648926
616 	 3.667555093765259
617 	 3.5919508934020996
618 	 3.565622568130493
619 	 3.751559019088745
620 	 3.8419837951660156
621 	 3.6361074447631836
622 	 3.905611991882324
623 	 3.2882659435272217
624 	 3.215568780899048
625 	 3.4659109115600586
626 	 3.253406047821045
627 	 3.267087697982788
628 	 3.45624041557312
629 	 3.3405377864837646
630 	 3.611011028289795
631 	 3.7100441455841064
632 	 3.2857611179351807
633 	 3.652039051055908
634 	 3.6788628101348877
635 	 3.6105470657348633
636 	 3.4199447631835938
637 	 3.5604279041290283
638 	 3.575563907623291
639 	 3.571981906890869
640 	 3.7587876319885254
641 	 3.927150249481201
642 	 3.7490456104278564
643 	 3.6172988414764404
644 	 3.6462912559509277
645 	 3.6080234050750732
646 	 3.576258659362793
647 	 3.4300122261047363
648 	 3.6448545455932617
649 	 3.534543514251709
650 	 3.8734893798828125
651 	 3.724574089050293
652 	 3.4869184494018555
653 	 3.1528778076171875
654 	 3.298210859298706
655 	 2.964350938796997
656 	 2.966376781463623
657 	 3.1296188831329346
658 	 3.253202438354492
659 	 2.907663583755493
660 	 2.8936679363250732
661 	 3.2853493690490723
662 	 3.3267877101898193
663 	 3.322925329208374
664 	 3.379121780395508
665 	 3.1749916076660156
666 	 3.0179738998413086
667 	 3.163551092147827
668 	 3.2401041984558105
669 	 3.0516934394836426
670 	 3.0342297554016113
671 	 2.9652624130249023
672 	 3.038278102874756
673 	 2.862168550491333
674 	 3.234628200531006
675 	 3.1377952098846436
676 	 3.2656900882720947
677 	 3.4467315673828125
678 	 3.3214945793151855
679 	 3.248640537261963
680 	 3.21203351020813
681 	 3.231762170791626
682 	 3.1961772441864014
683 	 3.3590569496154785
684 	 3.0734341144561768
685 	 3.281229257583618
686 	 3.311114549636841
687 	 3.319247245788574
688 	 2.964669942855835
689 	 3.02303409576416
690 	 2.615466356277466
691 	 3.1189751625061035
692 	 3.247889757156372
693 	 3.176265001296997
694 	 3.1767961978912354
695 	 3.356449842453003
696 	 3.28352689743042
697 	 3.0363173484802246
698 	 2.9563920497894287
699 	 3.4811136722564697
700 	 3.7567951679229736
701 	 3.7336161136627197
702 	 3.4763333797454834
703 	 3.328526020050049
704 	 3.393791675567627
705 	 3.479461431503296
706 	 3.5049691200256348
707 	 3.5849313735961914
708 	 3.2009024620056152
709 	 3.051996946334839
710 	 3.525712013244629
711 	 3.438598155975342
712 	 3.2080624103546143
713 	 3.455681324005127
714 	 3.0424046516418457
715 	 2.5971338748931885
716 	 3.051856756210327
717 	 2.9359309673309326
718 	 3.1574137210845947
719 	 3.506693124771118
720 	 3.254633665084839
721 	 3.4412128925323486
722 	 2.955397844314575
723 	 3.013004779815674
724 	 3.2821574211120605
725 	 3.65451979637146
726 	 3.529524326324463
727 	 3.4346885681152344
728 	 3.5525026321411133
729 	 3.568446397781372
730 	 3.38718581199646
731 	 3.6953115463256836
732 	 4.0150346755981445
733 	 4.016981601715088
734 	 3.7109744548797607
735 	 3.8048229217529297
736 	 3.618095874786377
737 	 3.7885022163391113
738 	 3.471998691558838
739 	 3.282670259475708
740 	 3.4114511013031006
741 	 3.3628642559051514
742 	 3.156555414199829
743 	 3.2040069103240967
744 	 3.1225056648254395
745 	 3.5825228691101074
746 	 3.370408535003662
747 	 3.666618824005127
748 	 3.282464027404785
749 	 3.003631353378296
750 	 3.20747971534729
751 	 3.263143539428711
752 	 3.366607427597046
753 	 3.31885027885437
754 	 3.538745403289795
755 	 3.467766046524048
756 	 3.255600929260254
757 	 3.4986937046051025
758 	 3.134254217147827
759 	 3.166442394256592
760 	 3.381845712661743
761 	 3.3412227630615234
762 	 3.566859245300293
763 	 3.4172353744506836
764 	 3.4475979804992676
765 	 3.4464521408081055
766 	 3.4315295219421387
767 	 3.3279805183410645
768 	 3.318901777267456
769 	 3.2921831607818604
770 	 3.4658007621765137
771 	 3.4273574352264404
772 	 3.594143867492676
773 	 3.4619197845458984
774 	 3.6276655197143555
775 	 3.1611287593841553
776 	 3.658525228500366
777 	 3.570726156234741
778 	 3.3228232860565186
779 	 3.3879451751708984
780 	 3.382141590118408
781 	 3.4428999423980713
782 	 3.5844931602478027
783 	 3.4512739181518555
784 	 3.5486865043640137
785 	 3.524750232696533
786 	 3.5615761280059814
787 	 3.4243085384368896
788 	 3.475750684738159
789 	 3.863276243209839
790 	 3.2071897983551025
791 	 3.4419243335723877
792 	 3.429532289505005
793 	 3.524479866027832
794 	 3.5799922943115234
795 	 3.7081596851348877
796 	 3.4587600231170654
797 	 3.106194257736206
798 	 3.810624361038208
799 	 3.771770715713501
800 	 3.5806162357330322
801 	 3.4575140476226807
802 	 3.535231828689575
803 	 3.6522295475006104
804 	 3.3089778423309326
805 	 3.2073071002960205
806 	 3.357877492904663
807 	 3.3792922496795654
808 	 3.5045700073242188
809 	 3.4879090785980225
810 	 3.1240744590759277
811 	 3.2185401916503906
812 	 3.357306480407715
813 	 3.2646687030792236
814 	 3.261323928833008
815 	 3.4086318016052246
816 	 3.557934045791626
817 	 3.3546576499938965
818 	 3.0380382537841797
819 	 3.3399031162261963
820 	 3.3882715702056885
821 	 3.1098055839538574
822 	 3.249920129776001
823 	 3.062868118286133
824 	 3.2788288593292236
825 	 3.5888919830322266
826 	 3.6770758628845215
827 	 3.4622013568878174
828 	 3.5613350868225098
829 	 3.580305814743042
830 	 3.8055145740509033
831 	 3.2922632694244385
832 	 3.3290371894836426
833 	 3.349114179611206
834 	 3.498241424560547
835 	 3.4567043781280518
836 	 2.8109383583068848
837 	 2.8842527866363525
838 	 3.2583372592926025
839 	 3.2534234523773193
840 	 3.111140012741089
841 	 3.074388265609741
842 	 3.076817035675049
843 	 3.2536394596099854
844 	 3.217167615890503
845 	 3.1223528385162354
846 	 3.143258571624756
847 	 3.178373336791992
848 	 3.2498724460601807
849 	 3.1699681282043457
850 	 3.311112403869629
851 	 3.226639986038208
852 	 2.941570997238159
853 	 2.876818895339966
854 	 3.3234124183654785
855 	 3.0252292156219482
856 	 3.1394786834716797
857 	 3.0809075832366943
858 	 2.939805507659912
859 	 3.179682493209839
860 	 3.0632736682891846
861 	 3.307628870010376
862 	 3.408257484436035
863 	 3.1345386505126953
864 	 3.56796932220459
865 	 2.854966878890991
866 	 3.160289764404297
867 	 3.379274368286133
868 	 3.1189322471618652
869 	 3.3337113857269287
870 	 3.1967830657958984
871 	 3.016253709793091
872 	 3.3044278621673584
873 	 3.5731279850006104
874 	 3.4652202129364014
875 	 3.3379311561584473
876 	 3.3780369758605957
877 	 3.1515233516693115
878 	 3.2665746212005615
879 	 3.4987587928771973
880 	 3.344747304916382
881 	 3.4588282108306885
882 	 3.4868645668029785
883 	 3.5880117416381836
884 	 3.462125539779663
885 	 3.2863998413085938
886 	 2.8190550804138184
887 	 3.1648149490356445
888 	 2.9688539505004883
889 	 3.509321451187134
890 	 3.414614677429199
891 	 3.4352705478668213
892 	 3.499823808670044
893 	 3.4344961643218994
894 	 3.475397825241089
895 	 3.6621809005737305
896 	 3.6755051612854004
897 	 3.2903120517730713
898 	 3.6782360076904297
899 	 3.52072811126709
900 	 3.435384511947632
901 	 3.416677236557007
902 	 3.0928704738616943
903 	 3.4305646419525146
904 	 3.6827335357666016
905 	 3.485285997390747
906 	 3.357266664505005
907 	 3.471082925796509
908 	 3.3930461406707764
909 	 3.4296135902404785
910 	 3.562596321105957
911 	 3.396827220916748
912 	 3.206373929977417
913 	 3.3421390056610107
914 	 3.3149447441101074
915 	 3.4162847995758057
916 	 3.2366600036621094
917 	 3.342761516571045
918 	 3.174268960952759
919 	 3.79514741897583
920 	 3.4664745330810547
921 	 3.668415069580078
922 	 3.5220587253570557
923 	 3.5524308681488037
924 	 3.5549516677856445
925 	 3.4391233921051025
926 	 3.6013102531433105
927 	 3.785297155380249
928 	 3.6444966793060303
929 	 3.589834213256836
930 	 3.4681015014648438
931 	 3.247807025909424
932 	 3.4888734817504883
933 	 3.3885061740875244
934 	 3.7014195919036865
935 	 3.6695539951324463
936 	 3.5765602588653564
937 	 3.423210859298706
938 	 3.4628002643585205
939 	 3.5685880184173584
940 	 3.5093741416931152
941 	 3.5436387062072754
942 	 3.7501018047332764
943 	 3.7221486568450928
944 	 3.187025785446167
945 	 3.0959513187408447
946 	 3.204162836074829
947 	 3.027392625808716
948 	 2.6514315605163574
949 	 3.1106016635894775
950 	 3.1578269004821777
951 	 3.1592025756835938
952 	 3.3202226161956787
953 	 3.1458160877227783
954 	 3.0626823902130127
955 	 2.839827537536621
956 	 3.2914083003997803
957 	 3.420668840408325
958 	 3.568776845932007
959 	 3.4236698150634766
960 	 3.6061737537384033
961 	 3.5007238388061523
962 	 3.526134729385376
963 	 3.464200735092163
964 	 3.524001121520996
965 	 3.2611026763916016
966 	 3.1026601791381836
967 	 3.392681360244751
968 	 3.2447493076324463
969 	 3.2334418296813965
970 	 3.3248043060302734
971 	 3.493579864501953
972 	 3.5582287311553955
973 	 3.214989185333252
974 	 3.446593761444092
975 	 3.496156692504883
976 	 3.113359212875366
977 	 3.290537118911743
978 	 3.489394426345825
979 	 3.4081437587738037
980 	 3.500286102294922
981 	 3.506469249725342
982 	 3.420159101486206
983 	 3.526742935180664
984 	 3.5596365928649902
985 	 3.402080774307251
986 	 3.1036248207092285
987 	 3.489286184310913
988 	 3.6034605503082275
989 	 3.6768691539764404
990 	 3.579787492752075
991 	 3.3411059379577637
992 	 3.0596015453338623
993 	 3.248953342437744
994 	 3.2834010124206543
995 	 3.3716354370117188
996 	 3.4216256141662598
997 	 3.1425623893737793
998 	 2.377880573272705
999 	 2.4033455848693848
1000 	 2.299405097961426
1001 	 2.2773492336273193
1002 	 1.9394876956939697
1003 	 2.5295400619506836
1004 	 2.4544358253479004
1005 	 2.284172534942627
1006 	 2.6962759494781494
1007 	 2.5941896438598633
1008 	 3.156928062438965
1009 	 2.561612844467163
1010 	 2.407984972000122
1011 	 2.070817232131958
1012 	 2.4101920127868652
1013 	 1.7168915271759033
1014 	 1.7320756912231445
1015 	 1.9754117727279663
1016 	 2.3029863834381104
1017 	 1.9542115926742554
1018 	 1.8614559173583984
1019 	 2.11289119720459
1020 	 2.5863029956817627
1021 	 2.490121603012085
1022 	 2.2503066062927246
1023 	 2.582688093185425
1024 	 2.769904375076294
1025 	 2.5369038581848145
1026 	 2.262012243270874
1027 	 2.2135016918182373
1028 	 2.5106468200683594
1029 	 2.172337293624878
1030 	 2.176431655883789
1031 	 1.775724172592163
1032 	 2.1820342540740967
1033 	 1.7218109369277954
1034 	 2.6189088821411133
1035 	 2.7082085609436035
1036 	 2.7328386306762695
1037 	 2.7279276847839355
1038 	 3.137721061706543
1039 	 2.871248483657837
1040 	 3.1418018341064453
1041 	 3.400988817214966
1042 	 3.2471585273742676
1043 	 3.1122350692749023
1044 	 2.6957175731658936
1045 	 3.522434711456299
1046 	 3.7037084102630615
1047 	 3.588611602783203
1048 	 3.420945405960083
1049 	 3.4796688556671143
1050 	 3.5080137252807617
1051 	 3.4830918312072754
1052 	 3.55806827545166
1053 	 3.515317678451538
1054 	 3.4111692905426025
1055 	 3.412020683288574
1056 	 3.7779996395111084
1057 	 3.6609694957733154
1058 	 3.7483394145965576
1059 	 3.3926453590393066
1060 	 3.1944823265075684
1061 	 3.398165225982666
1062 	 3.5677425861358643
1063 	 3.3170223236083984
1064 	 3.568760395050049
1065 	 3.44580340385437
1066 	 3.7334840297698975
1067 	 3.317457914352417
1068 	 3.39508318901062
1069 	 3.3247358798980713
1070 	 3.6457409858703613
1071 	 3.4727025032043457
1072 	 3.5809571743011475
1073 	 3.565321207046509
1074 	 3.381978988647461
1075 	 3.4552230834960938
1076 	 3.644024133682251
1077 	 3.6159074306488037
1078 	 3.645085096359253
1079 	 3.662346839904785
1080 	 3.6631462574005127
1081 	 3.7614693641662598
1082 	 3.715449810028076
1083 	 3.6007883548736572
1084 	 3.6120193004608154
1085 	 3.6302754878997803
1086 	 3.5069310665130615
1087 	 3.6315386295318604
1088 	 3.6902308464050293
1089 	 3.4819929599761963
1090 	 3.6339313983917236
1091 	 3.639362096786499
1092 	 3.550295829772949
1093 	 3.5314176082611084
1094 	 3.263504981994629
1095 	 3.3699820041656494
1096 	 3.514537811279297
1097 	 3.472351312637329
1098 	 3.2723093032836914
1099 	 3.44801664352417
1100 	 3.1970396041870117
1101 	 3.2699880599975586
1102 	 3.255134105682373
1103 	 3.1966092586517334
1104 	 3.570178985595703
1105 	 3.4055063724517822
1106 	 3.393667459487915
1107 	 3.5406839847564697
1108 	 3.542245626449585
1109 	 3.4734177589416504
1110 	 3.360511064529419
1111 	 3.41675066947937
1112 	 3.67474365234375
1113 	 3.3543999195098877
1114 	 3.6187846660614014
1115 	 3.6157217025756836
1116 	 3.6386778354644775
1117 	 3.5979697704315186
1118 	 3.6730446815490723
1119 	 3.443305253982544
1120 	 3.7368571758270264
1121 	 3.6145832538604736
1122 	 3.6870460510253906
1123 	 3.622241973876953
1124 	 3.594691753387451
1125 	 3.6160314083099365
1126 	 3.365724802017212
1127 	 3.658613681793213
1128 	 3.5419933795928955
1129 	 3.193129539489746
1130 	 2.971468448638916
1131 	 3.1944518089294434
1132 	 3.072009563446045
1133 	 3.2982888221740723
1134 	 3.341846227645874
1135 	 3.60355544090271
1136 	 3.4293460845947266
1137 	 3.4192779064178467
1138 	 3.3918328285217285
1139 	 3.29136323928833
1140 	 3.543524742126465
1141 	 3.3768434524536133
1142 	 3.0468943119049072
1143 	 3.0391783714294434
1144 	 3.5773324966430664
1145 	 3.1770641803741455
1146 	 3.2670578956604004
1147 	 3.040574550628662
1148 	 3.244687080383301
1149 	 3.5541961193084717
1150 	 3.587329149246216
1151 	 3.093630313873291
1152 	 3.354509115219116
1153 	 3.1767613887786865
1154 	 2.974018096923828
1155 	 3.1079726219177246
1156 	 2.9501609802246094
1157 	 3.0865249633789062
1158 	 3.0406339168548584
1159 	 3.344533920288086
1160 	 3.299283266067505
1161 	 3.2168805599212646
1162 	 2.984602689743042
1163 	 3.129897356033325
1164 	 3.148407220840454
1165 	 3.006746530532837
1166 	 3.3164966106414795
1167 	 3.1035733222961426
1168 	 3.2918860912323
1169 	 3.1570816040039062
1170 	 3.302604913711548
1171 	 3.115140914916992
1172 	 2.7980399131774902
1173 	 3.2438652515411377
1174 	 3.042789936065674
1175 	 3.1015968322753906
1176 	 3.255370855331421
1177 	 3.1422460079193115
1178 	 3.1321747303009033
1179 	 2.976160764694214
1180 	 3.071058988571167
1181 	 3.2351086139678955
1182 	 3.143805503845215
1183 	 3.010221242904663
1184 	 3.078108310699463
1185 	 3.344752550125122
1186 	 3.3350625038146973
1187 	 3.3557727336883545
1188 	 3.3432013988494873
1189 	 3.273721694946289
1190 	 3.347059965133667
1191 	 3.3657639026641846
1192 	 3.1920714378356934
1193 	 3.391594648361206
1194 	 2.965137004852295
1195 	 3.4840762615203857
1196 	 3.5426299571990967
1197 	 3.3986284732818604
1198 	 3.492340326309204
1199 	 3.4198522567749023
1200 	 3.3465089797973633
1201 	 3.216052293777466
1202 	 3.4501118659973145
1203 	 3.577765941619873
1204 	 3.4039323329925537
1205 	 3.3310024738311768
1206 	 3.453618049621582
1207 	 3.5496156215667725
1208 	 3.3707175254821777
1209 	 3.4664418697357178
1210 	 3.7716612815856934
1211 	 3.3616695404052734
1212 	 3.4389443397521973
1213 	 3.525599956512451
1214 	 3.376218557357788
1215 	 3.3698813915252686
1216 	 3.296156167984009
1217 	 3.3442790508270264
1218 	 3.3236353397369385
1219 	 3.1528358459472656
1220 	 3.3644163608551025
1221 	 3.186539649963379
1222 	 3.0115809440612793
1223 	 3.1845643520355225
1224 	 3.5100324153900146
1225 	 3.6627182960510254
1226 	 3.74655818939209
1227 	 3.727557420730591
1228 	 3.789656400680542
1229 	 3.6507983207702637
1230 	 3.7575998306274414
1231 	 3.4955344200134277
1232 	 3.5232651233673096
1233 	 3.4540557861328125
1234 	 3.4216411113739014
1235 	 2.9087350368499756
1236 	 3.128619909286499
1237 	 3.1974565982818604
1238 	 2.913621425628662
1239 	 3.592369794845581
1240 	 3.4716246128082275
1241 	 3.4028308391571045
1242 	 3.5363266468048096
1243 	 3.420257329940796
1244 	 3.5946738719940186
1245 	 3.535465717315674
1246 	 3.4222142696380615
1247 	 3.773099899291992
1248 	 3.4518847465515137
1249 	 3.56483793258667
1250 	 3.538041830062866
1251 	 3.68119215965271
1252 	 3.607003927230835
1253 	 3.573979139328003
1254 	 3.4715349674224854
1255 	 3.545562982559204
1256 	 3.501404285430908
1257 	 3.562433958053589
1258 	 3.6049745082855225
1259 	 3.559835195541382
1260 	 3.7001850605010986
1261 	 3.7190895080566406
1262 	 3.4269297122955322
1263 	 3.5208487510681152
1264 	 3.4235990047454834
1265 	 3.683875322341919
1266 	 3.626295566558838
1267 	 3.5894041061401367
1268 	 3.777536392211914
1269 	 3.7416603565216064
1270 	 3.7249245643615723
1271 	 3.6143155097961426
1272 	 3.411450147628784
1273 	 3.539213180541992
1274 	 3.281999111175537
1275 	 3.2252190113067627
1276 	 3.28238844871521
1277 	 3.311124801635742
1278 	 3.120138645172119
1279 	 3.269080400466919
1280 	 3.316671848297119
1281 	 3.383723497390747
1282 	 3.6338956356048584
1283 	 3.5886807441711426
1284 	 3.1889641284942627
1285 	 3.4294936656951904
1286 	 3.2899668216705322
1287 	 3.40934419631958
1288 	 3.1902265548706055
1289 	 3.3112592697143555
1290 	 3.276841402053833
1291 	 3.437922239303589
1292 	 3.517826795578003
1293 	 3.1696529388427734
1294 	 3.452878713607788
1295 	 3.410198926925659
1296 	 3.3885653018951416
1297 	 3.3243374824523926
1298 	 3.2213265895843506
1299 	 3.1545350551605225
1300 	 3.1643989086151123
1301 	 3.2242369651794434
1302 	 3.335604667663574
1303 	 3.396350860595703
1304 	 3.307185173034668
1305 	 3.238020181655884
1306 	 3.2307181358337402
1307 	 3.2967586517333984
1308 	 3.235745906829834
1309 	 3.2152650356292725
1310 	 3.1770877838134766
1311 	 3.203151226043701
1312 	 3.1878912448883057
1313 	 3.222872018814087
1314 	 3.3044073581695557
1315 	 3.3429696559906006
1316 	 3.3146023750305176
1317 	 3.492828130722046
1318 	 3.3178024291992188
1319 	 3.2119016647338867
1320 	 3.469853401184082
1321 	 3.2640881538391113
1322 	 3.2868356704711914
1323 	 3.2739193439483643
1324 	 3.1573400497436523
1325 	 3.180997133255005
1326 	 3.068138599395752
1327 	 3.1762351989746094
1328 	 3.0786023139953613
1329 	 3.0799498558044434
1330 	 3.063884973526001
1331 	 2.9687235355377197
1332 	 3.2459607124328613
1333 	 3.205094575881958
1334 	 3.2232346534729004
1335 	 3.1534128189086914
1336 	 3.0891106128692627
1337 	 3.0822455883026123
1338 	 3.1990373134613037
1339 	 3.0799851417541504
1340 	 3.341036081314087
1341 	 3.2430074214935303
1342 	 3.25510573387146
1343 	 3.2802507877349854
1344 	 3.1944985389709473
1345 	 3.260712146759033
1346 	 3.3768649101257324
1347 	 3.281989574432373
1348 	 3.2121949195861816
1349 	 3.105679512023926
1350 	 3.147048234939575
1351 	 3.227729082107544
1352 	 3.2777676582336426
1353 	 3.186662435531616
1354 	 3.2977194786071777
1355 	 3.163168430328369
1356 	 3.3284695148468018
1357 	 3.1902918815612793
1358 	 3.284075975418091
1359 	 3.279902219772339
1360 	 3.2793073654174805
1361 	 3.4464759826660156
1362 	 3.2778966426849365
1363 	 3.168675661087036
1364 	 3.284764051437378
1365 	 3.331186532974243
1366 	 3.41579532623291
1367 	 3.208639144897461
1368 	 3.3175394535064697
1369 	 3.2992827892303467
1370 	 3.163875102996826
1371 	 3.240750312805176
1372 	 3.213036298751831
1373 	 3.104199171066284
1374 	 3.270479202270508
1375 	 3.327924966812134
1376 	 3.3266851902008057
1377 	 3.228929042816162
1378 	 3.1664845943450928
1379 	 3.3270339965820312
1380 	 3.267425537109375
1381 	 3.338440179824829
1382 	 3.2891077995300293
1383 	 3.357206344604492
1384 	 3.261522054672241
1385 	 3.3726654052734375
1386 	 3.2182810306549072
1387 	 3.299973726272583
1388 	 3.2710747718811035
1389 	 3.2755229473114014
1390 	 3.2251129150390625
1391 	 3.3003172874450684
1392 	 3.2082741260528564
1393 	 3.258213996887207
1394 	 3.278064727783203
1395 	 3.2279129028320312
1396 	 3.3019988536834717
1397 	 3.182891845703125
1398 	 3.2049148082733154
1399 	 2.927835464477539
1400 	 3.2391107082366943
1401 	 3.204535484313965
1402 	 3.369307518005371
1403 	 3.1793367862701416
1404 	 3.146711587905884
1405 	 3.244950532913208
1406 	 3.1357617378234863
1407 	 3.1140427589416504
1408 	 3.0676069259643555
1409 	 3.0648088455200195
1410 	 3.1163315773010254
1411 	 3.183337450027466
1412 	 3.03727650642395
1413 	 3.085272789001465
1414 	 3.0211846828460693
1415 	 3.16984224319458
1416 	 3.1159160137176514
1417 	 2.977816343307495
1418 	 3.147368907928467
1419 	 3.0487430095672607
1420 	 3.044687032699585
1421 	 3.0790061950683594
1422 	 3.13843035697937
1423 	 3.318021774291992
1424 	 3.2330121994018555
1425 	 3.228032112121582
1426 	 3.318253993988037
1427 	 3.145068883895874
1428 	 3.208333730697632
1429 	 3.212494373321533
1430 	 3.258392095565796
1431 	 3.26550555229187
1432 	 3.1521155834198
1433 	 3.22599196434021
1434 	 3.1563780307769775
1435 	 3.2794201374053955
1436 	 3.1486904621124268
1437 	 3.0821313858032227
1438 	 3.07690167427063
1439 	 3.1087567806243896
1440 	 3.042288064956665
1441 	 3.125124454498291
1442 	 3.0368008613586426
1443 	 3.0804169178009033
1444 	 3.0315659046173096
1445 	 3.0778911113739014
1446 	 3.112792730331421
1447 	 3.1586856842041016
1448 	 3.009514093399048
1449 	 2.983753204345703
1450 	 3.046631097793579
1451 	 2.9745583534240723
1452 	 3.053684711456299
1453 	 3.176344633102417
1454 	 3.182643413543701
1455 	 3.205842971801758
1456 	 3.2253074645996094
1457 	 3.148793935775757
1458 	 3.2394375801086426
1459 	 3.3078372478485107
1460 	 3.2620344161987305
1461 	 3.1463499069213867
1462 	 3.1769285202026367
1463 	 3.0947232246398926
1464 	 3.146883010864258
1465 	 3.3713648319244385
1466 	 3.282711982727051
1467 	 3.1154191493988037
1468 	 3.1414601802825928
1469 	 3.025810956954956
1470 	 3.0648412704467773
1471 	 3.0206682682037354
1472 	 3.1644370555877686
1473 	 3.1725471019744873
1474 	 3.1298234462738037
1475 	 3.082209348678589
1476 	 3.074876546859741
1477 	 3.0964596271514893
1478 	 3.1321370601654053
1479 	 3.133229970932007
1480 	 3.143780469894409
1481 	 3.148148536682129
1482 	 2.9793999195098877
1483 	 3.2288601398468018
1484 	 3.126255989074707
1485 	 3.088533878326416
1486 	 3.1598212718963623
1487 	 3.0432755947113037
1488 	 3.086749792098999
1489 	 3.1689977645874023
1490 	 3.214503526687622
1491 	 2.944631338119507
1492 	 3.086251735687256
1493 	 3.027578592300415
1494 	 3.048121213912964
1495 	 3.04402232170105
1496 	 3.184481382369995
1497 	 3.0302939414978027
1498 	 3.120396614074707
1499 	 3.041944742202759
1500 	 2.969576358795166
1501 	 3.1030759811401367
1502 	 3.01261830329895
1503 	 2.9772090911865234
1504 	 2.9792256355285645
1505 	 3.1364190578460693
1506 	 3.180821657180786
1507 	 2.997859239578247
1508 	 3.340527057647705
1509 	 3.062807321548462
1510 	 3.1298019886016846
1511 	 3.1140975952148438
1512 	 3.0443460941314697
1513 	 3.084681272506714
1514 	 3.297529935836792
1515 	 3.3863112926483154
1516 	 3.440398693084717
1517 	 3.4025750160217285
1518 	 3.293762683868408
1519 	 3.101139783859253
1520 	 3.133091926574707
1521 	 3.119719982147217
1522 	 2.967475652694702
1523 	 3.0410258769989014
1524 	 3.0633544921875
1525 	 2.994591474533081
1526 	 3.0940585136413574
1527 	 3.0589778423309326
1528 	 3.018105983734131
1529 	 3.0572593212127686
1530 	 2.97513747215271
1531 	 2.914539337158203
1532 	 3.032823085784912
1533 	 2.976763963699341
1534 	 3.1213724613189697
1535 	 3.0657782554626465
1536 	 3.063796043395996
1537 	 2.8780977725982666
1538 	 2.9015581607818604
1539 	 3.124689817428589
1540 	 3.109752893447876
1541 	 2.991159677505493
1542 	 2.925809383392334
1543 	 3.031057834625244
1544 	 2.996407985687256
1545 	 3.005587577819824
1546 	 2.929213285446167
1547 	 3.025432825088501
1548 	 2.924626111984253
1549 	 3.0155560970306396
1550 	 2.907534122467041
1551 	 3.084542989730835
1552 	 3.013157367706299
1553 	 2.909911632537842
1554 	 2.9684548377990723
1555 	 2.797518253326416
1556 	 2.794509172439575
1557 	 2.7450592517852783
1558 	 2.7954368591308594
1559 	 2.680575132369995
1560 	 2.940028667449951
1561 	 3.1117677688598633
1562 	 3.081402540206909
1563 	 2.991488218307495
1564 	 2.923288345336914
1565 	 2.8968775272369385
1566 	 2.7724599838256836
1567 	 2.801921844482422
1568 	 2.972107172012329
1569 	 2.973085641860962
1570 	 2.944314479827881
1571 	 2.9975850582122803
1572 	 2.91373348236084
1573 	 2.9734060764312744
1574 	 2.9854679107666016
1575 	 2.957190752029419
1576 	 3.0438058376312256
1577 	 2.946446418762207
1578 	 2.911008834838867
1579 	 3.042414903640747
1580 	 2.965463638305664
1581 	 3.080958366394043
1582 	 3.0532925128936768
1583 	 2.8472399711608887
1584 	 2.9148476123809814
1585 	 2.8599414825439453
1586 	 2.8933441638946533
1587 	 3.0320045948028564
1588 	 2.9266178607940674
1589 	 2.8023345470428467
1590 	 2.8423497676849365
1591 	 2.9281976222991943
1592 	 2.8894219398498535
1593 	 2.9943015575408936
1594 	 2.9193196296691895
1595 	 2.933776378631592
1596 	 2.977620840072632
1597 	 2.796602964401245
1598 	 2.9204413890838623
1599 	 2.948801040649414
1600 	 2.9140679836273193
1601 	 2.95731520652771
1602 	 3.002406120300293
1603 	 2.973172187805176
1604 	 2.952728509902954
1605 	 2.8611562252044678
1606 	 2.967036008834839
1607 	 2.967679738998413
1608 	 2.8674769401550293
1609 	 2.8841798305511475
1610 	 2.8531997203826904
1611 	 2.951465368270874
1612 	 2.905038833618164
1613 	 3.0644049644470215
1614 	 3.1912105083465576
1615 	 3.1995794773101807
1616 	 3.183682918548584
1617 	 2.9573233127593994
1618 	 2.9330615997314453
1619 	 2.8926942348480225
1620 	 2.982971429824829
1621 	 2.9887430667877197
1622 	 2.7903316020965576
1623 	 2.910132884979248
1624 	 2.9119486808776855
1625 	 2.919550657272339
1626 	 2.9795467853546143
1627 	 3.0810978412628174
1628 	 3.07283091545105
1629 	 2.9477903842926025
1630 	 2.9718306064605713
1631 	 2.9573135375976562
1632 	 3.08471417427063
1633 	 2.999725580215454
1634 	 3.066359519958496
1635 	 2.9805803298950195
1636 	 2.9775588512420654
1637 	 2.913104772567749
1638 	 2.884408712387085
1639 	 3.0192532539367676
1640 	 2.925412654876709
1641 	 3.137857675552368
1642 	 2.7890512943267822
1643 	 2.9847872257232666
1644 	 2.9500107765197754
1645 	 2.9815778732299805
1646 	 3.092100143432617
1647 	 3.021583080291748
1648 	 3.0486488342285156
1649 	 2.925264835357666
1650 	 2.914592742919922
1651 	 2.9220826625823975
1652 	 2.961022138595581
1653 	 2.921066999435425
1654 	 3.0295817852020264
1655 	 2.7933061122894287
1656 	 2.876039743423462
1657 	 2.8685648441314697
1658 	 2.8880794048309326
1659 	 2.892138957977295
1660 	 2.984813928604126
1661 	 2.825537919998169
1662 	 2.992269277572632
1663 	 2.8955345153808594
1664 	 3.0521230697631836
1665 	 2.990612745285034
1666 	 3.0006778240203857
1667 	 2.9274284839630127
1668 	 2.9128808975219727
1669 	 3.008244037628174
1670 	 3.0793750286102295
1671 	 2.9694252014160156
1672 	 2.9200212955474854
1673 	 2.951137065887451
1674 	 3.1441032886505127
1675 	 3.0615861415863037
1676 	 3.083707094192505
1677 	 3.2122650146484375
1678 	 3.307133674621582
1679 	 3.3033998012542725
1680 	 3.1124184131622314
1681 	 3.1538188457489014
1682 	 2.946272611618042
1683 	 3.0933077335357666
1684 	 2.899179220199585
1685 	 3.0533270835876465
1686 	 3.0060620307922363
1687 	 3.0000505447387695
1688 	 3.0352635383605957
1689 	 3.0538790225982666
1690 	 2.9976511001586914
1691 	 2.958865165710449
1692 	 3.0741443634033203
1693 	 3.0714058876037598
1694 	 2.9708030223846436
1695 	 3.0047168731689453
1696 	 2.9672999382019043
1697 	 3.0209529399871826
1698 	 2.9515953063964844
1699 	 2.9817054271698
1700 	 2.879647731781006
1701 	 2.789802312850952
1702 	 2.8217761516571045
1703 	 2.8306140899658203
1704 	 3.008391857147217
1705 	 2.8976449966430664
1706 	 2.9397594928741455
1707 	 2.9577019214630127
1708 	 2.9235286712646484
1709 	 2.9050285816192627
1710 	 2.8877875804901123
1711 	 2.8867175579071045
1712 	 2.864408254623413
1713 	 2.961524724960327
1714 	 2.9881651401519775
1715 	 2.9532527923583984
1716 	 2.85452938079834
1717 	 2.7646074295043945
1718 	 2.843724250793457
1719 	 2.884887218475342
1720 	 3.005143880844116
1721 	 2.9815821647644043
1722 	 2.8732335567474365
1723 	 3.0749399662017822
1724 	 3.0392019748687744
1725 	 3.014327049255371
1726 	 2.925748825073242
1727 	 2.8954644203186035
1728 	 3.107830047607422
1729 	 3.0944690704345703
1730 	 3.0441040992736816
1731 	 3.019146203994751
1732 	 2.9914491176605225
1733 	 3.114112138748169
1734 	 3.111419677734375
1735 	 3.0078113079071045
1736 	 3.0583317279815674
1737 	 3.0947000980377197
1738 	 3.1197831630706787
1739 	 3.0812830924987793
1740 	 3.0126640796661377
1741 	 3.0906271934509277
1742 	 3.0047357082366943
1743 	 2.990830898284912
1744 	 3.0312659740448
1745 	 3.1817033290863037
1746 	 2.951244592666626
1747 	 3.295685052871704
1748 	 3.1667237281799316
1749 	 3.2087247371673584
