0 	 0.0
1 	 1.2416363954544067
2 	 1.387091040611267
3 	 0.9689371585845947
4 	 2.1364493370056152
5 	 2.190427780151367
6 	 1.681820273399353
7 	 2.017165422439575
8 	 2.5029120445251465
9 	 2.391529083251953
10 	 2.010042428970337
11 	 2.1967358589172363
12 	 2.139878749847412
13 	 1.571860909461975
14 	 1.611399531364441
15 	 1.3537909984588623
16 	 1.2660523653030396
17 	 1.181557059288025
18 	 1.8496129512786865
19 	 1.5136229991912842
20 	 1.6778737306594849
21 	 1.7394723892211914
22 	 2.475961923599243
23 	 2.3638503551483154
24 	 2.2734086513519287
25 	 1.9844942092895508
26 	 2.1997804641723633
27 	 2.194190263748169
28 	 2.0219454765319824
29 	 2.084040641784668
30 	 2.1879725456237793
31 	 2.0657601356506348
32 	 2.1926469802856445
33 	 2.546424150466919
34 	 2.0796470642089844
35 	 2.0688631534576416
36 	 1.593755841255188
37 	 1.653635025024414
38 	 1.6326452493667603
39 	 1.5771713256835938
40 	 1.6954959630966187
41 	 1.61143958568573
42 	 1.7152889966964722
43 	 1.8642140626907349
44 	 2.1527328491210938
45 	 2.343782901763916
46 	 1.8622276782989502
47 	 2.027726411819458
48 	 1.8839560747146606
49 	 2.138237714767456
50 	 2.3796446323394775
51 	 2.9510951042175293
52 	 2.248595952987671
53 	 2.201983690261841
54 	 1.7835769653320312
55 	 1.8672943115234375
56 	 1.9802851676940918
57 	 1.9162057638168335
58 	 1.9380764961242676
59 	 2.798060894012451
60 	 2.222999095916748
61 	 2.394005060195923
62 	 2.671358108520508
63 	 3.323101043701172
64 	 3.5253243446350098
65 	 3.332362651824951
66 	 3.3254401683807373
67 	 3.068371295928955
68 	 3.4843361377716064
69 	 3.1948559284210205
70 	 3.3202669620513916
71 	 3.138794183731079
72 	 3.556257724761963
73 	 3.4040133953094482
74 	 3.0939199924468994
75 	 3.5123260021209717
76 	 3.60988712310791
77 	 3.2615480422973633
78 	 3.4863522052764893
79 	 3.3956446647644043
80 	 3.188857078552246
81 	 3.4549918174743652
82 	 3.180115222930908
83 	 3.4023938179016113
84 	 3.623694896697998
85 	 3.483020305633545
86 	 3.07462215423584
87 	 3.323193311691284
88 	 2.7626559734344482
89 	 3.117863416671753
90 	 3.458460807800293
91 	 3.298851490020752
92 	 3.692112445831299
93 	 3.1898958683013916
94 	 3.4319417476654053
95 	 3.350761651992798
96 	 3.5355172157287598
97 	 3.637390613555908
98 	 3.5034337043762207
99 	 3.503516912460327
100 	 3.79321026802063
101 	 3.4424972534179688
102 	 3.723846673965454
103 	 3.2486624717712402
104 	 3.5588738918304443
105 	 3.5431668758392334
106 	 3.3977251052856445
107 	 3.1172759532928467
108 	 3.6633129119873047
109 	 3.426337242126465
110 	 3.2374067306518555
111 	 3.2657933235168457
112 	 3.4307007789611816
113 	 3.516709566116333
114 	 2.9385383129119873
115 	 3.343947172164917
116 	 3.5310726165771484
117 	 3.444143295288086
118 	 3.3005499839782715
119 	 3.327056884765625
120 	 3.641634702682495
121 	 3.0890555381774902
122 	 3.5307743549346924
123 	 3.1674482822418213
124 	 3.1190662384033203
125 	 3.50229549407959
126 	 3.2447128295898438
127 	 2.8487496376037598
128 	 3.3915181159973145
129 	 3.2707698345184326
130 	 3.616981267929077
131 	 3.4860520362854004
132 	 3.422058582305908
133 	 3.109266519546509
134 	 3.3273963928222656
135 	 3.527292490005493
136 	 3.6573026180267334
137 	 1.9602482318878174
138 	 2.0427210330963135
139 	 2.230121612548828
140 	 2.1438677310943604
141 	 1.9782309532165527
142 	 2.2616872787475586
143 	 2.138155221939087
144 	 2.0900189876556396
145 	 1.8860218524932861
146 	 1.665893793106079
147 	 2.2208900451660156
148 	 2.01832914352417
149 	 2.006086587905884
150 	 2.161466360092163
151 	 2.2655889987945557
152 	 2.188727617263794
153 	 2.2469561100006104
154 	 1.9808993339538574
155 	 2.2032289505004883
156 	 1.6062967777252197
157 	 1.4965556859970093
158 	 1.4055869579315186
159 	 1.2807872295379639
160 	 1.5009921789169312
161 	 1.822636604309082
162 	 1.53311288356781
163 	 1.1244139671325684
164 	 1.2372599840164185
165 	 1.426429271697998
166 	 0.9596583247184753
167 	 2.5434577465057373
168 	 2.252199411392212
169 	 2.276726722717285
170 	 3.288970470428467
171 	 3.5104570388793945
172 	 3.572176694869995
173 	 3.7421720027923584
174 	 3.655290126800537
175 	 3.5726096630096436
176 	 3.5757181644439697
177 	 3.4241814613342285
178 	 3.432871103286743
179 	 3.7343900203704834
180 	 3.4813315868377686
181 	 3.5792429447174072
182 	 3.0593173503875732
183 	 3.439565896987915
184 	 3.7520596981048584
185 	 3.292335033416748
186 	 3.747858762741089
187 	 3.738088607788086
188 	 3.559576988220215
189 	 3.4258108139038086
190 	 3.3498106002807617
191 	 3.115642786026001
192 	 2.9697577953338623
193 	 3.529520273208618
194 	 3.6869094371795654
195 	 2.883635997772217
196 	 3.181105613708496
197 	 2.878612756729126
198 	 3.61490535736084
199 	 3.138547420501709
200 	 3.3328559398651123
201 	 2.994180679321289
202 	 3.2601823806762695
203 	 3.326559543609619
204 	 3.4369142055511475
205 	 3.468815803527832
206 	 3.256340742111206
207 	 3.476836919784546
208 	 3.292834758758545
209 	 3.11245059967041
210 	 3.0775625705718994
211 	 3.1776232719421387
212 	 3.1219661235809326
213 	 3.480855703353882
214 	 3.5337274074554443
215 	 3.5732665061950684
216 	 3.3181233406066895
217 	 3.411928653717041
218 	 3.314852237701416
219 	 3.0344953536987305
220 	 3.2690041065216064
221 	 3.6944162845611572
222 	 3.537057399749756
223 	 3.550187587738037
224 	 3.4229507446289062
225 	 3.3967819213867188
226 	 3.350306987762451
227 	 3.3417410850524902
228 	 3.4594953060150146
229 	 3.6221301555633545
230 	 3.673919677734375
231 	 3.6189606189727783
232 	 3.389430046081543
233 	 3.5085864067077637
234 	 3.720141649246216
235 	 3.477470636367798
236 	 3.6289024353027344
237 	 3.1843984127044678
238 	 3.5023066997528076
239 	 3.2986786365509033
240 	 2.961658477783203
241 	 3.066112756729126
242 	 2.990696668624878
243 	 3.182335615158081
244 	 3.435305118560791
245 	 3.331697463989258
246 	 3.3946609497070312
247 	 3.321678400039673
248 	 3.0957324504852295
249 	 3.4583561420440674
250 	 3.8114869594573975
251 	 3.2151567935943604
252 	 3.443396806716919
253 	 3.4053261280059814
254 	 3.411724328994751
255 	 3.4831435680389404
256 	 3.038888692855835
257 	 3.38566517829895
258 	 3.670172929763794
259 	 3.602916955947876
260 	 3.3524317741394043
261 	 3.6850078105926514
262 	 3.1787354946136475
263 	 3.4581527709960938
264 	 3.1663835048675537
265 	 3.6341943740844727
266 	 3.6259729862213135
267 	 3.4056966304779053
268 	 3.721381664276123
269 	 3.7762608528137207
270 	 3.361729860305786
271 	 3.7789034843444824
272 	 3.667743682861328
273 	 3.6966352462768555
274 	 3.7444238662719727
275 	 3.755963087081909
276 	 3.625380039215088
277 	 3.6421289443969727
278 	 3.302706480026245
279 	 3.8247568607330322
280 	 3.5364677906036377
281 	 3.3852126598358154
282 	 3.3625524044036865
283 	 3.035320520401001
284 	 2.7838354110717773
285 	 3.419814348220825
286 	 3.522054672241211
287 	 3.4329946041107178
288 	 3.211250066757202
289 	 3.5440280437469482
290 	 3.4804868698120117
291 	 3.3783719539642334
292 	 3.3881211280822754
293 	 3.4591267108917236
294 	 2.823310613632202
295 	 3.6363117694854736
296 	 3.631791591644287
297 	 3.6497414112091064
298 	 3.5731253623962402
299 	 3.0298056602478027
300 	 3.5799574851989746
301 	 3.2436673641204834
302 	 3.256355047225952
303 	 3.0101869106292725
304 	 2.850184917449951
305 	 3.121873378753662
306 	 3.222853660583496
307 	 3.3879549503326416
308 	 3.3037753105163574
309 	 3.5791549682617188
310 	 3.5740222930908203
311 	 3.4285190105438232
312 	 3.5203745365142822
313 	 3.6407506465911865
314 	 2.8930397033691406
315 	 3.488419532775879
316 	 3.52923321723938
317 	 3.066880702972412
318 	 3.455843687057495
319 	 3.4492692947387695
320 	 3.162180185317993
321 	 3.129079580307007
322 	 3.286536693572998
323 	 3.1828372478485107
324 	 3.0958304405212402
325 	 3.18754243850708
326 	 3.292100429534912
327 	 3.2721288204193115
328 	 3.2021384239196777
329 	 3.1742656230926514
330 	 3.1568946838378906
331 	 3.1318299770355225
332 	 3.219388484954834
333 	 3.262275218963623
334 	 2.9568471908569336
335 	 3.7049500942230225
336 	 3.5901153087615967
337 	 3.653653383255005
338 	 3.514467477798462
339 	 3.867039203643799
340 	 3.468458652496338
341 	 3.509253740310669
342 	 3.4649128913879395
343 	 3.3072714805603027
344 	 3.2863333225250244
345 	 3.46246075630188
346 	 3.496032953262329
347 	 3.265794515609741
348 	 3.0291788578033447
349 	 3.7212412357330322
350 	 2.750758409500122
351 	 1.636915922164917
352 	 1.8194546699523926
353 	 2.0242197513580322
354 	 1.9580038785934448
355 	 1.9608352184295654
356 	 3.118814468383789
357 	 3.497286081314087
358 	 3.3865809440612793
359 	 3.5787580013275146
360 	 3.115999221801758
361 	 3.4521737098693848
362 	 3.2707297801971436
363 	 3.3385162353515625
364 	 3.5026674270629883
365 	 3.620626211166382
366 	 3.2684717178344727
367 	 3.5907561779022217
368 	 3.6600732803344727
369 	 3.4577014446258545
370 	 3.2689313888549805
371 	 3.3973171710968018
372 	 3.3052055835723877
373 	 3.766122817993164
374 	 3.421043634414673
375 	 3.472578287124634
376 	 3.480335235595703
377 	 3.3573760986328125
378 	 3.474130153656006
379 	 3.365774393081665
380 	 3.517124652862549
381 	 3.3699355125427246
382 	 3.5860767364501953
383 	 3.5077903270721436
384 	 3.4619953632354736
385 	 3.2057149410247803
386 	 3.421386241912842
387 	 3.5778746604919434
388 	 3.4097139835357666
389 	 3.566448926925659
390 	 3.4815080165863037
391 	 3.815048933029175
392 	 3.426025152206421
393 	 3.6136326789855957
394 	 3.5546250343322754
395 	 3.268188953399658
396 	 3.4774584770202637
397 	 3.2791268825531006
398 	 3.2405216693878174
399 	 3.2555856704711914
400 	 3.6114702224731445
401 	 3.312485456466675
402 	 3.6058590412139893
403 	 3.649019718170166
404 	 3.371464967727661
405 	 3.5609147548675537
406 	 3.4897806644439697
407 	 3.434417247772217
408 	 3.2964348793029785
409 	 3.506272077560425
410 	 3.3032469749450684
411 	 3.549168825149536
412 	 3.8489012718200684
413 	 3.3527603149414062
414 	 3.724590539932251
415 	 3.6044135093688965
416 	 3.583735466003418
417 	 3.442587375640869
418 	 3.6287872791290283
419 	 3.715287923812866
420 	 3.659090518951416
421 	 3.6105847358703613
422 	 3.5701043605804443
423 	 3.6156015396118164
424 	 3.578778028488159
425 	 3.6297171115875244
426 	 3.4709348678588867
427 	 3.718019485473633
428 	 3.4954841136932373
429 	 3.5017850399017334
430 	 3.391157865524292
431 	 3.5082130432128906
432 	 3.557040214538574
433 	 3.7413482666015625
434 	 3.9072108268737793
435 	 3.4893808364868164
436 	 3.264096260070801
437 	 3.565810441970825
438 	 3.5657200813293457
439 	 3.7794175148010254
440 	 3.594200372695923
441 	 3.6369097232818604
442 	 3.460981607437134
443 	 3.203378915786743
444 	 3.362436294555664
445 	 3.38604474067688
446 	 3.3234872817993164
447 	 2.5121428966522217
448 	 3.6000959873199463
449 	 3.09067440032959
450 	 3.5693700313568115
451 	 3.3644330501556396
452 	 3.1965291500091553
453 	 2.669159412384033
454 	 2.8299248218536377
455 	 3.5585360527038574
456 	 3.4236645698547363
457 	 3.56032133102417
458 	 3.6770670413970947
459 	 3.4618210792541504
460 	 3.4047048091888428
461 	 3.238602638244629
462 	 3.432025671005249
463 	 3.1408801078796387
464 	 2.9721691608428955
465 	 3.216343879699707
466 	 3.1537070274353027
467 	 3.441859245300293
468 	 3.0110275745391846
469 	 3.1438541412353516
470 	 3.234626531600952
471 	 3.341369390487671
472 	 3.550074577331543
473 	 3.3772785663604736
474 	 3.2648661136627197
475 	 3.523899793624878
476 	 3.6084301471710205
477 	 3.5365045070648193
478 	 3.164823055267334
479 	 3.397091865539551
480 	 3.367628335952759
481 	 3.396253824234009
482 	 3.3239572048187256
483 	 3.203686237335205
484 	 2.845864772796631
485 	 3.1075522899627686
486 	 3.518660306930542
487 	 3.297410488128662
488 	 3.3932108879089355
489 	 3.0537030696868896
490 	 3.449930191040039
491 	 3.564502239227295
492 	 3.3498787879943848
493 	 3.3757476806640625
494 	 3.0425808429718018
495 	 3.3702924251556396
496 	 3.316870927810669
497 	 3.3341612815856934
498 	 3.2261037826538086
499 	 3.3356845378875732
500 	 3.242507219314575
501 	 3.4674856662750244
502 	 3.380922317504883
503 	 3.014820098876953
504 	 3.4202287197113037
505 	 3.1145215034484863
506 	 3.2778706550598145
507 	 2.836310863494873
508 	 3.1199123859405518
509 	 3.2637274265289307
510 	 2.8411386013031006
511 	 2.7800915241241455
512 	 3.0963993072509766
513 	 2.9233078956604004
514 	 2.608464241027832
515 	 3.1795527935028076
516 	 3.637756824493408
517 	 3.646573781967163
518 	 3.8585093021392822
519 	 3.566169500350952
520 	 3.7567646503448486
521 	 3.5327608585357666
522 	 3.3961305618286133
523 	 3.75913667678833
524 	 3.7318344116210938
525 	 3.7052438259124756
526 	 3.5766873359680176
527 	 3.4666545391082764
528 	 3.557270050048828
529 	 3.648500680923462
530 	 3.615877866744995
531 	 3.5402777194976807
532 	 3.3125555515289307
533 	 3.381275177001953
534 	 3.3888943195343018
535 	 3.5405542850494385
536 	 3.5116045475006104
537 	 3.1838157176971436
538 	 2.9135985374450684
539 	 3.204549551010132
540 	 3.4286696910858154
541 	 2.9777486324310303
542 	 3.2134604454040527
543 	 3.0617945194244385
544 	 3.301513671875
545 	 3.3487935066223145
546 	 2.651836633682251
547 	 2.7715137004852295
548 	 3.1223933696746826
549 	 3.411808490753174
550 	 3.2370660305023193
551 	 3.538679361343384
552 	 3.819220542907715
553 	 3.8039188385009766
554 	 3.8343124389648438
555 	 3.8386387825012207
556 	 3.745670795440674
557 	 3.665494918823242
558 	 3.742208957672119
559 	 3.9031922817230225
560 	 3.5128588676452637
561 	 3.596245527267456
562 	 3.499265432357788
563 	 3.6155266761779785
564 	 3.7457196712493896
565 	 3.5178959369659424
566 	 3.472391128540039
567 	 3.525268316268921
568 	 3.3388493061065674
569 	 3.5275800228118896
570 	 3.487349033355713
571 	 3.39168643951416
572 	 3.4915430545806885
573 	 3.5557780265808105
574 	 3.2545974254608154
575 	 3.5588274002075195
576 	 3.23122239112854
577 	 3.126272439956665
578 	 3.225999593734741
579 	 3.552145481109619
580 	 3.178143262863159
581 	 3.1520469188690186
582 	 3.1825246810913086
583 	 3.216923713684082
584 	 3.361995220184326
585 	 3.2108030319213867
586 	 3.0473170280456543
587 	 3.569711208343506
588 	 3.254157066345215
589 	 3.201486110687256
590 	 3.2538795471191406
591 	 3.0675106048583984
592 	 3.2701518535614014
593 	 3.414306879043579
594 	 3.4358632564544678
595 	 3.3304078578948975
596 	 3.2656819820404053
597 	 3.2154603004455566
598 	 3.2011353969573975
599 	 3.206340789794922
600 	 3.1173009872436523
601 	 3.2333953380584717
602 	 3.235515594482422
603 	 3.4653186798095703
604 	 3.3138554096221924
605 	 3.3291594982147217
606 	 3.1562726497650146
607 	 3.1982204914093018
608 	 3.1404361724853516
609 	 3.28739333152771
610 	 3.4238431453704834
611 	 3.3467323780059814
612 	 3.1764543056488037
613 	 3.3395004272460938
614 	 3.1921138763427734
615 	 3.323124647140503
616 	 3.2726333141326904
617 	 3.360264778137207
618 	 3.1018781661987305
619 	 3.2280452251434326
620 	 3.063352346420288
621 	 3.1059703826904297
622 	 3.3368642330169678
623 	 3.2742433547973633
624 	 3.2954511642456055
625 	 3.1202991008758545
626 	 3.2519631385803223
627 	 3.4331235885620117
628 	 3.182351589202881
629 	 3.1049435138702393
630 	 3.4303371906280518
631 	 3.412257194519043
632 	 3.1903398036956787
633 	 3.539027214050293
634 	 3.281078577041626
635 	 3.463285446166992
636 	 3.6902108192443848
637 	 3.5806353092193604
638 	 3.5750980377197266
639 	 3.6375362873077393
640 	 3.6554057598114014
641 	 3.7552149295806885
642 	 3.6107070446014404
643 	 3.4972379207611084
644 	 3.3695950508117676
645 	 3.6927478313446045
646 	 3.6786210536956787
647 	 3.523148775100708
648 	 3.512718677520752
649 	 3.455437660217285
650 	 3.5749216079711914
651 	 3.6262030601501465
652 	 3.5780189037323
653 	 3.3978660106658936
654 	 3.136176109313965
655 	 3.078486442565918
656 	 3.227644443511963
657 	 3.2233543395996094
658 	 3.3430588245391846
659 	 3.131479024887085
660 	 3.0808498859405518
661 	 3.0646541118621826
662 	 2.979099988937378
663 	 2.9758832454681396
664 	 3.0290074348449707
665 	 2.967311382293701
666 	 2.861804246902466
667 	 3.0333023071289062
668 	 3.0672056674957275
669 	 3.019718647003174
670 	 2.9570484161376953
671 	 2.980158567428589
672 	 3.1133384704589844
673 	 3.061465263366699
674 	 3.1104557514190674
675 	 3.1397085189819336
676 	 2.9997968673706055
677 	 3.063283681869507
678 	 2.9484903812408447
679 	 2.9431185722351074
680 	 2.9531302452087402
681 	 2.932084560394287
682 	 3.056847095489502
683 	 3.0384297370910645
684 	 2.9945626258850098
685 	 3.2064645290374756
686 	 3.1146390438079834
687 	 3.065194845199585
688 	 3.1089298725128174
689 	 3.054074764251709
690 	 2.9780709743499756
691 	 3.1187586784362793
692 	 2.974501371383667
693 	 2.9482932090759277
694 	 3.046086072921753
695 	 3.037935733795166
696 	 3.0937252044677734
697 	 3.054661273956299
698 	 3.030369520187378
699 	 3.072028398513794
700 	 3.034777879714966
701 	 3.081740140914917
702 	 2.892900228500366
703 	 2.992058038711548
704 	 2.9999277591705322
705 	 2.9495656490325928
706 	 3.063302755355835
707 	 3.170652389526367
708 	 3.025822877883911
709 	 3.0837912559509277
710 	 3.080402374267578
711 	 2.9829607009887695
712 	 3.022900104522705
713 	 3.029376745223999
714 	 2.9380385875701904
715 	 3.099762201309204
716 	 3.0827951431274414
717 	 2.988978862762451
718 	 2.9950618743896484
719 	 2.9920175075531006
720 	 3.0048513412475586
721 	 2.997436285018921
722 	 3.066993474960327
723 	 3.1188666820526123
724 	 3.057128667831421
725 	 3.053400754928589
726 	 3.1018869876861572
727 	 3.060814619064331
728 	 3.0351815223693848
729 	 3.031198501586914
730 	 3.0617947578430176
731 	 3.0703070163726807
732 	 3.080853223800659
733 	 3.109433650970459
734 	 3.0976502895355225
735 	 3.1135175228118896
736 	 3.018016815185547
737 	 2.975615978240967
738 	 3.0075416564941406
739 	 3.033069610595703
740 	 3.1690876483917236
741 	 3.269015073776245
742 	 3.2359063625335693
743 	 3.2191426753997803
744 	 3.3893840312957764
745 	 3.373914957046509
746 	 3.2918975353240967
747 	 3.1948490142822266
748 	 3.192584991455078
749 	 3.0418877601623535
750 	 3.052232503890991
751 	 2.957693338394165
752 	 3.073997735977173
753 	 3.0098304748535156
754 	 3.1180174350738525
755 	 2.989607095718384
756 	 3.0482189655303955
757 	 3.0346200466156006
758 	 2.993482828140259
759 	 3.043588638305664
760 	 3.018435001373291
761 	 2.977135181427002
762 	 3.110067844390869
763 	 2.9114630222320557
764 	 3.01247239112854
765 	 2.9644360542297363
766 	 3.1572296619415283
767 	 3.0539920330047607
768 	 3.0558629035949707
769 	 3.078974485397339
770 	 3.1602985858917236
771 	 3.122483015060425
772 	 3.0205023288726807
773 	 2.972034454345703
774 	 2.9652416706085205
775 	 3.084092378616333
776 	 3.0862250328063965
777 	 2.9873223304748535
778 	 3.059786558151245
779 	 3.0605075359344482
780 	 3.087787628173828
781 	 2.9864747524261475
782 	 3.0050430297851562
783 	 2.9021639823913574
784 	 3.029242992401123
785 	 3.0556719303131104
786 	 2.995723009109497
787 	 2.9864561557769775
788 	 3.07869553565979
789 	 3.0645217895507812
790 	 3.0387520790100098
791 	 3.056165933609009
792 	 2.990605115890503
793 	 2.992030620574951
794 	 3.059736490249634
795 	 2.9577276706695557
796 	 2.8093531131744385
797 	 3.010828971862793
798 	 3.0018630027770996
799 	 3.0518133640289307
800 	 3.036320447921753
801 	 3.1718802452087402
802 	 2.938720226287842
803 	 3.030795097351074
804 	 3.009201765060425
805 	 3.0824103355407715
806 	 3.0503737926483154
807 	 3.1151952743530273
808 	 3.225248336791992
809 	 3.261037826538086
810 	 3.262587308883667
811 	 3.27582049369812
812 	 3.334282159805298
813 	 3.3076348304748535
814 	 3.2228896617889404
815 	 3.2864484786987305
816 	 3.248281240463257
817 	 3.2001030445098877
818 	 3.2284035682678223
819 	 3.237311363220215
820 	 3.2923543453216553
821 	 3.3435678482055664
822 	 3.304015636444092
823 	 3.2553820610046387
824 	 3.247871160507202
825 	 3.2460227012634277
826 	 3.2616021633148193
827 	 3.2263827323913574
828 	 3.201240301132202
829 	 3.3323700428009033
830 	 3.280587673187256
831 	 3.27852201461792
832 	 3.324882745742798
833 	 3.3406829833984375
834 	 3.245140790939331
835 	 3.303964614868164
836 	 3.311011552810669
837 	 3.10809588432312
838 	 3.0606892108917236
839 	 3.065704822540283
840 	 3.0683650970458984
841 	 3.1255805492401123
842 	 2.9970591068267822
843 	 3.037384271621704
844 	 3.0585989952087402
845 	 3.1154093742370605
846 	 3.011448860168457
847 	 3.007889986038208
848 	 3.016608953475952
849 	 2.921809673309326
850 	 2.988826274871826
851 	 3.0126607418060303
852 	 2.9994688034057617
853 	 3.0396714210510254
854 	 3.0923399925231934
855 	 2.909372091293335
856 	 3.093024969100952
857 	 3.0686302185058594
858 	 2.965468645095825
859 	 3.037607192993164
860 	 2.9922409057617188
861 	 3.0780370235443115
862 	 2.9857208728790283
863 	 3.11895751953125
864 	 2.9402964115142822
865 	 3.0654807090759277
866 	 3.068854331970215
867 	 3.0478241443634033
868 	 3.091526746749878
869 	 3.0712223052978516
870 	 3.127936840057373
871 	 3.010047674179077
872 	 3.115356206893921
873 	 3.0981273651123047
874 	 3.0459463596343994
875 	 2.9725303649902344
876 	 2.948582649230957
877 	 3.0548675060272217
878 	 3.008146286010742
879 	 2.985697031021118
880 	 3.0515177249908447
881 	 3.0104291439056396
882 	 3.060697317123413
883 	 3.079193353652954
884 	 2.9604380130767822
885 	 3.159001111984253
886 	 3.011871576309204
887 	 3.1399898529052734
888 	 3.1806893348693848
889 	 3.1800732612609863
890 	 3.137146234512329
891 	 3.2934441566467285
892 	 3.0313944816589355
893 	 3.185424327850342
894 	 3.091996669769287
895 	 3.065300941467285
896 	 3.143019676208496
897 	 3.0649611949920654
898 	 3.165884256362915
899 	 3.061892509460449
900 	 3.0224804878234863
901 	 3.097470760345459
902 	 3.080817937850952
903 	 3.197852849960327
904 	 3.1070914268493652
905 	 3.0640957355499268
906 	 3.0464305877685547
907 	 2.9092111587524414
908 	 2.910010814666748
909 	 3.101430654525757
910 	 3.0039360523223877
911 	 3.1403822898864746
912 	 3.107093572616577
913 	 2.9599874019622803
914 	 2.96754789352417
915 	 3.047821283340454
916 	 2.9970359802246094
917 	 2.903855085372925
918 	 2.9976561069488525
919 	 3.269038438796997
920 	 3.2089779376983643
921 	 3.0576553344726562
922 	 3.078439235687256
923 	 2.957921028137207
924 	 2.9036262035369873
925 	 3.045571804046631
926 	 2.9534099102020264
927 	 3.0043725967407227
928 	 3.0204224586486816
929 	 3.0911285877227783
930 	 2.929495334625244
931 	 3.061654806137085
932 	 3.09041166305542
933 	 3.079570770263672
934 	 3.0104775428771973
935 	 3.047785758972168
936 	 3.1402509212493896
937 	 3.145169734954834
938 	 3.2182819843292236
939 	 3.042093515396118
940 	 3.1840665340423584
941 	 3.167804479598999
942 	 3.0647928714752197
943 	 3.053363084793091
944 	 2.9982526302337646
945 	 3.092040777206421
946 	 3.0721731185913086
947 	 3.081568717956543
948 	 3.026045083999634
949 	 3.163463592529297
950 	 3.147209405899048
951 	 3.054776906967163
952 	 3.1050682067871094
953 	 3.1035261154174805
954 	 3.1183061599731445
955 	 3.07173228263855
956 	 3.0360593795776367
957 	 3.191664218902588
958 	 2.963083505630493
959 	 3.1399452686309814
960 	 3.0923025608062744
961 	 3.088088274002075
962 	 3.0427465438842773
963 	 3.100998640060425
964 	 3.0885136127471924
965 	 3.1785151958465576
966 	 3.0978150367736816
967 	 3.0990777015686035
968 	 3.0899462699890137
969 	 2.9922988414764404
970 	 3.047560453414917
971 	 3.002443313598633
972 	 2.95757794380188
973 	 3.0301079750061035
974 	 2.9616808891296387
975 	 3.0272891521453857
976 	 3.043828010559082
977 	 3.0935659408569336
978 	 3.1152138710021973
979 	 3.129138708114624
980 	 3.1817517280578613
981 	 3.0547866821289062
982 	 3.0530946254730225
983 	 3.102447271347046
984 	 3.1691246032714844
985 	 3.228228807449341
986 	 3.089901924133301
987 	 3.099561929702759
988 	 3.06512188911438
989 	 3.044041395187378
990 	 3.2471258640289307
991 	 3.1403489112854004
992 	 3.135563611984253
993 	 3.1199686527252197
994 	 3.1471498012542725
995 	 3.075415849685669
996 	 3.1437206268310547
997 	 3.188781499862671
998 	 3.153899669647217
999 	 3.1381680965423584
1000 	 3.2063703536987305
1001 	 3.1810402870178223
1002 	 3.170384168624878
1003 	 3.224990129470825
1004 	 3.312990188598633
1005 	 3.287525177001953
1006 	 3.2323222160339355
1007 	 3.2641658782958984
1008 	 3.3167455196380615
1009 	 3.2711753845214844
1010 	 3.332319736480713
1011 	 3.371947765350342
1012 	 3.3099563121795654
1013 	 3.3392772674560547
1014 	 3.506783962249756
1015 	 3.414821147918701
1016 	 3.420452117919922
1017 	 3.495081663131714
1018 	 3.4638350009918213
1019 	 3.454472303390503
1020 	 3.576979637145996
1021 	 3.4273366928100586
1022 	 3.4795684814453125
1023 	 3.496267795562744
1024 	 3.626909017562866
1025 	 3.4885306358337402
1026 	 3.4002206325531006
1027 	 3.535233736038208
1028 	 3.5711662769317627
1029 	 3.440152168273926
1030 	 3.4691507816314697
1031 	 3.469571590423584
1032 	 3.415923833847046
1033 	 3.5209240913391113
1034 	 3.333355665206909
1035 	 3.3736507892608643
1036 	 3.482091188430786
1037 	 3.469273090362549
1038 	 3.3929500579833984
1039 	 3.4769186973571777
1040 	 3.4179279804229736
1041 	 3.4989078044891357
1042 	 3.3858675956726074
1043 	 3.407104969024658
1044 	 3.343742847442627
1045 	 3.4784183502197266
1046 	 3.5106217861175537
1047 	 3.4200046062469482
1048 	 3.430104970932007
1049 	 3.4141716957092285
1050 	 3.370448589324951
1051 	 3.4312682151794434
1052 	 3.4191198348999023
1053 	 3.332582473754883
1054 	 3.42443585395813
1055 	 3.3625693321228027
1056 	 3.429202079772949
1057 	 3.403972625732422
1058 	 3.413569688796997
1059 	 3.292274236679077
1060 	 3.2707056999206543
1061 	 2.945888042449951
1062 	 2.997666358947754
1063 	 3.162877321243286
1064 	 3.265444278717041
1065 	 3.1464550495147705
1066 	 3.040147066116333
1067 	 3.106290578842163
1068 	 3.118328094482422
1069 	 2.9442882537841797
1070 	 3.0668556690216064
1071 	 3.0068206787109375
1072 	 3.0989561080932617
1073 	 3.105286121368408
1074 	 3.130885124206543
1075 	 3.175722599029541
1076 	 3.1142210960388184
1077 	 3.1568567752838135
1078 	 3.1035776138305664
1079 	 2.958653688430786
1080 	 3.0508077144622803
1081 	 3.290346384048462
1082 	 3.2544939517974854
1083 	 3.0588037967681885
1084 	 3.1481571197509766
1085 	 3.165823221206665
1086 	 3.0323920249938965
1087 	 3.0698025226593018
1088 	 3.0236690044403076
1089 	 3.092306137084961
1090 	 3.0239689350128174
1091 	 3.1343014240264893
1092 	 3.1078827381134033
1093 	 3.01729679107666
1094 	 3.068035125732422
1095 	 3.156297445297241
1096 	 3.047076940536499
1097 	 2.9459621906280518
1098 	 3.0916764736175537
1099 	 3.0971834659576416
1100 	 3.054558038711548
1101 	 3.109497308731079
1102 	 3.0382590293884277
1103 	 3.118622303009033
1104 	 2.992044448852539
1105 	 2.9785220623016357
1106 	 3.324191093444824
1107 	 3.3926074504852295
1108 	 3.2544147968292236
1109 	 3.354461431503296
1110 	 3.3202483654022217
1111 	 3.346571683883667
1112 	 3.1738250255584717
1113 	 3.0528738498687744
1114 	 3.1196818351745605
1115 	 2.9406003952026367
1116 	 3.13181471824646
1117 	 3.087156057357788
1118 	 3.124642848968506
1119 	 3.1420044898986816
1120 	 3.0698294639587402
1121 	 2.9970216751098633
1122 	 3.239100217819214
1123 	 3.2862026691436768
1124 	 3.109560251235962
1125 	 3.254403829574585
1126 	 3.2482528686523438
1127 	 3.1421265602111816
1128 	 3.008042097091675
1129 	 3.1272854804992676
1130 	 3.10575270652771
1131 	 3.037153720855713
1132 	 3.150505542755127
1133 	 3.0851998329162598
1134 	 3.071173906326294
1135 	 3.037660837173462
1136 	 3.0486559867858887
1137 	 3.1473677158355713
1138 	 3.2983155250549316
1139 	 3.0886144638061523
1140 	 3.132408857345581
1141 	 3.1073920726776123
1142 	 3.151498556137085
1143 	 3.0751562118530273
1144 	 3.1956582069396973
1145 	 3.2435719966888428
1146 	 3.1692824363708496
1147 	 3.1387360095977783
1148 	 3.1815507411956787
1149 	 3.046372652053833
1150 	 3.0271358489990234
1151 	 3.029822587966919
1152 	 2.9471065998077393
1153 	 2.9931840896606445
1154 	 3.0418825149536133
1155 	 3.054453134536743
1156 	 3.0623111724853516
1157 	 3.0157670974731445
1158 	 3.067532539367676
1159 	 3.105152130126953
1160 	 2.9495034217834473
1161 	 3.0650553703308105
1162 	 3.061556339263916
1163 	 3.0241005420684814
1164 	 3.1401610374450684
1165 	 3.0632870197296143
1166 	 3.121890068054199
1167 	 2.960573434829712
1168 	 3.0190439224243164
1169 	 3.018873691558838
1170 	 3.0748507976531982
1171 	 3.0340635776519775
1172 	 3.0848913192749023
1173 	 3.0706963539123535
1174 	 3.001267910003662
1175 	 3.1700570583343506
1176 	 2.9752869606018066
1177 	 3.099316120147705
1178 	 3.0870888233184814
1179 	 3.0210678577423096
1180 	 3.146759271621704
1181 	 3.0812501907348633
1182 	 3.1104984283447266
1183 	 3.249265670776367
1184 	 3.1539502143859863
1185 	 3.1626338958740234
1186 	 3.1725809574127197
1187 	 3.114185094833374
1188 	 3.583078145980835
1189 	 3.4457976818084717
1190 	 3.5543246269226074
1191 	 3.5012378692626953
1192 	 3.474620819091797
1193 	 3.476693868637085
1194 	 3.301755428314209
1195 	 3.203549861907959
1196 	 3.2688817977905273
1197 	 3.2918410301208496
1198 	 3.4649813175201416
1199 	 3.306375741958618
1200 	 3.3444719314575195
1201 	 3.5022082328796387
1202 	 3.3609747886657715
1203 	 3.421678066253662
1204 	 3.3674352169036865
1205 	 3.443998098373413
1206 	 3.3557000160217285
1207 	 3.3740358352661133
1208 	 3.476331949234009
1209 	 3.3585269451141357
1210 	 3.3729586601257324
1211 	 3.4227564334869385
1212 	 3.419092893600464
1213 	 3.5022823810577393
1214 	 3.4646997451782227
1215 	 3.5072824954986572
1216 	 3.3786253929138184
1217 	 3.4101710319519043
1218 	 3.4471888542175293
1219 	 3.3405020236968994
1220 	 3.3144242763519287
1221 	 3.2995917797088623
1222 	 3.3459882736206055
1223 	 3.4818737506866455
1224 	 3.5021519660949707
1225 	 3.3622617721557617
1226 	 3.513523817062378
1227 	 3.406677722930908
1228 	 3.4655256271362305
1229 	 3.4673984050750732
1230 	 3.44669246673584
1231 	 3.302511215209961
1232 	 3.1969573497772217
1233 	 3.2446718215942383
1234 	 3.1779444217681885
1235 	 3.1990697383880615
1236 	 3.288374423980713
1237 	 3.2382309436798096
1238 	 3.3294575214385986
1239 	 3.1211495399475098
1240 	 3.1703038215637207
1241 	 3.304692029953003
1242 	 3.2900607585906982
1243 	 3.179595708847046
1244 	 3.134572744369507
1245 	 3.1144661903381348
1246 	 3.2768797874450684
1247 	 3.255776882171631
1248 	 3.197188138961792
1249 	 3.266099452972412
1250 	 3.260314702987671
1251 	 3.2960004806518555
1252 	 3.247577428817749
1253 	 3.354768991470337
1254 	 3.3205583095550537
1255 	 3.2684683799743652
1256 	 3.2568840980529785
1257 	 3.2229788303375244
1258 	 3.1118922233581543
1259 	 3.129286050796509
1260 	 2.943000555038452
1261 	 3.0853610038757324
1262 	 3.0552239418029785
1263 	 3.0247817039489746
1264 	 3.0398340225219727
1265 	 2.9307165145874023
1266 	 3.111004590988159
1267 	 3.0477752685546875
1268 	 3.2158994674682617
1269 	 3.0966668128967285
1270 	 3.1349213123321533
1271 	 3.0950865745544434
1272 	 3.0871872901916504
1273 	 3.1201870441436768
1274 	 3.137040615081787
1275 	 3.0465800762176514
1276 	 3.035714626312256
1277 	 3.233196496963501
1278 	 3.0231940746307373
1279 	 3.0363991260528564
1280 	 3.2014670372009277
1281 	 3.1698546409606934
1282 	 3.091226816177368
1283 	 3.034846782684326
1284 	 3.2080512046813965
1285 	 3.102570056915283
1286 	 3.093275547027588
1287 	 3.207597255706787
1288 	 3.145270824432373
1289 	 3.1998085975646973
1290 	 3.131761074066162
1291 	 3.1571521759033203
1292 	 3.0705080032348633
1293 	 3.143721342086792
1294 	 3.12264347076416
1295 	 3.094341993331909
1296 	 3.073620080947876
1297 	 3.0206191539764404
1298 	 3.2031428813934326
1299 	 3.1331865787506104
1300 	 3.0513863563537598
1301 	 3.1413636207580566
1302 	 3.0763046741485596
1303 	 3.0611143112182617
1304 	 3.1044528484344482
1305 	 3.1262705326080322
1306 	 2.9580836296081543
1307 	 3.083716869354248
1308 	 3.074854850769043
1309 	 3.2175214290618896
1310 	 3.238581657409668
1311 	 3.242398977279663
1312 	 3.1910340785980225
1313 	 3.1388206481933594
1314 	 3.1363518238067627
1315 	 2.9161133766174316
1316 	 3.0692923069000244
1317 	 3.166907787322998
1318 	 3.09448504447937
1319 	 3.092766284942627
1320 	 3.1567506790161133
1321 	 3.14685320854187
1322 	 3.1301116943359375
1323 	 3.151226282119751
1324 	 3.1340012550354004
1325 	 3.19183611869812
1326 	 3.0456748008728027
1327 	 3.080678701400757
1328 	 3.2935609817504883
1329 	 3.3484838008880615
1330 	 3.331862688064575
1331 	 3.22605562210083
1332 	 3.124501943588257
1333 	 3.0996735095977783
1334 	 3.2025113105773926
1335 	 3.0961570739746094
1336 	 3.1022720336914062
1337 	 3.180966377258301
1338 	 3.028503894805908
1339 	 3.1724138259887695
1340 	 3.003568172454834
1341 	 3.057216167449951
1342 	 3.107656240463257
1343 	 3.110039234161377
1344 	 3.009232997894287
1345 	 3.1495440006256104
1346 	 2.9162564277648926
1347 	 3.0468127727508545
1348 	 3.046241283416748
1349 	 3.0247442722320557
1350 	 3.0465664863586426
1351 	 3.2021422386169434
1352 	 3.12026047706604
1353 	 3.100442409515381
1354 	 3.133140802383423
1355 	 3.12390398979187
1356 	 3.3348989486694336
1357 	 3.2121355533599854
1358 	 3.1691503524780273
1359 	 3.256484270095825
1360 	 3.133279323577881
1361 	 3.4216854572296143
1362 	 3.338564157485962
1363 	 3.325657367706299
1364 	 3.2266342639923096
1365 	 3.400681257247925
1366 	 3.38240122795105
1367 	 3.405667781829834
1368 	 3.3971354961395264
1369 	 3.4576194286346436
1370 	 3.390202045440674
1371 	 3.37990665435791
1372 	 3.4459731578826904
1373 	 3.482450246810913
1374 	 3.5635340213775635
1375 	 3.2872977256774902
1376 	 3.421626329421997
1377 	 3.445387363433838
1378 	 3.289551019668579
1379 	 3.415741443634033
1380 	 3.3533475399017334
1381 	 3.4807984828948975
1382 	 3.349616289138794
1383 	 3.4474809169769287
1384 	 3.3755099773406982
1385 	 3.303071975708008
1386 	 3.475132942199707
1387 	 3.382507085800171
1388 	 3.3556461334228516
1389 	 3.404956817626953
1390 	 3.3901820182800293
1391 	 3.337406635284424
1392 	 3.4394633769989014
1393 	 3.488551616668701
1394 	 3.344275951385498
1395 	 3.2641372680664062
1396 	 3.5031163692474365
1397 	 3.4787731170654297
1398 	 3.3734724521636963
1399 	 3.4830703735351562
1400 	 3.3231453895568848
1401 	 3.3525896072387695
1402 	 3.4656076431274414
1403 	 3.4348387718200684
1404 	 3.4434165954589844
1405 	 3.367732048034668
1406 	 3.3883962631225586
1407 	 3.377671241760254
1408 	 3.40545916557312
1409 	 3.564979314804077
1410 	 3.486555337905884
1411 	 3.4602458477020264
1412 	 3.421024799346924
1413 	 3.4685962200164795
1414 	 3.4707367420196533
1415 	 3.4119036197662354
1416 	 3.3739962577819824
1417 	 3.3972537517547607
1418 	 3.427062749862671
1419 	 3.4424209594726562
1420 	 3.3914339542388916
1421 	 3.4080889225006104
1422 	 3.433828353881836
1423 	 3.3617589473724365
1424 	 3.3486554622650146
1425 	 3.4272944927215576
1426 	 3.3640263080596924
1427 	 3.4158432483673096
1428 	 3.3980531692504883
1429 	 3.4673941135406494
1430 	 3.4201197624206543
1431 	 3.340524911880493
1432 	 3.4427506923675537
1433 	 3.4382734298706055
1434 	 3.516603946685791
1435 	 3.326960325241089
1436 	 3.3593618869781494
1437 	 3.4953556060791016
1438 	 3.3346874713897705
1439 	 3.487440824508667
1440 	 3.437239408493042
1441 	 3.461153745651245
1442 	 3.396928310394287
1443 	 3.386343240737915
1444 	 3.49416446685791
1445 	 3.3609275817871094
1446 	 3.3999977111816406
1447 	 3.413724184036255
1448 	 3.5026488304138184
1449 	 3.435554027557373
1450 	 3.512889862060547
1451 	 3.394038677215576
1452 	 3.4076108932495117
1453 	 3.399047374725342
1454 	 3.4442756175994873
1455 	 3.4936676025390625
1456 	 3.367096185684204
1457 	 3.2911009788513184
1458 	 3.4335317611694336
1459 	 3.387408971786499
1460 	 3.4066648483276367
1461 	 3.3669023513793945
1462 	 3.5293872356414795
1463 	 3.316730499267578
1464 	 3.4218223094940186
1465 	 3.4566192626953125
1466 	 3.404287815093994
1467 	 3.3927114009857178
1468 	 3.4322988986968994
1469 	 3.345510721206665
1470 	 3.2787511348724365
1471 	 3.1996042728424072
1472 	 3.1983282566070557
1473 	 3.2095937728881836
1474 	 3.18336820602417
1475 	 3.1436567306518555
1476 	 3.293095111846924
1477 	 2.8596279621124268
1478 	 3.0451323986053467
1479 	 3.0399279594421387
1480 	 3.065455198287964
1481 	 3.161327600479126
1482 	 3.0294222831726074
1483 	 3.1768300533294678
1484 	 3.1033694744110107
1485 	 3.129619836807251
1486 	 3.162895441055298
1487 	 3.0570173263549805
1488 	 3.055772304534912
1489 	 2.8945577144622803
1490 	 3.1346826553344727
1491 	 3.2605435848236084
1492 	 3.12459659576416
1493 	 3.022534132003784
1494 	 3.0646185874938965
1495 	 3.1379497051239014
1496 	 3.1355552673339844
1497 	 3.140113353729248
1498 	 3.1738693714141846
1499 	 3.3006205558776855
1500 	 3.2412781715393066
1501 	 3.2506802082061768
1502 	 3.2903475761413574
1503 	 3.2029614448547363
1504 	 3.162503719329834
1505 	 3.170769214630127
1506 	 3.202922821044922
1507 	 3.097926616668701
1508 	 3.453719139099121
1509 	 3.3815290927886963
1510 	 3.4425089359283447
1511 	 3.4564528465270996
1512 	 3.454753875732422
1513 	 3.420031785964966
1514 	 3.4547057151794434
1515 	 3.353940010070801
1516 	 3.4151227474212646
1517 	 3.411975860595703
1518 	 3.363957166671753
1519 	 3.4577529430389404
1520 	 3.458516836166382
1521 	 3.514324188232422
1522 	 3.440487861633301
1523 	 3.363102436065674
1524 	 3.379342794418335
1525 	 3.4521968364715576
1526 	 3.4421441555023193
1527 	 3.430673122406006
1528 	 3.4059736728668213
1529 	 3.4561269283294678
1530 	 3.444352865219116
1531 	 3.456569194793701
1532 	 3.4884209632873535
1533 	 3.4162542819976807
1534 	 3.4122352600097656
1535 	 3.4568052291870117
1536 	 3.467939853668213
1537 	 3.473416805267334
1538 	 3.521099090576172
1539 	 3.3558707237243652
1540 	 3.182096004486084
1541 	 3.3787310123443604
1542 	 3.3843696117401123
1543 	 3.3258469104766846
1544 	 3.335609197616577
1545 	 3.3141491413116455
1546 	 3.2900822162628174
1547 	 3.248000383377075
1548 	 3.3198533058166504
1549 	 3.319308042526245
1550 	 3.287961006164551
1551 	 3.2620279788970947
1552 	 3.255392074584961
1553 	 3.394486427307129
1554 	 3.391019821166992
1555 	 3.397892713546753
1556 	 3.3286917209625244
1557 	 3.376260757446289
1558 	 3.2939352989196777
1559 	 3.393033027648926
1560 	 3.322695016860962
1561 	 3.2800281047821045
1562 	 3.3063173294067383
1563 	 3.0531351566314697
1564 	 3.058885335922241
1565 	 3.033391237258911
1566 	 3.0474467277526855
1567 	 3.0648694038391113
1568 	 3.08912992477417
1569 	 3.0868263244628906
1570 	 2.9774398803710938
1571 	 3.212768793106079
1572 	 3.1372060775756836
1573 	 3.0701136589050293
1574 	 3.0521390438079834
1575 	 3.12080979347229
1576 	 3.1303775310516357
1577 	 3.097381830215454
1578 	 3.204728126525879
1579 	 3.044111967086792
1580 	 3.0289173126220703
1581 	 3.0503101348876953
1582 	 3.086660385131836
1583 	 2.9931318759918213
1584 	 3.2108781337738037
1585 	 3.1425740718841553
1586 	 3.083658218383789
1587 	 3.1162755489349365
1588 	 3.1619036197662354
1589 	 3.0536983013153076
1590 	 3.095630645751953
1591 	 3.068986177444458
1592 	 3.1006898880004883
1593 	 3.058698892593384
1594 	 3.0038108825683594
1595 	 2.9994053840637207
1596 	 3.1434905529022217
1597 	 3.0910825729370117
1598 	 3.109562873840332
1599 	 3.024034023284912
1600 	 3.001833200454712
1601 	 3.057035207748413
1602 	 2.9972424507141113
1603 	 3.1053996086120605
1604 	 3.05963397026062
1605 	 3.0649917125701904
1606 	 3.0717334747314453
1607 	 2.956524133682251
1608 	 3.092811346054077
1609 	 3.06622314453125
1610 	 3.122467279434204
1611 	 3.1006085872650146
1612 	 3.093512773513794
1613 	 2.9845690727233887
1614 	 3.0394012928009033
1615 	 3.18437123298645
1616 	 3.2140047550201416
1617 	 3.01304030418396
1618 	 2.9867138862609863
1619 	 3.0230822563171387
1620 	 2.925156593322754
1621 	 2.9747979640960693
1622 	 3.0635786056518555
1623 	 2.9185078144073486
1624 	 2.9461569786071777
1625 	 3.0104992389678955
1626 	 3.079867124557495
1627 	 2.9087631702423096
1628 	 2.927675485610962
1629 	 2.9141592979431152
1630 	 3.063662052154541
1631 	 3.0188355445861816
1632 	 2.825448513031006
1633 	 2.9742398262023926
1634 	 2.943455934524536
1635 	 3.0366714000701904
1636 	 3.0323548316955566
1637 	 2.8949875831604004
1638 	 2.9793753623962402
1639 	 2.907475233078003
1640 	 2.917367458343506
1641 	 2.9895339012145996
1642 	 2.9819040298461914
1643 	 3.0447115898132324
1644 	 3.045607328414917
1645 	 3.083329916000366
1646 	 2.895291805267334
1647 	 2.9961602687835693
1648 	 2.990648031234741
1649 	 2.944520950317383
1650 	 2.972346067428589
1651 	 2.9905898571014404
1652 	 3.0497636795043945
1653 	 3.11647629737854
1654 	 3.199505567550659
1655 	 3.0248863697052
1656 	 2.9477620124816895
1657 	 2.9558746814727783
1658 	 2.8815996646881104
1659 	 2.9002230167388916
1660 	 3.0686488151550293
1661 	 3.0254340171813965
1662 	 3.062053680419922
1663 	 3.0275306701660156
1664 	 3.134056806564331
1665 	 3.02912974357605
1666 	 3.0710608959198
1667 	 3.0746476650238037
1668 	 2.9157514572143555
1669 	 3.1118812561035156
1670 	 2.933363914489746
1671 	 2.920607566833496
1672 	 3.086822509765625
1673 	 3.0812089443206787
1674 	 3.0114243030548096
1675 	 3.0065667629241943
1676 	 2.970170259475708
1677 	 3.053454637527466
1678 	 2.9660632610321045
1679 	 2.9411237239837646
1680 	 3.0113446712493896
1681 	 2.878122091293335
1682 	 2.990435838699341
1683 	 2.950812578201294
1684 	 2.956150770187378
1685 	 2.8879823684692383
1686 	 3.0005810260772705
1687 	 2.91605806350708
1688 	 2.9139657020568848
1689 	 3.029573440551758
1690 	 3.0487093925476074
1691 	 2.9364614486694336
1692 	 2.9824774265289307
1693 	 2.9764363765716553
1694 	 2.909846305847168
1695 	 3.036735773086548
1696 	 3.028228759765625
1697 	 2.9682304859161377
1698 	 3.11787486076355
1699 	 2.9515810012817383
1700 	 2.993379592895508
1701 	 3.053712844848633
1702 	 3.076688528060913
1703 	 3.031618356704712
1704 	 3.0369229316711426
1705 	 2.9386072158813477
1706 	 3.0470941066741943
1707 	 2.9087209701538086
1708 	 3.0396294593811035
1709 	 3.0915231704711914
1710 	 3.1096365451812744
1711 	 3.0833539962768555
1712 	 3.0402579307556152
1713 	 3.0435304641723633
1714 	 3.1159305572509766
1715 	 3.0398876667022705
1716 	 3.004579544067383
1717 	 3.1724231243133545
1718 	 3.015883445739746
1719 	 3.0374205112457275
1720 	 3.041747570037842
1721 	 3.0273635387420654
1722 	 3.1155052185058594
1723 	 3.0840542316436768
1724 	 3.135721445083618
1725 	 3.100004196166992
1726 	 2.9762074947357178
1727 	 2.923383951187134
1728 	 3.0243778228759766
1729 	 3.156667947769165
1730 	 3.10318922996521
1731 	 3.133884906768799
1732 	 3.20692777633667
1733 	 3.0450751781463623
1734 	 3.102013349533081
1735 	 3.1511619091033936
1736 	 3.0987637042999268
1737 	 3.085298538208008
1738 	 3.0677738189697266
1739 	 3.0296883583068848
1740 	 2.9569737911224365
1741 	 2.980699062347412
1742 	 3.033202886581421
1743 	 3.153662919998169
1744 	 3.0550475120544434
1745 	 3.09374737739563
1746 	 2.9906585216522217
1747 	 3.0261402130126953
1748 	 2.985877752304077
1749 	 3.051378011703491
