Tiempo	Replica	Distancia_Global	CYS1	Distancia_Global_Smooth	CYS1_Smooth
0.000	R3	11.809	19.395	14.462	19.434
0.040	R3	12.175	18.617	14.708	19.228
0.080	R3	13.498	21.304	14.854	19.450
0.120	R3	14.398	22.298	14.768	19.368
0.160	R3	16.952	17.409	14.661	19.237
0.200	R3	15.263	17.343	14.579	19.199
0.240	R3	13.911	20.341	14.726	19.322
0.280	R3	14.911	19.338	14.672	19.390
0.320	R3	16.216	22.806	14.642	19.462
0.360	R3	15.483	15.483	14.595	19.679
0.400	R3	17.173	17.173	14.520	19.786
0.440	R3	16.462	21.885	14.765	19.965
0.480	R3	13.730	18.384	15.052	19.930
0.520	R3	13.271	17.540	15.211	19.701
0.560	R3	13.426	18.661	15.177	19.347
0.600	R3	16.936	21.177	14.921	19.249
0.640	R3	13.816	20.470	14.535	19.055
0.680	R3	14.123	20.688	14.243	18.442
0.720	R3	13.746	23.578	13.880	17.858
0.760	R3	13.103	21.818	13.555	17.204
0.800	R3	16.696	22.980	13.203	16.852
0.840	R3	17.930	17.930	12.789	16.663
0.880	R3	16.678	16.714	12.552	16.418
0.920	R3	13.714	15.221	12.520	16.398
0.960	R3	11.833	15.449	12.608	16.539
1.000	R3	7.537	13.471	12.541	16.584
1.040	R3	8.075	8.075	12.221	16.381
1.080	R3	7.648	7.648	11.999	16.062
1.120	R3	9.729	9.729	11.717	15.905
1.160	R3	8.443	8.443	11.467	15.409
1.200	R3	8.886	13.404	11.363	15.083
1.240	R3	11.717	16.973	10.993	14.735
1.280	R3	13.087	17.989	10.318	14.505
1.320	R3	15.028	20.370	9.740	14.069
1.360	R3	12.100	19.557	9.346	13.714
1.400	R3	10.522	17.119	9.031	13.330
1.440	R3	9.376	14.078	8.912	13.022
1.480	R3	8.490	17.557	8.792	13.023
1.520	R3	8.754	13.652	8.705	13.133
1.560	R3	11.013	15.308	8.594	13.289
1.600	R3	9.297	16.013	8.556	13.535
1.640	R3	4.433	13.328	8.527	13.544
1.680	R3	5.107	8.004	8.326	13.405
1.720	R3	5.836	8.118	8.068	13.141
1.760	R3	5.550	7.772	7.910	12.991
1.800	R3	5.152	7.297	7.823	12.898
1.840	R3	5.670	8.107	7.939	13.061
1.880	R3	5.903	9.836	8.051	13.440
1.920	R3	7.510	12.854	8.232	13.491
1.960	R3	7.690	13.356	8.465	13.745
2.000	R3	8.303	13.594	8.666	13.901
2.040	R3	7.694	14.199	8.891	14.077
2.080	R3	7.922	12.704	9.227	14.173
2.120	R3	11.882	17.377	9.519	14.382
2.160	R3	10.356	17.697	9.691	14.440
2.200	R3	12.843	20.367	9.875	14.513
2.240	R3	11.611	21.666	10.052	14.583
2.280	R3	12.112	18.564	10.118	14.527
2.320	R3	13.418	18.742	10.247	14.461
2.360	R3	15.039	18.419	10.321	14.268
2.400	R3	13.779	19.538	10.557	14.360
2.440	R3	11.161	15.242	10.765	14.497
2.480	R3	10.945	12.191	11.029	14.629
2.520	R3	9.273	9.273	11.120	14.727
2.560	R3	9.230	9.230	11.125	14.671
2.600	R3	8.700	8.700	11.233	14.736
2.640	R3	6.989	6.989	11.433	14.867
2.680	R3	8.482	8.519	11.545	14.605
2.720	R3	8.989	8.989	11.845	14.606
2.760	R3	12.418	15.195	12.158	14.791
2.800	R3	12.452	16.346	12.344	14.987
2.840	R3	12.978	16.842	12.652	15.106
2.880	R3	9.754	14.659	13.041	15.291
2.920	R3	11.970	16.261	13.334	15.522
2.960	R3	12.528	18.992	13.592	15.780
3.000	R3	16.840	22.989	13.702	15.890
3.040	R3	13.850	16.409	13.878	16.066
3.080	R3	18.109	18.591	14.082	16.270
3.120	R3	19.682	22.445	14.227	16.413
3.160	R3	18.756	22.344	14.351	16.605
3.200	R3	19.936	21.919	14.251	16.498
3.240	R3	18.932	18.932	14.070	16.248
3.280	R3	16.820	16.820	13.816	15.801
3.320	R3	14.420	14.420	13.725	15.465
3.360	R3	11.441	11.441	13.634	15.160
3.400	R3	12.207	12.207	13.607	14.809
3.440	R3	11.070	11.070	13.214	14.264
3.480	R3	11.391	11.391	13.222	14.172
3.520	R3	11.463	12.834	12.990	13.915
3.560	R3	10.420	13.054	12.694	13.530
3.600	R3	8.824	11.339	12.420	13.170
3.640	R3	7.898	7.898	11.984	12.789
3.680	R3	7.948	7.948	11.513	12.453
3.720	R3	10.155	10.155	11.224	12.225
3.760	R3	11.972	11.972	11.279	12.568
3.800	R3	8.988	12.088	11.676	13.127
3.840	R3	14.006	14.564	11.875	13.590
3.880	R3	13.466	13.466	12.153	14.174
3.920	R3	13.764	14.746	12.553	14.638
3.960	R3	13.291	15.143	13.012	15.315
4.000	R3	11.205	14.294	13.483	15.926
4.040	R3	9.510	12.208	13.950	16.656
4.080	R3	11.037	12.257	14.492	17.311
4.120	R3	15.533	21.294	15.205	18.098
4.160	R3	19.383	22.614	15.752	18.753
4.200	R3	16.183	21.457	16.148	19.149
4.240	R3	16.627	22.749	16.619	19.545
4.280	R3	19.394	20.684	16.870	19.880
4.320	R3	20.634	26.363	17.113	20.311
4.360	R3	19.850	25.273	17.162	20.522
4.400	R3	18.165	25.940	17.324	20.637
4.440	R3	18.739	21.012	17.445	20.659
4.480	R3	22.195	23.671	17.479	20.694
4.520	R3	21.093	23.261	17.515	20.676
4.560	R3	19.895	19.895	17.308	20.253
4.600	R3	18.413	20.013	17.047	20.060
4.640	R3	19.022	21.261	17.007	19.849
4.680	R3	18.326	22.090	16.834	19.410
4.720	R3	14.746	18.968	16.534	19.229
4.760	R3	16.525	17.431	16.103	18.749
4.800	R3	13.624	14.738	15.723	18.483
4.840	R3	10.199	12.917	15.373	18.115
4.880	R3	11.765	11.895	14.813	17.814
4.920	R3	11.378	12.827	14.062	17.427
4.960	R3	14.176	18.749	13.431	17.044
5.000	R3	15.379	17.249	12.897	16.754
5.040	R3	13.162	13.953	12.511	16.500
5.080	R3	13.392	17.076	11.979	16.123
5.120	R3	12.024	16.763	11.564	15.602
5.160	R3	12.235	19.958	11.234	15.121
5.200	R3	11.183	18.577	10.894	14.864
5.240	R3	7.537	14.978	10.675	14.742
5.280	R3	7.167	15.945	10.714	14.767
5.320	R3	8.482	15.592	10.660	14.853
5.360	R3	9.212	14.103	10.561	14.682
5.400	R3	10.694	14.933	10.401	14.293
5.440	R3	8.383	13.719	10.109	13.930
5.480	R3	10.019	11.658	9.855	13.748
5.520	R3	8.143	9.357	9.571	13.335
5.560	R3	9.732	12.288	9.285	12.898
5.600	R3	9.234	12.299	8.932	12.160
5.640	R3	10.977	13.425	8.820	11.677
5.680	R3	10.688	13.615	8.935	11.457
5.720	R3	9.397	9.397	9.081	11.359
5.760	R3	10.980	10.980	9.243	11.165
5.800	R3	9.543	9.991	9.358	11.036
5.840	R3	8.070	10.300	9.377	10.842
5.880	R3	7.710	8.829	9.519	10.718
5.920	R3	6.308	8.019	9.294	10.411
5.960	R3	5.187	5.187	9.185	10.242
6.000	R3	8.929	8.929	8.927	9.855
6.040	R3	9.840	10.578	8.693	9.468
6.080	R3	10.091	13.979	8.409	9.062
6.120	R3	11.717	11.717	8.155	8.735
6.160	R3	11.523	11.523	8.024	8.720
6.200	R3	11.062	11.062	7.831	8.730
6.240	R3	11.228	11.228	7.895	8.991
6.280	R3	5.526	5.526	8.140	9.337
6.320	R3	5.966	5.966	8.509	9.960
6.360	R3	4.559	4.559	8.907	10.560
6.400	R3	4.562	4.562	9.266	11.107
6.440	R3	5.292	5.292	9.675	11.516
6.480	R3	5.614	7.075	9.748	11.552
6.520	R3	6.768	9.097	9.784	11.394
6.560	R3	7.118	11.185	9.881	11.532
6.600	R3	10.825	15.215	9.824	11.474
6.640	R3	12.983	17.216	9.824	11.475
6.680	R3	15.088	21.291	9.623	11.545
6.720	R3	14.266	20.007	9.773	11.892
6.760	R3	12.367	16.136	9.736	12.148
6.800	R3	17.103	17.103	9.791	12.422
6.840	R3	11.299	11.299	9.805	12.611
6.880	R3	10.823	10.823	9.758	12.721
6.920	R3	13.647	14.471	9.712	12.606
6.960	R3	10.376	10.376	9.572	12.406
7.000	R3	11.067	11.067	9.429	12.096
7.040	R3	7.207	12.630	9.136	11.584
7.080	R3	8.528	12.469	8.712	10.948
7.120	R3	5.223	11.086	8.159	10.107
7.160	R3	5.658	10.031	7.685	9.405
7.200	R3	4.846	8.357	7.354	8.886
7.240	R3	4.355	7.478	6.748	8.294
7.280	R3	4.686	4.788	6.423	7.968
7.320	R3	3.968	5.097	6.112	7.658
7.360	R3	4.264	4.984	5.641	7.146
7.400	R3	4.972	4.972	5.370	6.874
7.440	R3	4.489	4.489	5.060	6.564
7.480	R3	4.028	4.470	4.916	6.149
7.520	R3	4.792	5.977	4.668	5.704
7.560	R3	5.749	5.749	4.540	5.283
7.600	R3	4.981	5.257	4.410	4.935
7.640	R3	4.795	4.795	4.374	4.723
7.680	R3	4.610	4.610	4.359	4.551
7.720	R3	4.234	4.234	4.360	4.548
7.760	R3	4.944	4.944	4.385	4.516
7.800	R3	4.863	4.863	4.385	4.480
7.840	R3	4.328	4.328	4.293	4.388
7.880	R3	3.570	3.570	4.223	4.318
7.920	R3	2.671	2.671	4.179	4.252
7.960	R3	3.063	3.063	4.179	4.193
8.000	R3	4.125	4.125	4.163	4.210
8.040	R3	4.037	4.037	4.196	4.327
8.080	R3	4.723	4.723	4.201	4.352
8.120	R3	4.466	4.466	4.183	4.334
8.160	R3	4.259	4.259	4.204	4.502
8.200	R3	3.122	3.122	4.216	4.643
8.240	R3	3.099	3.099	4.321	4.941
8.280	R3	3.144	3.144	4.437	5.357
8.320	R3	4.802	4.802	4.496	5.671
8.360	R3	5.414	6.096	4.718	6.275
8.400	R3	5.645	7.587	4.822	6.817
8.440	R3	4.891	5.302	4.926	7.285
8.480	R3	4.250	4.250	5.193	7.790
8.520	R3	4.671	7.593	5.540	8.246
8.560	R3	5.183	7.767	6.068	8.947
8.600	R3	6.950	10.819	6.635	9.658
8.640	R3	6.653	12.639	7.364	10.483
8.680	R3	4.752	9.863	8.198	11.430
8.720	R3	7.106	14.743	8.952	12.259
8.760	R3	5.140	13.906	9.526	13.113
8.800	R3	6.205	13.490	10.210	13.763
8.840	R3	9.385	14.135	10.815	14.271
8.880	R3	11.657	13.841	11.548	14.983
8.920	R3	15.025	18.480	12.190	15.922
8.960	R3	15.610	18.477	12.824	16.692
9.000	R3	17.704	19.633	13.342	17.300
9.040	R3	19.783	22.030	13.894	17.750
9.080	R3	18.223	19.731	14.523	18.179
9.120	R3	16.277	21.886	15.072	18.683
9.160	R3	19.087	19.087	15.762	19.057
9.200	R3	17.744	17.744	16.308	19.296
9.240	R3	19.550	19.550	16.662	19.519
9.280	R3	17.090	23.025	16.936	19.949
9.320	R3	17.355	22.997	17.185	20.347
9.360	R3	15.553	19.919	17.189	20.479
9.400	R3	17.991	19.819	17.165	20.521
9.440	R3	19.216	21.215	16.876	20.516
9.480	R3	15.734	19.949	16.545	20.449
9.520	R3	20.915	22.225	16.423	20.556
9.560	R3	16.052	18.681	16.113	20.538
9.600	R3	13.283	17.959	15.750	20.590
9.640	R3	14.879	22.732	15.602	20.594
9.680	R3	16.628	21.807	15.173	20.611
9.720	R3	15.108	21.104	14.766	20.237
9.760	R3	15.124	19.324	14.508	19.932
9.800	R3	11.936	19.527	14.287	19.801
9.840	R3	13.150	20.690	13.822	19.648
9.880	R3	15.787	21.876	13.262	19.318
9.920	R3	10.071	21.537	12.984	19.196
9.960	R3	11.838	20.112	12.332	18.806
10.000	R3	14.784	17.829	12.014	18.608
10.040	R3	10.978	19.900	11.794	18.406
10.080	R3	8.932	15.545	11.692	18.038
10.120	R3	12.198	16.882	11.528	17.769
10.160	R3	11.140	17.312	11.260	17.201
10.200	R3	8.683	16.762	10.999	16.729
10.240	R3	8.031	14.611	10.833	16.184
10.280	R3	10.159	17.505	10.677	15.650
10.320	R3	7.876	14.427	10.311	14.981
10.360	R3	9.708	14.723	10.251	14.347
10.400	R3	8.873	13.913	10.051	13.733
10.440	R3	12.833	15.372	9.816	13.531
10.480	R3	13.361	16.419	9.922	13.191
10.520	R3	9.748	9.748	10.000	12.938
10.560	R3	9.890	9.890	9.812	12.517
10.600	R3	8.629	8.629	9.616	12.011
10.640	R3	10.017	10.017	9.602	11.594
10.680	R3	8.480	8.480	9.696	11.359
10.720	R3	8.855	8.855	9.612	10.907
10.760	R3	7.841	7.841	9.655	10.623
10.800	R3	10.090	13.794	9.623	10.340
10.840	R3	13.100	13.100	9.663	10.128
10.880	R3	10.480	10.480	9.245	9.583
10.920	R3	8.453	8.453	8.805	8.990
10.960	R3	7.208	7.208	8.595	8.780
11.000	R3	8.413	8.413	8.394	8.579
11.040	R3	9.913	9.913	8.338	8.592
11.080	R3	8.466	8.466	8.312	8.566
11.120	R3	8.751	8.751	8.421	8.781
11.160	R3	9.066	9.066	8.515	8.930
11.200	R3	9.671	9.671	8.731	9.146
11.240	R3	4.464	4.464	8.727	8.989
11.280	R3	4.565	4.565	8.543	8.806
11.320	R3	5.547	5.547	8.401	8.920
11.360	R3	5.868	5.868	8.354	9.166
11.400	R3	7.508	8.898	8.311	9.402
11.440	R3	9.494	9.494	8.297	9.669
11.480	R3	10.665	12.768	8.221	9.849
11.520	R3	10.735	11.844	8.228	9.941
11.560	R3	12.160	12.160	8.346	10.059
11.600	R3	10.008	10.659	8.445	10.259
11.640	R3	9.423	9.423	8.536	10.350
11.680	R3	7.642	12.778	8.830	10.644
11.720	R3	7.515	13.362	9.271	11.085
11.760	R3	6.338	11.926	10.174	12.261
11.800	R3	8.140	13.751	10.480	12.567
11.840	R3	8.390	13.521	10.699	12.717
11.880	R3	8.605	10.307	10.848	12.865
11.920	R3	11.108	11.108	10.883	12.795
11.960	R3	11.054	13.067	10.863	12.720
12.000	R3	11.482	11.482	10.877	12.734
12.040	R3	10.356	10.356	11.412	13.535
12.080	R3	13.379	13.379	12.015	14.218
12.120	R3	23.609	29.064	12.744	14.690
12.160	R3	11.986	11.986	12.974	14.862
12.200	R3	11.901	11.901	13.063	14.859
12.240	R3	12.456	12.456	13.019	14.985
12.280	R3	11.366	11.366	13.193	15.156
12.320	R3	10.345	10.345	13.774	15.867
12.360	R3	12.441	12.441	14.294	16.556
12.400	R3	20.703	26.689	14.805	16.967
12.440	R3	21.487	23.071	15.376	17.541
12.480	R3	22.221	22.221	15.939	18.148
12.520	R3	12.110	16.799	16.418	18.627
12.560	R3	8.118	11.868	15.952	18.056
12.600	R3	7.273	16.280	15.979	18.110
12.640	R3	11.859	16.925	15.749	17.881
12.680	R3	20.219	24.530	15.665	17.797
12.720	R3	21.513	24.903	15.469	17.642
12.760	R3	21.279	21.279	15.392	17.566
12.800	R3	22.896	22.958	15.254	17.460
12.840	R3	21.617	22.503	14.518	16.425
12.880	R3	22.958	22.958	13.773	15.601
12.920	R3	14.291	17.642	13.125	15.002
12.960	R3	12.519	13.074	13.129	14.896
13.000	R3	7.306	7.306	13.305	15.125
13.040	R3	10.786	10.786	13.462	14.933
13.080	R3	7.432	8.256	13.418	14.636
13.120	R3	8.812	8.832	13.204	14.262
13.160	R3	9.682	10.323	12.812	13.700
13.200	R3	5.980	5.980	12.358	13.310
13.240	R3	6.595	6.595	11.728	12.677
13.280	R3	9.262	10.235	11.044	11.949
13.320	R3	12.173	14.687	10.348	11.253
13.360	R3	11.648	16.456	10.359	11.097
13.400	R3	10.419	12.439	10.789	11.754
13.440	R3	10.968	10.968	11.033	11.998
13.480	R3	15.952	17.054	10.964	11.929
13.520	R3	13.667	13.667	11.006	11.930
13.560	R3	12.185	13.471	10.898	11.820
13.600	R3	10.315	10.315	10.812	11.703
13.640	R3	7.935	7.935	11.104	11.994
13.680	R3	9.038	9.038	11.418	12.334
13.720	R3	14.514	14.514	11.631	12.499
13.760	R3	21.110	26.220	11.671	12.413
13.800	R3	12.187	12.187	11.841	12.485
13.840	R3	9.407	9.407	12.110	12.654
13.880	R3	8.267	8.267	12.244	12.889
13.920	R3	6.647	6.647	12.075	12.830
13.960	R3	7.974	7.974	12.323	13.390
14.000	R3	11.807	11.807	12.461	13.464
14.040	R3	12.888	13.398	13.025	14.422
14.080	R3	13.528	13.528	13.289	14.686
14.120	R3	12.962	12.962	13.509	14.906
14.160	R3	15.044	17.900	13.437	14.835
14.200	R3	15.811	15.811	12.838	13.980
14.240	R3	13.636	15.672	12.662	13.804
14.280	R3	12.580	15.875	12.547	13.689
14.320	R3	18.624	24.869	12.482	13.624
14.360	R3	14.950	14.950	12.520	13.750
14.400	R3	21.581	29.476	12.579	13.809
14.440	R3	13.225	13.225	12.414	13.671
14.480	R3	13.432	13.432	12.025	13.420
14.520	R3	13.084	13.084	11.606	13.154
14.560	R3	9.125	9.125	11.214	12.930
14.600	R3	8.672	8.672	10.715	12.484
14.640	R3	7.104	7.104	10.198	12.166
14.680	R3	6.972	6.972	9.757	12.018
14.720	R3	7.401	9.156	9.372	11.740
14.760	R3	9.156	9.156	8.673	10.934
14.800	R3	8.510	9.046	8.162	10.665
14.840	R3	5.091	8.374	7.337	9.711
14.880	R3	5.149	8.212	6.900	9.690
14.920	R3	5.130	8.484	6.513	9.575
14.960	R3	5.070	8.975	6.133	9.515
15.000	R3	5.475	9.462	5.927	9.673
15.040	R3	4.815	12.718	5.721	9.882
15.080	R3	4.883	10.301	5.599	10.184
15.120	R3	4.631	8.755	5.519	10.488
15.160	R3	4.736	9.575	5.402	10.536
15.200	R3	5.075	10.386	5.152	10.637
15.240	R3	4.493	12.805	5.058	10.866
15.280	R3	5.684	11.137	5.057	10.988
15.320	R3	5.480	11.887	5.050	11.053
15.360	R3	5.024	12.291	5.059	11.247
15.400	R3	4.550	12.835	5.059	11.369
15.440	R3	4.655	13.162	5.040	11.458
15.480	R3	5.367	13.042	5.035	11.309
15.520	R3	5.068	10.108	5.044	11.235
15.560	R3	4.147	11.190	5.065	11.340
15.600	R3	6.641	13.625	5.073	11.443
15.640	R3	5.069	10.807	5.082	11.521
15.680	R3	5.010	9.505	5.057	11.432
15.720	R3	5.315	12.366	5.008	11.404
15.760	R3	5.071	11.425	4.991	11.411
15.800	R3	5.093	11.236	4.974	11.390
15.840	R3	4.718	9.733	4.973	11.321
15.880	R3	5.047	8.838	4.999	11.295
15.920	R3	5.062	10.844	5.009	11.301
15.960	R3	4.886	11.629	4.999	11.350
16.000	R3	5.263	11.954	5.025	11.338
16.040	R3	3.988	11.016	4.939	11.215
16.080	R3	4.698	10.591	4.928	11.270
16.120	R3	5.139	12.028	4.938	11.363
16.160	R3	4.695	11.864	4.920	11.444
16.200	R3	4.526	11.458	4.923	11.505
16.240	R3	5.184	12.645	4.920	11.561
16.280	R3	5.556	13.159	4.937	11.632
16.320	R3	4.869	11.084	4.932	11.740
16.360	R3	4.663	10.958	4.930	11.822
16.400	R3	4.923	11.156	4.908	11.875
16.440	R3	4.864	11.904	4.910	11.872
16.480	R3	5.206	11.383	4.936	11.889
16.520	R3	4.947	13.974	4.940	11.908
16.560	R3	5.137	12.639	4.928	11.877
16.600	R3	5.030	12.367	4.945	11.868
16.640	R3	5.060	11.144	4.970	11.945
16.680	R3	4.946	11.000	4.964	11.944
16.720	R3	5.017	12.480	4.891	11.863
16.760	R3	4.446	12.701	4.875	11.831
16.800	R3	5.300	11.888	4.884	11.657
16.840	R3	4.520	11.352	4.910	11.505
16.880	R3	4.764	10.985	4.934	11.288
16.920	R3	4.916	11.405	4.936	11.142
16.960	R3	5.032	11.669	5.030	11.010
17.000	R3	5.029	13.012	5.099	10.790
17.040	R3	5.059	12.628	5.156	10.499
17.080	R3	4.085	11.526	5.272	10.310
17.120	R3	4.565	10.456	5.296	10.174
17.160	R3	4.833	7.472	5.409	10.022
17.200	R3	5.435	8.108	5.550	9.792
17.240	R3	5.353	7.578	5.547	9.461
17.280	R3	5.248	8.459	5.588	9.160
17.320	R3	6.814	11.340	5.664	8.924
17.360	R3	6.518	8.236	5.800	8.809
17.400	R3	6.178	6.533	5.901	8.578
17.440	R3	7.375	7.375	5.872	8.150
17.480	R3	5.440	8.285	5.967	7.866
17.520	R3	7.262	9.434	6.175	7.766
17.560	R3	7.272	8.109	6.334	7.631
17.600	R3	5.248	5.248	6.523	7.687
17.640	R3	5.336	5.336	6.897	7.927
17.680	R3	6.277	6.277	7.062	7.982
17.720	R3	7.641	9.096	7.358	8.117
17.760	R3	7.051	7.051	7.427	7.960
17.800	R3	4.454	4.454	7.444	7.891
17.840	R3	6.957	6.957	7.400	7.947
17.880	R3	8.246	9.517	7.279	8.074
17.920	R3	7.746	7.746	7.259	8.203
17.960	R3	8.603	8.603	7.232	8.440
18.000	R3	12.912	12.912	7.265	8.754
18.040	R3	8.661	8.661	7.263	9.115
18.080	R3	11.165	11.165	7.256	9.503
18.120	R3	8.196	8.196	7.191	9.784
18.160	R3	6.863	6.863	7.059	9.926
18.200	R3	5.296	7.661	6.966	10.208
18.240	R3	4.948	9.900	6.988	10.571
18.280	R3	5.035	10.884	6.873	10.758
18.320	R3	6.731	14.156	6.717	10.851
18.360	R3	7.931	14.390	6.548	11.065
18.400	R3	5.210	12.472	6.317	11.158
18.440	R3	5.198	13.093	5.886	10.900
18.480	R3	4.964	11.899	5.666	10.864
18.520	R3	5.010	11.937	5.358	10.813
18.560	R3	5.202	12.686	5.212	11.025
18.600	R3	4.875	11.720	5.107	11.303
18.640	R3	4.658	10.707	5.109	11.460
18.680	R3	5.132	11.363	5.097	11.509
18.720	R3	4.361	12.038	5.113	11.551
18.760	R3	3.994	10.457	4.988	11.368
18.800	R3	4.300	7.749	4.813	11.210
18.840	R3	4.256	7.937	4.787	11.108
18.880	R3	4.995	10.158	4.806	11.121
18.920	R3	5.287	12.421	4.839	11.121
18.960	R3	4.765	12.426	4.855	11.122
19.000	R3	5.336	10.802	4.889	10.921
19.040	R3	4.700	10.885	4.965	10.769
19.080	R3	5.359	11.716	5.034	10.683
19.120	R3	4.235	10.509	5.124	10.545
19.160	R3	4.415	11.233	5.255	10.325
19.200	R3	4.691	10.431	5.340	10.086
19.240	R3	5.576	13.354	5.439	10.013
19.280	R3	5.629	11.889	5.501	10.057
19.320	R3	5.328	11.963	5.516	9.951
19.360	R3	5.884	8.659	5.628	9.759
19.400	R3	6.406	8.675	5.777	9.577
19.440	R3	6.029	8.998	5.918	9.528
19.480	R3	6.939	8.601	6.105	9.606
19.520	R3	6.982	7.627	6.385	9.644
19.560	R3	5.683	5.683	6.591	9.741
19.600	R3	6.289	6.289	6.881	9.753
19.640	R3	5.483	8.829	7.312	10.017
19.680	R3	5.300	8.035	7.533	9.880
19.720	R3	7.530	8.584	7.829	9.863
19.760	R3	7.736	8.783	8.179	9.974
19.800	R3	8.156	9.820	8.457	10.296
19.840	R3	8.440	12.450	8.665	10.718
19.880	R3	10.970	12.465	8.782	10.940
19.920	R3	8.347	12.442	8.779	11.072
19.960	R3	10.227	11.473	8.646	11.107
20.000	R3	13.301	15.722	8.574	11.491
20.040	R3	10.005	10.610	8.626	11.831
20.080	R3	11.551	11.551	8.862	12.164
20.120	R3	12.318	14.180	9.352	12.517
20.160	R3	11.453	15.109	10.107	13.541
20.200	R3	10.556	17.117	10.772	14.515
20.240	R3	8.368	13.423	11.257	15.292
20.280	R3	6.886	11.244	11.761	15.963
20.320	R3	4.322	8.338	12.235	16.597
20.360	R3	4.243	13.352	12.725	17.129
20.400	R3	7.326	13.090	12.987	17.524
20.440	R3	10.212	15.484	13.149	17.988
20.480	R3	15.104	15.104	13.260	18.275
20.520	R3	22.621	29.071	13.145	18.521
20.560	R3	21.041	28.247	13.058	18.719
20.600	R3	17.852	25.378	13.009	18.765
20.640	R3	18.522	25.866	13.071	18.892
20.680	R3	20.452	25.132	13.142	19.051
20.720	R3	18.149	23.093	13.383	19.373
20.760	R3	15.468	19.378	13.792	19.836
20.800	R3	16.541	24.987	13.941	19.819
20.840	R3	12.206	16.360	13.984	19.858
20.880	R3	9.253	16.466	13.821	19.618
20.920	R3	10.589	18.149	13.404	19.382
20.960	R3	10.464	16.030	12.529	18.532
21.000	R3	11.812	19.654	11.716	17.563
21.040	R3	9.770	16.590	11.097	16.870
21.080	R3	11.719	17.696	10.425	16.185
21.120	R3	12.494	17.590	9.650	15.503
21.160	R3	7.232	13.015	9.003	15.008
21.200	R3	8.180	13.871	8.471	14.643
21.240	R3	6.961	10.681	7.871	13.963
21.280	R3	6.750	10.394	7.470	13.712
21.320	R3	5.129	12.067	7.220	13.468
21.360	R3	4.775	8.872	6.963	13.225
21.400	R3	5.468	11.503	6.694	13.051
21.440	R3	5.095	12.175	6.363	12.695
21.480	R3	4.950	11.482	6.143	12.483
21.520	R3	5.197	13.195	5.799	12.213
21.560	R3	4.832	12.092	5.401	11.965
21.600	R3	4.537	11.380	5.294	11.817
21.640	R3	4.188	11.329	5.104	11.767
21.680	R3	4.267	11.590	4.987	11.847
21.720	R3	5.441	13.297	4.871	11.965
21.760	R3	5.080	12.541	4.823	11.864
21.800	R3	5.195	12.538	4.900	12.042
21.840	R3	5.377	12.359	5.013	12.230
21.880	R3	4.831	12.294	5.120	12.410
21.920	R3	4.542	12.615	5.228	12.591
21.960	R3	5.082	10.061	5.105	12.504
22.000	R3	4.375	12.866	5.034	12.273
22.040	R3	4.620	12.287	5.002	12.114
22.080	R3	4.436	12.762	4.998	12.119
22.120	R3	4.171	10.040	4.998	11.998
22.160	R3	6.325	12.443	4.948	11.718
22.200	R3	7.727	15.249	4.923	11.538
22.240	R3	7.228	15.773	4.874	11.310
22.280	R3	7.101	15.101	4.824	11.130
22.320	R3	2.754	11.471	4.718	10.954
22.360	R3	3.406	7.472	4.727	10.737
22.400	R3	3.904	8.187	4.715	10.549
22.440	R3	4.090	11.443	4.731	10.282
22.480	R3	4.277	9.150	4.754	9.965
22.520	R3	4.443	7.701	4.785	9.582
22.560	R3	4.573	8.948	4.729	9.233
22.600	R3	4.216	7.970	4.573	8.771
22.640	R3	4.374	8.769	4.322	8.144
22.680	R3	2.712	8.779	4.108	7.502
22.720	R3	4.730	8.271	3.854	6.848
22.760	R3	4.831	6.294	3.874	6.432
22.800	R3	4.699	7.539	3.832	6.188
22.840	R3	5.085	5.944	3.755	5.897
22.880	R3	5.057	5.104	3.681	5.455
22.920	R3	3.054	3.054	3.595	5.125
22.960	R3	3.208	3.208	3.505	4.872
23.000	R3	2.702	2.702	3.382	4.530
23.040	R3	2.938	2.938	3.275	4.236
23.080	R3	2.025	2.025	3.180	3.921
23.120	R3	3.153	3.153	3.166	3.604
23.160	R3	2.576	2.576	3.057	3.317
23.200	R3	2.364	2.364	2.923	3.110
23.240	R3	2.609	2.609	2.815	2.861
23.280	R3	2.551	2.551	2.674	2.677
23.320	R3	2.651	2.651	2.527	2.527
23.360	R3	2.101	2.101	2.492	2.492
23.400	R3	2.081	2.081	2.465	2.465
23.440	R3	2.471	2.471	2.444	2.444
23.480	R3	2.442	2.442	2.427	2.427
23.520	R3	2.543	2.543	2.467	2.467
23.560	R3	2.145	2.145	2.409	2.409
23.600	R3	2.552	2.552	2.429	2.429
23.640	R3	2.264	2.264	2.435	2.435
23.680	R3	2.113	2.113	2.416	2.416
23.720	R3	2.359	2.359	2.421	2.421
23.760	R3	2.656	2.656	2.421	2.421
23.800	R3	2.286	2.286	2.423	2.423
23.840	R3	2.594	2.594	2.461	2.461
23.880	R3	2.838	2.838	2.471	2.471
23.920	R3	1.977	1.977	2.464	2.464
23.960	R3	2.982	2.982	2.483	2.483
24.000	R3	2.478	2.478	2.522	2.522
24.040	R3	2.228	2.228	2.531	2.531
24.080	R3	2.661	2.661	2.560	2.560
24.120	R3	2.654	2.654	2.556	2.556
24.160	R3	2.130	2.130	2.569	2.569
24.200	R3	2.854	2.854	2.537	2.537
24.240	R3	2.656	2.656	2.526	2.526
24.280	R3	2.301	2.301	2.529	2.529
24.320	R3	2.932	2.932	2.512	2.512
24.360	R3	2.920	2.920	2.539	2.539
24.400	R3	2.745	2.745	2.521	2.521
24.440	R3	2.832	2.832	2.532	2.532
24.480	R3	2.037	2.037	2.548	2.548
24.520	R3	2.612	2.612	2.545	2.545
24.560	R3	2.014	2.014	2.547	2.547
24.600	R3	2.075	2.075	2.568	2.568
24.640	R3	2.659	2.659	2.560	2.560
24.680	R3	2.487	2.487	2.532	2.532
24.720	R3	2.517	2.517	2.541	2.541
24.760	R3	2.630	2.630	2.518	2.518
24.800	R3	2.692	2.692	2.511	2.511
24.840	R3	2.560	2.560	2.508	2.508
24.880	R3	2.584	2.584	2.495	2.495
24.920	R3	2.697	2.697	2.557	2.557
24.960	R3	2.555	2.555	2.554	2.554
25.000	R3	2.688	2.688	2.558	2.558
25.040	R3	2.111	2.111	2.609	2.625
25.080	R3	2.479	2.479	2.589	2.604
25.120	R3	2.467	2.467	2.574	2.589
25.160	R3	2.786	2.786	2.581	2.596
25.200	R3	2.671	2.671	2.578	2.593
25.240	R3	2.585	2.585	2.571	2.586
25.280	R3	3.280	3.280	2.563	2.578
25.320	R3	2.536	2.536	2.546	2.561
25.360	R3	2.097	2.097	2.551	2.566
25.400	R3	3.106	3.412	2.523	2.538
25.440	R3	2.245	2.245	2.497	2.513
25.480	R3	2.191	2.191	2.525	2.541
25.520	R3	2.659	2.659	2.501	2.516
25.560	R3	2.562	2.562	2.491	2.507
25.600	R3	2.551	2.551	2.448	2.464
25.640	R3	2.411	2.411	2.426	2.441
25.680	R3	2.243	2.243	2.402	2.417
25.720	R3	2.785	2.785	2.383	2.398
25.760	R3	1.996	1.996	2.378	2.393
25.800	R3	2.183	2.183	2.401	2.416
25.840	R3	2.676	2.676	2.351	2.351
25.880	R3	1.980	1.980	2.331	2.331
25.920	R3	2.286	2.286	2.356	2.356
25.960	R3	1.924	1.924	2.334	2.334
26.000	R3	2.215	2.215	2.348	2.348
26.040	R3	2.116	2.116	2.334	2.334
26.080	R3	2.891	2.891	2.355	2.355
26.120	R3	2.438	2.438	2.378	2.378
26.160	R3	2.555	2.555	2.390	2.390
26.200	R3	2.106	2.106	2.444	2.444
26.240	R3	1.846	1.846	2.480	2.480
26.280	R3	2.696	2.696	2.474	2.474
26.320	R3	2.230	2.230	2.509	2.509
26.360	R3	2.831	2.831	2.531	2.531
26.400	R3	2.283	2.283	2.556	2.556
26.440	R3	2.816	2.816	2.590	2.590
26.480	R3	2.708	2.708	2.616	2.616
26.520	R3	3.020	3.020	2.599	2.599
26.560	R3	3.075	3.075	2.590	2.590
26.600	R3	2.911	2.911	2.571	2.571
26.640	R3	2.554	2.554	2.596	2.596
26.680	R3	2.683	2.683	2.633	2.633
26.720	R3	2.729	2.729	2.637	2.637
26.760	R3	2.424	2.424	2.653	2.653
26.800	R3	2.881	2.881	2.649	2.649
26.840	R3	2.649	2.649	2.635	2.635
26.880	R3	2.545	2.545	2.643	2.643
26.920	R3	2.257	2.257	2.620	2.620
26.960	R3	2.180	2.180	2.599	2.599
27.000	R3	2.597	2.597	2.596	2.596
27.040	R3	2.591	2.591	2.587	2.587
27.080	R3	2.780	2.780	2.579	2.579
27.120	R3	2.539	2.539	2.583	2.583
27.160	R3	2.753	2.753	2.578	2.578
27.200	R3	2.020	2.020	2.567	2.567
27.240	R3	2.969	2.969	2.564	2.564
27.280	R3	2.241	2.241	2.558	2.558
27.320	R3	2.612	2.612	2.555	2.555
27.360	R3	3.001	3.001	2.566	2.566
27.400	R3	2.728	2.728	2.585	2.585
27.440	R3	2.411	2.411	2.583	2.583
27.480	R3	2.763	2.763	2.597	2.597
27.520	R3	2.621	2.621	2.565	2.565
27.560	R3	2.204	2.204	2.579	2.579
27.600	R3	2.819	2.819	2.569	2.569
27.640	R3	2.540	2.540	2.588	2.588
27.680	R3	2.482	2.482	2.569	2.569
27.720	R3	2.480	2.480	2.564	2.564
27.760	R3	2.544	2.544	2.536	2.536
27.800	R3	2.566	2.566	2.493	2.493
27.840	R3	2.858	2.858	2.488	2.488
27.880	R3	2.147	2.147	2.500	2.500
27.920	R3	2.811	2.811	2.490	2.490
27.960	R3	2.568	2.568	2.489	2.489
28.000	R3	2.388	2.388	2.475	2.475
28.040	R3	2.598	2.598	2.432	2.432
28.080	R3	2.143	2.143	2.434	2.434
28.120	R3	2.051	2.051	2.421	2.421
28.160	R3	2.140	2.140	2.462	2.462
28.200	R3	2.629	2.629	2.521	2.521
28.240	R3	2.644	2.644	2.498	2.498
28.280	R3	2.573	2.573	2.461	2.461
28.320	R3	2.591	2.591	2.474	2.474
28.360	R3	1.922	1.922	2.451	2.451
28.400	R3	1.968	1.968	2.451	2.451
28.440	R3	2.573	2.573	2.463	2.463
28.480	R3	2.224	2.224	2.469	2.469
28.520	R3	3.308	3.308	2.468	2.468
28.560	R3	3.719	3.719	2.508	2.508
28.600	R3	2.104	2.104	2.551	2.551
28.640	R3	2.118	2.118	2.541	2.541
28.680	R3	2.420	2.420	2.569	2.569
28.720	R3	2.349	2.349	2.596	2.596
28.760	R3	2.552	2.552	2.586	2.586
28.800	R3	2.645	2.645	2.619	2.619
28.840	R3	2.715	2.715	2.652	2.652
28.880	R3	2.111	2.111	2.644	2.644
28.920	R3	2.859	2.859	2.660	2.660
28.960	R3	3.001	3.001	2.627	2.627
29.000	R3	2.422	2.422	2.578	2.578
29.040	R3	3.217	3.217	2.600	2.600
29.080	R3	3.100	3.100	2.631	2.631
29.120	R3	2.400	2.400	2.631	2.631
29.160	R3	2.573	2.573	2.654	2.654
29.200	R3	2.629	2.629	2.720	2.720
29.240	R3	2.414	2.414	2.709	2.709
29.280	R3	2.554	2.554	2.719	2.719
29.320	R3	2.645	2.645	2.756	2.756
29.360	R3	2.731	2.731	2.726	2.726
29.400	R3	2.546	2.546	2.704	2.704
29.440	R3	2.735	2.735	2.695	2.695
29.480	R3	2.425	2.425	2.648	2.648
29.520	R3	2.815	2.815	2.602	2.602
29.560	R3	3.873	3.873	2.592	2.592
29.600	R3	2.426	2.426	2.578	2.578
29.640	R3	2.908	2.908	2.581	2.581
29.680	R3	2.846	2.846	2.596	2.596
29.720	R3	2.262	2.262	2.571	2.571
29.760	R3	2.561	2.561	2.554	2.554
29.800	R3	2.244	2.244	2.552	2.552
29.840	R3	2.278	2.278	2.552	2.552
29.880	R3	2.182	2.182	2.532	2.532
29.920	R3	2.195	2.195	2.537	2.537
29.960	R3	2.298	2.298	2.539	2.539
30.000	R3	2.688	2.688	2.478	2.478
30.040	R3	2.703	2.703	2.457	2.457
30.080	R3	2.050	2.050	2.475	2.475
30.120	R3	2.320	2.320	2.454	2.454
30.160	R3	2.678	2.678	2.472	2.472
30.200	R3	2.552	2.552	2.482	2.482
30.240	R3	2.334	2.334	2.498	2.498
30.280	R3	2.525	2.525	2.507	2.507
30.320	R3	2.863	2.863	2.501	2.501
30.360	R3	2.652	2.652	2.524	2.524
30.400	R3	1.993	1.993	2.536	2.536
30.440	R3	3.277	3.277	2.559	2.559
30.480	R3	2.417	2.417	2.562	2.562
30.520	R3	2.641	2.641	2.588	2.588
30.560	R3	2.746	2.746	2.579	2.579
30.600	R3	2.574	2.574	2.580	2.580
30.640	R3	2.458	2.458	2.559	2.559
30.680	R3	2.059	2.059	2.566	2.566
30.720	R3	2.654	2.654	2.575	2.575
30.760	R3	2.540	2.540	2.558	2.558
30.800	R3	3.138	3.138	2.561	2.561
30.840	R3	2.766	2.766	2.595	2.595
30.880	R3	2.578	2.578	2.534	2.534
30.920	R3	2.135	2.135	2.551	2.551
30.960	R3	2.693	2.693	2.549	2.549
31.000	R3	2.141	2.141	2.535	2.535
31.040	R3	2.478	2.478	2.554	2.554
31.080	R3	2.693	2.693	2.568	2.568
31.120	R3	2.537	2.537	2.594	2.594
31.160	R3	2.703	2.703	2.597	2.597
31.200	R3	2.666	2.666	2.567	2.567
31.240	R3	2.067	2.067	2.538	2.538
31.280	R3	2.751	2.751	2.526	2.526
31.320	R3	2.599	2.599	2.496	2.496
31.360	R3	2.468	2.468	2.508	2.508
31.400	R3	2.956	2.956	2.514	2.514
31.440	R3	2.743	2.743	2.576	2.576
31.480	R3	2.582	2.582	2.559	2.559
31.520	R3	2.700	2.700	2.533	2.533
31.560	R3	1.945	1.945	2.540	2.540
31.600	R3	2.557	2.557	2.540	2.540
31.640	R3	2.523	2.523	2.577	2.577
31.680	R3	1.976	1.976	2.582	2.582
31.720	R3	2.382	2.382	2.539	2.539
31.760	R3	2.806	2.806	2.549	2.549
31.800	R3	3.380	3.380	2.534	2.534
31.840	R3	2.145	2.145	2.499	2.499
31.880	R3	2.164	2.164	2.520	2.520
31.920	R3	2.679	2.679	2.526	2.526
31.960	R3	2.702	2.702	2.512	2.512
32.000	R3	3.416	3.416	2.556	2.556
32.040	R3	2.164	2.164	2.532	2.532
32.080	R3	1.896	1.896	2.538	2.538
32.120	R3	2.800	2.800	2.573	2.573
32.160	R3	2.164	2.164	2.590	2.590
32.200	R3	2.262	2.262	2.547	2.547
32.240	R3	3.150	3.150	2.504	2.504
32.280	R3	2.718	2.718	2.525	2.525
32.320	R3	2.413	2.413	2.548	2.548
32.360	R3	2.823	2.823	2.547	2.547
32.400	R3	2.082	2.082	2.571	2.571
32.440	R3	2.637	2.637	2.513	2.513
32.480	R3	2.682	2.682	2.531	2.531
32.520	R3	2.724	2.724	2.592	2.592
32.560	R3	1.931	1.931	2.564	2.564
32.600	R3	2.524	2.524	2.599	2.599
32.640	R3	2.564	2.564	2.624	2.624
32.680	R3	2.623	2.623	2.592	2.592
32.720	R3	2.663	2.663	2.592	2.592
32.760	R3	3.178	3.178	2.580	2.580
32.800	R3	2.267	2.267	2.571	2.571
32.840	R3	2.528	2.528	2.599	2.599
32.880	R3	3.107	3.107	2.611	2.611
32.920	R3	2.246	2.246	2.611	2.611
32.960	R3	2.863	2.863	2.603	2.603
33.000	R3	2.757	2.757	2.640	2.640
33.040	R3	2.517	2.517	2.616	2.616
33.080	R3	2.704	2.704	2.581	2.581
33.120	R3	2.188	2.188	2.583	2.583
33.160	R3	2.633	2.633	2.559	2.559
33.200	R3	2.640	2.640	2.529	2.529
33.240	R3	2.889	2.889	2.549	2.549
33.280	R3	2.669	2.669	2.578	2.578
33.320	R3	2.580	2.580	2.581	2.581
33.360	R3	2.659	2.659	2.567	2.567
33.400	R3	2.045	2.045	2.543	2.543
33.440	R3	1.875	1.875	2.527	2.527
33.480	R3	2.662	2.662	2.536	2.536
33.520	R3	2.169	2.169	2.507	2.507
33.560	R3	2.575	2.575	2.499	2.499
33.600	R3	2.672	2.672	2.494	2.494
33.640	R3	3.106	3.106	2.472	2.472
33.680	R3	3.181	3.181	2.453	2.453
33.720	R3	1.949	1.949	2.429	2.429
33.760	R3	2.384	2.384	2.427	2.427
33.800	R3	2.450	2.450	2.427	2.427
33.840	R3	2.693	2.693	2.448	2.448
33.880	R3	2.133	2.133	2.482	2.482
33.920	R3	2.024	2.024	2.468	2.468
33.960	R3	2.529	2.529	2.497	2.497
34.000	R3	2.193	2.193	2.503	2.503
34.040	R3	2.508	2.508	2.543	2.543
34.080	R3	2.204	2.204	2.541	2.541
34.120	R3	2.534	2.534	2.537	2.537
34.160	R3	2.647	2.647	2.606	2.606
34.200	R3	2.466	2.466	2.634	2.634
34.240	R3	2.565	2.565	2.644	2.644
34.280	R3	2.373	2.373	2.672	2.672
34.320	R3	2.756	2.756	2.697	2.697
34.360	R3	2.701	2.701	2.734	2.734
34.400	R3	3.467	3.467	2.765	2.765
34.440	R3	3.071	3.071	2.806	2.806
34.480	R3	3.095	3.095	2.826	2.826
34.520	R3	3.337	3.337	2.876	2.876
34.560	R3	2.928	2.928	2.881	2.881
34.600	R3	2.655	2.655	2.847	2.847
34.640	R3	3.246	3.246	2.850	2.850
34.680	R3	2.636	2.636	2.884	2.884
34.720	R3	2.769	2.769	2.895	2.895
34.760	R3	3.150	3.150	2.888	2.888
34.800	R3	3.008	3.008	2.884	2.884
34.840	R3	2.909	2.909	2.837	2.837
34.880	R3	3.206	3.206	2.813	2.813
34.920	R3	2.629	2.629	2.792	2.792
34.960	R3	1.969	1.969	2.762	2.762
35.000	R3	2.524	2.524	2.719	2.719
35.040	R3	3.245	3.245	2.731	2.731
35.080	R3	2.609	2.609	2.702	2.702
35.120	R3	2.605	2.605	2.696	2.696
35.160	R3	2.622	2.622	2.687	2.687
35.200	R3	2.537	2.537	2.658	2.658
35.240	R3	2.583	2.583	2.603	2.603
35.280	R3	2.673	2.673	2.571	2.571
35.320	R3	2.739	2.739	2.550	2.550
35.360	R3	2.076	2.076	2.523	2.523
35.400	R3	2.887	2.887	2.538	2.538
35.440	R3	2.671	2.671	2.569	2.569
35.480	R3	2.517	2.517	2.507	2.507
35.520	R3	2.587	2.587	2.521	2.521
35.560	R3	2.572	2.572	2.512	2.527
35.600	R3	1.896	1.896	2.504	2.525
35.640	R3	2.265	2.265	2.498	2.527
35.680	R3	2.792	2.792	2.503	2.537
35.720	R3	2.090	2.090	2.483	2.517
35.760	R3	2.280	2.280	2.474	2.518
35.800	R3	3.136	3.136	2.478	2.521
35.840	R3	1.998	1.998	2.451	2.495
35.880	R3	2.894	2.894	2.437	2.492
35.920	R3	2.423	2.729	2.432	2.496
35.960	R3	2.463	2.582	2.431	2.495
36.000	R3	2.424	2.580	2.424	2.489
36.040	R3	2.670	2.772	2.461	2.529
36.080	R3	2.273	2.273	2.459	2.528
36.120	R3	2.573	2.754	2.439	2.532
36.160	R3	2.146	2.146	2.446	2.539
36.200	R3	2.359	2.359	2.446	2.556
36.240	R3	2.383	2.619	2.393	2.504
36.280	R3	2.407	2.587	2.395	2.505
36.320	R3	2.583	2.583	2.367	2.482
36.360	R3	2.431	2.442	2.364	2.477
36.400	R3	2.621	2.703	2.354	2.461
36.440	R3	2.239	2.239	2.360	2.470
36.480	R3	2.379	2.868	2.340	2.444
36.520	R3	2.243	2.243	2.337	2.442
36.560	R3	2.267	2.619	2.310	2.406
36.600	R3	2.092	2.092	2.318	2.414
36.640	R3	2.023	2.023	2.326	2.421
36.680	R3	2.342	2.428	2.315	2.399
36.720	R3	2.355	2.621	2.305	2.380
36.760	R3	2.266	2.266	2.309	2.383
36.800	R3	2.550	2.758	2.305	2.379
36.840	R3	2.265	2.265	2.283	2.353
36.880	R3	2.217	2.217	2.302	2.372
36.920	R3	2.042	2.042	2.297	2.343
36.960	R3	2.305	2.305	2.311	2.357
37.000	R3	2.503	2.503	2.306	2.335
37.040	R3	2.177	2.177	2.301	2.330
37.080	R3	2.203	2.203	2.330	2.360
37.120	R3	2.653	2.653	2.318	2.344
37.160	R3	2.355	2.355	2.329	2.352
37.200	R3	2.187	2.187	2.343	2.370
37.240	R3	2.625	2.625	2.347	2.367
37.280	R3	2.271	2.271	2.351	2.385
37.320	R3	2.520	2.535	2.351	2.385
37.360	R3	2.166	2.166	2.370	2.404
37.400	R3	2.003	2.003	2.374	2.425
37.440	R3	2.590	2.622	2.376	2.431
37.480	R3	2.113	2.113	2.398	2.453
37.520	R3	2.575	2.778	2.403	2.458
37.560	R3	2.538	2.629	2.375	2.429
37.600	R3	2.637	2.697	2.366	2.421
37.640	R3	2.343	2.614	2.372	2.443
37.680	R3	2.216	2.216	2.367	2.443
37.720	R3	2.421	2.421	2.363	2.439
37.760	R3	2.385	2.723	2.366	2.443
37.800	R3	2.543	2.630	2.382	2.459
37.840	R3	2.612	2.612	2.412	2.489
37.880	R3	2.305	2.305	2.408	2.485
37.920	R3	2.089	2.089	2.404	2.481
37.960	R3	2.178	2.178	2.396	2.464
38.000	R3	2.313	2.624	2.402	2.465
38.040	R3	2.522	2.627	2.386	2.456
38.080	R3	2.199	2.199	2.398	2.454
38.120	R3	2.579	2.615	2.394	2.450
38.160	R3	2.477	2.477	2.377	2.433
38.200	R3	2.608	2.608	2.385	2.425
38.240	R3	2.515	2.555	2.380	2.436
38.280	R3	2.026	2.026	2.371	2.430
38.320	R3	2.418	2.428	2.372	2.431
38.360	R3	2.652	2.665	2.372	2.430
38.400	R3	2.319	2.500	2.378	2.437
38.440	R3	2.579	2.579	2.383	2.434
38.480	R3	2.136	2.136	2.369	2.415
38.520	R3	2.083	2.083	2.362	2.408
38.560	R3	2.558	2.558	2.365	2.409
38.600	R3	2.441	2.849	2.363	2.415
38.640	R3	2.426	2.497	2.362	2.414
38.680	R3	2.323	2.323	2.362	2.412
38.720	R3	2.080	2.080	2.364	2.414
38.760	R3	2.309	2.309	2.369	2.424
38.800	R3	2.410	2.573	2.347	2.401
38.840	R3	2.239	2.239	2.358	2.404
38.880	R3	2.066	2.066	2.350	2.396
38.920	R3	2.627	2.632	2.371	2.431
38.960	R3	2.456	2.597	2.389	2.459
39.000	R3	2.577	2.577	2.362	2.448
39.040	R3	2.518	2.518	2.345	2.410
39.080	R3	2.063	2.063	2.351	2.414
39.120	R3	2.514	2.634	2.353	2.416
39.160	R3	2.213	2.213	2.378	2.441
39.200	R3	2.547	2.547	2.387	2.457
39.240	R3	2.423	2.423	2.373	2.434
39.280	R3	2.542	2.845	2.368	2.429
39.320	R3	2.459	2.630	2.385	2.475
39.360	R3	2.008	2.350	2.349	2.440
39.400	R3	2.092	2.092	2.367	2.450
39.440	R3	2.559	2.577	2.360	2.455
39.480	R3	2.355	2.355	2.356	2.451
39.520	R3	2.580	2.580	2.357	2.453
39.560	R3	2.491	2.620	2.360	2.449
39.600	R3	2.129	2.129	2.367	2.456
39.640	R3	2.133	2.133	2.363	2.452
39.680	R3	2.416	2.993	2.373	2.462
39.720	R3	1.916	1.916	2.373	2.447
39.760	R3	2.804	2.804	2.386	2.451
39.800	R3	2.437	2.679	2.397	2.445
39.840	R3	2.442	2.442	2.418	2.467
39.880	R3	2.091	2.091	2.416	2.493
39.920	R3	2.557	2.557	2.406	2.483
39.960	R3	2.364	2.364	2.403	2.492
40.000	R3	2.470	2.470	2.411	2.501
40.040	R3	2.622	2.622	2.430	2.524
40.080	R3	2.530	2.530	2.452	2.546
40.120	R3	2.722	2.722	2.444	2.509
40.160	R3	2.222	2.222	2.480	2.545
40.200	R3	2.527	2.527	2.456	2.522
40.240	R3	2.514	3.106	2.460	2.513
40.280	R3	2.153	2.153	2.460	2.514
40.320	R3	2.512	2.767	2.493	2.546
40.360	R3	2.658	2.796	2.493	2.547
40.400	R3	2.504	2.590	2.498	2.581
40.440	R3	2.572	2.572	2.476	2.559
40.480	R3	2.258	2.258	2.470	2.640
40.520	R3	2.633	2.633	2.458	2.627
40.560	R3	2.331	2.331	2.426	2.618
40.600	R3	2.517	2.517	2.430	2.622
40.640	R3	2.445	2.445	2.433	2.642
40.680	R3	2.741	2.741	2.443	2.626
40.720	R3	2.570	2.570	2.454	2.638
40.760	R3	2.458	3.049	2.449	2.619
40.800	R3	2.027	2.027	2.440	2.607
40.840	R3	2.509	4.236	2.439	2.610
40.880	R3	2.288	2.288	2.430	2.600
40.920	R3	2.078	2.532	2.436	2.619
40.960	R3	2.302	2.302	2.411	2.594
41.000	R3	2.587	2.930	2.400	2.583
41.040	R3	2.714	2.792	2.381	2.564
41.080	R3	2.384	2.384	2.369	2.552
41.120	R3	2.397	2.397	2.359	2.542
41.160	R3	2.481	2.547	2.342	2.526
41.200	R3	2.493	2.643	2.343	2.536
41.240	R3	2.387	2.387	2.373	2.645
41.280	R3	2.371	2.628	2.374	2.672
41.320	R3	2.139	2.139	2.388	2.778
41.360	R3	2.112	2.112	2.413	2.835
41.400	R3	2.139	2.139	2.423	2.937
41.440	R3	2.196	2.196	2.417	2.974
41.480	R3	2.547	2.547	2.409	2.962
41.520	R3	2.236	2.236	2.396	2.949
41.560	R3	2.473	3.258	2.409	2.964
41.600	R3	2.632	4.215	2.404	2.973
41.640	R3	2.525	4.771	2.376	2.938
41.680	R3	2.570	4.411	2.363	2.925
41.720	R3	2.569	3.673	2.351	2.900
41.760	R3	2.508	4.341	2.364	2.914
41.800	R3	2.465	3.662	2.362	2.911
41.840	R3	2.559	2.559	2.371	2.920
41.880	R3	2.117	2.117	2.362	2.911
41.920	R3	2.652	2.690	2.338	2.887
41.960	R3	2.386	2.740	2.336	2.885
42.000	R3	1.943	1.943	2.329	2.839
42.040	R3	2.130	2.130	2.320	2.751
42.080	R3	2.115	2.115	2.304	2.622
42.120	R3	2.415	2.415	2.289	2.515
42.160	R3	2.066	2.066	2.288	2.544
42.200	R3	2.307	2.307	2.286	2.488
42.240	R3	2.021	2.021	2.285	2.439
42.280	R3	2.073	2.073	2.287	2.469
42.320	R3	2.190	2.190	2.304	2.570
42.360	R3	2.342	2.342	2.293	2.587
42.400	R3	2.450	2.450	2.299	2.612
42.440	R3	2.193	2.193	2.320	2.658
42.480	R3	2.275	2.275	2.334	2.679
42.520	R3	2.555	4.246	2.350	2.704
42.560	R3	2.462	3.230	2.347	2.717
42.600	R3	2.453	2.675	2.363	2.759
42.640	R3	2.593	3.156	2.376	2.784
42.680	R3	2.462	4.139	2.395	2.818
42.720	R3	2.424	3.040	2.414	2.857
42.760	R3	2.519	3.233	2.425	2.915
42.800	R3	2.356	2.867	2.432	2.946
42.840	R3	2.412	2.545	2.434	2.979
42.880	R3	2.426	2.615	2.445	2.993
42.920	R3	2.356	2.681	2.449	3.026
42.960	R3	2.381	2.891	2.443	2.946
43.000	R3	2.571	2.822	2.441	2.921
43.040	R3	2.415	2.694	2.442	2.914
43.080	R3	2.440	2.862	2.440	2.884
43.120	R3	2.410	3.334	2.436	2.796
43.160	R3	2.482	2.966	2.412	2.741
43.200	R3	2.490	3.125	2.398	2.691
43.240	R3	2.419	2.461	2.400	2.699
43.280	R3	2.345	2.947	2.409	2.708
43.320	R3	2.451	2.638	2.405	2.694
43.360	R3	2.414	2.723	2.414	2.703
43.400	R3	2.481	2.547	2.407	2.670
43.440	R3	2.545	2.545	2.400	2.659
43.480	R3	2.388	2.388	2.409	2.660
43.520	R3	1.943	1.943	2.413	2.651
43.560	R3	2.234	2.234	2.409	2.620
43.600	R3	2.402	3.011	2.411	2.608
43.640	R3	2.591	2.733	2.414	2.597
43.680	R3	2.334	2.334	2.420	2.636
43.720	R3	2.545	2.859	2.429	2.618
43.760	R3	2.233	2.233	2.420	2.618
43.800	R3	2.438	2.595	2.419	2.619
43.840	R3	2.586	2.731	2.423	2.634
43.880	R3	2.534	2.673	2.416	2.634
43.920	R3	2.318	2.717	2.421	2.647
43.960	R3	2.523	2.728	2.441	2.685
44.000	R3	2.565	2.901	2.447	2.697
44.040	R3	2.528	3.233	2.449	2.682
44.080	R3	2.524	2.589	2.443	2.680
44.120	R3	2.279	2.644	2.428	2.666
44.160	R3	2.385	2.743	2.422	2.657
44.200	R3	2.561	2.841	2.415	2.650
44.240	R3	2.409	2.555	2.410	2.663
44.280	R3	2.477	2.637	2.395	2.648
44.320	R3	2.352	2.699	2.391	2.637
44.360	R3	2.353	2.477	2.394	2.627
44.400	R3	2.444	2.714	2.364	2.586
44.440	R3	2.465	2.707	2.357	2.570
44.480	R3	2.046	2.046	2.356	2.551
44.520	R3	2.422	2.670	2.355	2.563
44.560	R3	2.099	2.099	2.336	2.525
44.600	R3	2.326	2.860	2.331	2.515
44.640	R3	2.296	2.432	2.311	2.482
44.680	R3	2.443	2.443	2.296	2.459
44.720	R3	2.387	2.513	2.293	2.459
44.760	R3	1.911	1.911	2.276	2.425
44.800	R3	2.423	2.576	2.281	2.436
44.840	R3	2.520	2.869	2.282	2.455
44.880	R3	2.508	2.825	2.280	2.465
44.920	R3	1.883	1.883	2.300	2.513
44.960	R3	2.283	2.538	2.295	2.517
45.000	R3	2.177	2.177	2.310	2.640
45.040	R3	2.098	2.098	2.313	2.627
45.080	R3	2.413	2.650	2.320	2.646
45.120	R3	2.014	2.014	2.317	2.672
45.160	R3	2.462	2.699	2.324	2.676
45.200	R3	2.455	3.093	2.350	2.710
45.240	R3	2.439	2.903	2.351	2.730
45.280	R3	2.437	2.999	2.347	2.709
45.320	R3	2.319	2.753	2.344	2.716
45.360	R3	2.396	4.557	2.367	2.771
45.400	R3	2.402	2.614	2.378	2.769
45.440	R3	2.420	2.801	2.380	2.771
45.480	R3	2.400	2.973	2.406	2.803
45.520	R3	2.508	2.585	2.387	2.773
45.560	R3	2.443	2.596	2.386	2.771
45.600	R3	2.432	2.971	2.384	2.757
45.640	R3	2.448	2.448	2.386	2.733
45.680	R3	2.459	2.974	2.386	2.715
45.720	R3	2.340	2.980	2.380	2.680
45.760	R3	2.501	2.501	2.387	2.681
45.800	R3	2.219	2.219	2.387	2.581
45.840	R3	2.604	2.722	2.388	2.574
45.880	R3	2.048	2.048	2.393	2.562
45.920	R3	1.980	1.980	2.386	2.547
45.960	R3	2.432	2.432	2.381	2.538
46.000	R3	2.495	2.600	2.379	2.543
46.040	R3	2.441	2.540	2.386	2.526
46.080	R3	2.314	2.314	2.386	2.548
46.120	R3	2.448	2.759	2.388	2.524
46.160	R3	2.408	2.560	2.376	2.480
46.200	R3	2.413	2.475	2.361	2.466
46.240	R3	2.532	2.569	2.373	2.478
46.280	R3	2.263	2.674	2.364	2.467
46.320	R3	2.399	2.399	2.383	2.486
46.360	R3	2.405	2.700	2.403	2.511
46.400	R3	2.578	2.617	2.381	2.489
46.440	R3	2.431	2.894	2.376	2.479
46.480	R3	2.506	2.506	2.383	2.481
46.520	R3	2.101	2.101	2.392	2.501
46.560	R3	2.205	2.205	2.392	2.485
46.600	R3	2.466	2.469	2.396	2.499
46.640	R3	2.412	2.505	2.401	2.501
46.680	R3	2.424	2.424	2.377	2.475
46.720	R3	2.392	2.482	2.361	2.439
46.760	R3	1.995	1.995	2.367	2.519
46.800	R3	2.385	2.385	2.377	2.515
46.840	R3	2.578	2.578	2.362	2.498
46.880	R3	2.497	2.715	2.371	2.483
46.920	R3	2.453	2.453	2.358	2.471
46.960	R3	2.480	2.832	2.370	2.495
47.000	R3	2.510	2.510	2.383	2.514
47.040	R3	2.066	2.066	2.385	2.528
47.080	R3	1.947	1.947	2.390	2.529
47.120	R3	2.511	4.002	2.397	2.537
47.160	R3	2.614	2.614	2.386	2.522
47.200	R3	2.270	2.270	2.402	2.561
47.240	R3	2.605	2.605	2.389	2.549
47.280	R3	2.255	2.255	2.379	2.549
47.320	R3	2.339	2.579	2.375	2.545
47.360	R3	2.471	2.594	2.358	2.528
47.400	R3	2.496	2.738	2.358	2.525
47.440	R3	2.507	2.543	2.350	2.526
47.480	R3	2.570	2.570	2.362	2.538
47.520	R3	2.180	2.180	2.389	2.583
47.560	R3	2.300	2.787	2.387	2.516
47.600	R3	2.135	2.135	2.355	2.484
47.640	R3	2.377	2.573	2.360	2.509
47.680	R3	2.418	2.650	2.336	2.485
47.720	R3	2.115	2.115	2.342	2.491
47.760	R3	2.477	2.761	2.328	2.465
47.800	R3	2.343	2.532	2.335	2.466
47.840	R3	2.317	2.317	2.332	2.453
47.880	R3	2.477	2.837	2.328	2.447
47.920	R3	2.468	2.662	2.318	2.441
47.960	R3	1.981	1.981	2.327	2.469
48.000	R3	2.371	2.772	2.327	2.445
48.040	R3	2.127	2.127	2.332	2.450
48.080	R3	2.374	2.374	2.336	2.459
48.120	R3	2.058	2.058	2.341	2.454
48.160	R3	2.613	2.616	2.354	2.487
48.200	R3	2.433	2.468	2.354	2.495
48.240	R3	2.421	2.421	2.361	2.498
48.280	R3	2.377	2.450	2.360	2.514
48.320	R3	2.355	2.752	2.354	2.490
48.360	R3	2.306	2.306	2.343	2.497
48.400	R3	2.235	2.235	2.366	2.532
48.440	R3	2.461	2.752	2.369	2.529
48.480	R3	2.505	2.545	2.386	2.551
48.520	R3	2.373	2.779	2.384	2.566
48.560	R3	2.478	2.921	2.401	2.600
48.600	R3	2.487	2.590	2.381	2.580
48.640	R3	2.300	2.643	2.384	2.586
48.680	R3	2.353	2.353	2.377	2.593
48.720	R3	2.244	2.789	2.376	2.589
48.760	R3	2.439	2.698	2.374	2.571
48.800	R3	2.435	2.696	2.387	2.598
48.840	R3	2.463	2.569	2.390	2.610
48.880	R3	2.347	2.674	2.386	2.612
48.920	R3	2.386	2.738	2.387	2.617
48.960	R3	2.221	2.221	2.382	2.592
49.000	R3	2.491	2.585	2.351	2.539
49.040	R3	2.275	2.567	2.328	2.510
49.080	R3	2.363	2.363	2.351	2.517
49.120	R3	2.314	2.390	2.375	2.540
49.160	R3	2.565	2.845	2.389	2.550
49.200	R3	2.302	2.486	2.409	2.557
49.240	R3	2.373	2.781	2.402	2.579
49.280	R3	2.531	2.651	2.402	2.574
49.320	R3	2.271	2.271	2.418	2.574
49.360	R3	1.867	1.867	2.420	2.566
49.400	R3	2.020	2.020	2.438	2.587
49.440	R3	2.768	2.768	2.416	2.560
49.480	R3	2.817	2.817	2.411	2.541
49.520	R3	2.532	3.000	2.408	2.537
49.560	R3	2.837	2.837	2.411	2.553
49.600	R3	2.306	3.142	2.399	2.534
49.640	R3	2.457	2.457	2.405	2.559
49.680	R3	2.672	2.672	2.403	2.537
49.720	R3	2.422	2.583	2.394	2.525
49.760	R3	2.584	2.637	2.390	2.522
49.800	R3	2.044	2.044	2.400	2.531
49.840	R3	2.183	2.183	2.415	2.557
49.880	R3	2.297	2.297	2.376	2.518
49.920	R3	2.369	2.701	2.354	2.509
49.960	R3	2.335	2.466	2.352	2.496
50.000	R3	2.416	2.981	2.333	2.487
50.040	R3	2.340	2.340	2.341	2.461
50.080	R3	2.345	2.427	2.311	2.432
50.120	R3	2.198	2.198	2.295	2.420
50.160	R3	2.050	2.050	2.295	2.426
50.200	R3	2.332	2.540	2.284	2.428
50.240	R3	1.991	1.991	2.298	2.441
50.280	R3	2.372	2.642	2.316	2.465
50.320	R3	2.485	2.722	2.321	2.486
50.360	R3	2.461	2.662	2.314	2.472
50.400	R3	2.460	2.634	2.307	2.491
50.440	R3	1.871	1.871	2.307	2.469
50.480	R3	2.354	2.427	2.312	2.474
50.520	R3	2.412	2.698	2.314	2.487
50.560	R3	2.372	2.679	2.327	2.519
50.600	R3	2.312	2.312	2.342	2.554
50.640	R3	2.539	2.655	2.341	2.558
50.680	R3	2.403	2.720	2.337	2.553
50.720	R3	2.233	2.424	2.335	2.540
50.760	R3	2.200	2.843	2.327	2.546
50.800	R3	2.399	2.544	2.324	2.543
50.840	R3	2.443	2.443	2.324	2.547
50.880	R3	2.389	2.682	2.353	2.580
50.920	R3	2.469	2.835	2.353	2.592
50.960	R3	2.334	2.759	2.330	2.554
51.000	R3	2.329	2.608	2.336	2.560
51.040	R3	1.909	1.909	2.327	2.551
51.080	R3	2.325	2.367	2.316	2.534
51.120	R3	2.326	2.850	2.305	2.507
51.160	R3	2.401	2.597	2.314	2.518
51.200	R3	2.456	2.726	2.306	2.477
51.240	R3	2.449	2.515	2.306	2.478
51.280	R3	2.359	2.671	2.306	2.483
51.320	R3	1.948	1.948	2.290	2.452
51.360	R3	2.499	2.795	2.271	2.415
51.400	R3	2.119	2.119	2.275	2.408
51.440	R3	2.323	2.323	2.279	2.404
51.480	R3	2.185	2.185	2.301	2.442
51.520	R3	2.422	2.643	2.306	2.455
51.560	R3	2.027	2.027	2.312	2.449
51.600	R3	2.417	2.555	2.311	2.442
51.640	R3	2.437	2.547	2.312	2.429
51.680	R3	2.062	2.062	2.308	2.441
51.720	R3	2.087	2.087	2.310	2.432
51.760	R3	2.424	2.627	2.331	2.470
51.800	R3	2.405	2.529	2.325	2.460
51.840	R3	2.342	2.662	2.336	2.488
51.880	R3	2.425	2.633	2.339	2.491
51.920	R3	2.449	2.726	2.351	2.513
51.960	R3	2.394	2.462	2.337	2.487
52.000	R3	2.471	2.471	2.354	2.507
52.040	R3	2.376	2.738	2.330	2.477
52.080	R3	2.386	2.506	2.313	2.455
52.120	R3	2.377	2.698	2.309	2.450
52.160	R3	2.367	2.596	2.299	2.440
52.200	R3	2.339	2.676	2.298	2.433
52.240	R3	2.396	2.396	2.299	2.447
52.280	R3	2.418	2.613	2.290	2.453
52.320	R3	2.138	2.138	2.287	2.443
52.360	R3	2.366	2.425	2.275	2.418
52.400	R3	1.941	1.941	2.256	2.395
52.440	R3	2.108	2.108	2.248	2.417
52.480	R3	1.966	1.966	2.252	2.419
52.520	R3	1.899	1.899	2.255	2.423
52.560	R3	2.397	2.488	2.242	2.394
52.600	R3	2.432	2.803	2.220	2.360
52.640	R3	2.154	2.784	2.220	2.360
52.680	R3	2.358	2.429	2.218	2.379
52.720	R3	2.220	2.220	2.209	2.382
52.760	R3	2.004	2.004	2.207	2.379
52.800	R3	2.327	2.919	2.207	2.376
52.840	R3	2.444	2.780	2.224	2.393
52.880	R3	2.442	2.572	2.234	2.419
52.920	R3	2.128	2.128	2.255	2.455
52.960	R3	1.915	1.915	2.264	2.464
53.000	R3	2.339	2.681	2.248	2.444
53.040	R3	2.361	2.767	2.231	2.408
53.080	R3	2.247	2.665	2.228	2.374
53.120	R3	2.094	2.094	2.233	2.389
53.160	R3	2.358	2.358	2.243	2.408
53.200	R3	2.284	2.284	2.256	2.421
53.240	R3	2.305	2.617	2.261	2.413
53.280	R3	2.387	2.690	2.244	2.379
53.320	R3	2.078	2.078	2.236	2.376
53.360	R3	2.087	2.087	2.249	2.390
53.400	R3	2.080	2.080	2.275	2.443
53.440	R3	2.105	2.105	2.271	2.422
53.480	R3	2.451	2.744	2.254	2.385
53.520	R3	2.432	2.598	2.246	2.356
53.560	R3	2.249	2.249	2.249	2.358
53.600	R3	2.426	2.763	2.225	2.335
53.640	R3	2.107	2.107	2.212	2.322
53.680	R3	2.293	2.505	2.216	2.320
53.720	R3	2.381	2.415	2.221	2.317
53.760	R3	2.444	2.981	2.235	2.334
53.800	R3	2.252	2.252	2.247	2.346
53.840	R3	2.028	2.028	2.260	2.359
53.880	R3	2.082	2.082	2.268	2.367
53.920	R3	2.147	2.147	2.258	2.360
53.960	R3	1.888	1.888	2.257	2.354
54.000	R3	2.015	2.015	2.268	2.368
54.040	R3	2.386	2.594	2.267	2.368
54.080	R3	2.479	2.625	2.263	2.364
54.120	R3	2.366	2.407	2.273	2.367
54.160	R3	2.333	2.333	2.259	2.352
54.200	R3	2.344	2.344	2.255	2.330
54.240	R3	2.257	2.257	2.246	2.321
54.280	R3	2.243	2.600	2.259	2.334
54.320	R3	2.413	2.495	2.270	2.356
54.360	R3	2.471	2.522	2.287	2.374
54.400	R3	2.410	2.754	2.313	2.415
54.440	R3	2.027	2.027	2.336	2.443
54.480	R3	2.488	2.583	2.321	2.418
54.520	R3	2.097	2.097	2.301	2.390
54.560	R3	2.377	2.558	2.302	2.403
54.600	R3	2.065	2.065	2.304	2.412
54.640	R3	2.292	2.292	2.301	2.408
54.680	R3	2.311	2.519	2.308	2.421
54.720	R3	2.475	2.506	2.317	2.431
54.760	R3	2.421	2.716	2.316	2.443
54.800	R3	2.460	2.558	2.316	2.444
54.840	R3	2.096	2.096	2.313	2.431
54.880	R3	2.077	2.077	2.327	2.469
54.920	R3	2.384	2.652	2.323	2.465
54.960	R3	2.382	2.514	2.340	2.483
55.000	R3	2.273	2.273	2.336	2.482
55.040	R3	2.395	2.519	2.342	2.488
55.080	R3	2.422	2.795	2.354	2.510
55.120	R3	2.404	2.744	2.348	2.494
55.160	R3	2.458	2.542	2.335	2.478
55.200	R3	2.357	2.484	2.315	2.444
55.240	R3	2.304	2.790	2.316	2.448
55.280	R3	2.412	2.497	2.331	2.478
55.320	R3	2.442	2.461	2.347	2.538
55.360	R3	2.300	2.543	2.332	2.509
55.400	R3	2.180	2.180	2.331	2.502
55.440	R3	2.529	2.728	2.311	2.482
55.480	R3	2.197	2.197	2.311	2.493
55.520	R3	2.201	2.201	2.313	2.476
55.560	R3	2.029	2.029	2.309	2.455
55.600	R3	2.477	2.637	2.303	2.462
55.640	R3	2.405	2.698	2.308	2.460
55.680	R3	2.387	3.270	2.310	2.449
55.720	R3	2.083	2.083	2.304	2.441
55.760	R3	2.357	2.362	2.304	2.454
55.800	R3	1.883	1.883	2.287	2.424
55.840	R3	2.402	2.737	2.290	2.428
55.880	R3	2.455	2.455	2.281	2.408
55.920	R3	2.328	2.328	2.275	2.403
55.960	R3	2.338	2.668	2.289	2.419
56.000	R3	2.447	2.447	2.307	2.443
56.040	R3	2.348	2.579	2.301	2.447
56.080	R3	2.287	2.341	2.299	2.442
56.120	R3	2.453	2.711	2.282	2.381
56.160	R3	1.948	1.948	2.299	2.409
56.200	R3	2.253	2.253	2.288	2.398
56.240	R3	2.337	2.337	2.317	2.427
56.280	R3	2.086	2.086	2.303	2.396
56.320	R3	2.477	2.524	2.290	2.384
56.360	R3	2.387	2.506	2.287	2.406
56.400	R3	2.367	2.715	2.288	2.435
56.440	R3	2.359	2.606	2.281	2.438
56.480	R3	2.049	2.049	2.273	2.419
56.520	R3	2.419	2.639	2.260	2.402
56.560	R3	2.145	2.145	2.260	2.395
56.600	R3	2.462	2.473	2.280	2.432
56.640	R3	2.117	2.117	2.272	2.424
56.680	R3	2.201	2.201	2.255	2.407
56.720	R3	2.266	2.783	2.266	2.431
56.760	R3	2.343	3.245	2.263	2.427
56.800	R3	2.313	2.498	2.263	2.445
56.840	R3	2.193	2.193	2.269	2.433
56.880	R3	2.019	2.019	2.269	2.436
56.920	R3	2.456	2.567	2.282	2.466
56.960	R3	2.351	2.690	2.279	2.468
57.000	R3	2.087	2.087	2.293	2.482
57.040	R3	2.001	2.001	2.284	2.483
57.080	R3	2.316	2.559	2.296	2.520
57.120	R3	2.400	2.452	2.306	2.537
57.160	R3	2.394	2.862	2.294	2.499
57.200	R3	2.478	2.478	2.294	2.467
57.240	R3	2.372	2.671	2.296	2.466
57.280	R3	2.303	2.650	2.298	2.485
57.320	R3	2.357	2.677	2.316	2.514
57.360	R3	2.421	2.421	2.318	2.522
57.400	R3	2.294	2.492	2.319	2.519
57.440	R3	2.357	2.844	2.338	2.548
57.480	R3	2.396	2.546	2.358	2.570
57.520	R3	2.021	2.021	2.346	2.545
57.560	R3	2.352	2.619	2.325	2.522
57.600	R3	2.346	2.474	2.303	2.477
57.640	R3	2.243	2.559	2.301	2.491
57.680	R3	2.372	2.603	2.304	2.485
57.720	R3	2.503	2.738	2.299	2.463
57.760	R3	2.373	2.615	2.302	2.468
57.800	R3	2.452	2.670	2.302	2.481
57.840	R3	2.417	2.449	2.308	2.488
57.880	R3	2.060	2.060	2.298	2.454
57.920	R3	1.994	1.994	2.274	2.423
57.960	R3	1.951	1.951	2.293	2.452
58.000	R3	2.434	2.756	2.293	2.451
58.040	R3	2.428	2.568	2.304	2.460
58.080	R3	2.207	2.207	2.311	2.451
58.120	R3	2.411	2.764	2.311	2.465
58.160	R3	2.423	2.686	2.276	2.419
58.200	R3	2.413	2.632	2.276	2.412
58.240	R3	2.168	2.168	2.267	2.418
58.280	R3	1.922	1.922	2.266	2.427
58.320	R3	2.385	2.614	2.274	2.435
58.360	R3	2.355	2.593	2.297	2.479
58.400	R3	2.579	2.657	2.304	2.486
58.440	R3	2.365	2.369	2.301	2.483
58.480	R3	2.374	2.891	2.297	2.481
58.520	R3	1.808	1.808	2.309	2.496
58.560	R3	2.372	2.474	2.314	2.493
58.600	R3	2.274	2.797	2.309	2.494
58.640	R3	2.400	2.636	2.313	2.502
58.680	R3	2.221	2.221	2.331	2.527
58.720	R3	2.452	2.861	2.344	2.540
58.760	R3	2.089	2.089	2.329	2.513
58.800	R3	2.384	2.706	2.331	2.504
58.840	R3	2.344	2.534	2.324	2.494
58.880	R3	2.436	2.489	2.318	2.506
58.920	R3	2.516	2.716	2.315	2.477
58.960	R3	2.324	2.703	2.340	2.510
59.000	R3	2.503	2.798	2.325	2.489
59.040	R3	2.511	2.654	2.334	2.474
59.080	R3	2.187	2.187	2.324	2.453
59.120	R3	2.078	2.078	2.334	2.471
59.160	R3	2.401	2.417	2.330	2.453
59.200	R3	2.443	2.443	2.343	2.485
59.240	R3	2.234	2.611	2.347	2.483
59.280	R3	2.324	2.324	2.350	2.493
59.320	R3	2.315	2.456	2.351	2.502
59.360	R3	2.069	2.069	2.335	2.476
59.400	R3	2.441	2.493	2.321	2.443
59.440	R3	2.202	2.202	2.294	2.401
59.480	R3	2.428	2.598	2.292	2.399
59.520	R3	2.369	2.484	2.298	2.422
59.560	R3	2.351	2.739	2.305	2.428
59.600	R3	2.458	2.674	2.309	2.444
59.640	R3	2.418	2.719	2.301	2.437
59.680	R3	2.447	2.677	2.300	2.417
59.720	R3	2.195	2.195	2.305	2.426
59.760	R3	2.042	2.042	2.309	2.423
59.800	R3	1.961	1.961	2.322	2.436
59.840	R3	2.475	2.604	2.303	2.415
59.880	R3	2.311	2.650	2.311	2.434
59.920	R3	2.206	2.206	2.301	2.416
59.960	R3	2.487	2.742	2.306	2.415
60.000	R3	2.293	2.293	2.313	2.414
60.040	R3	2.215	2.215	2.291	2.381
60.080	R3	2.426	2.511	2.296	2.374
60.120	R3	2.390	2.390	2.295	2.373
60.160	R3	2.317	2.317	2.293	2.371
60.200	R3	2.073	2.073	2.315	2.400
60.240	R3	2.349	2.586	2.335	2.433
60.280	R3	2.242	2.242	2.333	2.434
60.320	R3	2.474	2.474	2.322	2.406
60.360	R3	2.473	2.701	2.326	2.437
60.400	R3	2.026	2.026	2.310	2.408
60.440	R3	2.527	2.571	2.323	2.424
60.480	R3	2.421	2.663	2.339	2.455
60.520	R3	2.148	2.148	2.337	2.457
60.560	R3	2.491	2.635	2.340	2.470
60.600	R3	2.355	2.618	2.325	2.455
60.640	R3	2.442	2.611	2.341	2.474
60.680	R3	2.091	2.091	2.350	2.471
60.720	R3	2.289	2.840	2.357	2.493
60.760	R3	2.157	2.157	2.351	2.503
60.800	R3	2.559	2.608	2.349	2.490
60.840	R3	2.532	2.838	2.369	2.529
60.880	R3	2.391	2.545	2.350	2.507
60.920	R3	2.447	2.654	2.344	2.509
60.960	R3	2.011	2.011	2.354	2.534
61.000	R3	2.395	2.465	2.355	2.528
61.040	R3	2.523	2.523	2.357	2.527
61.080	R3	2.388	2.687	2.357	2.541
61.120	R3	2.355	2.674	2.373	2.562
61.160	R3	2.427	2.427	2.378	2.550
61.200	R3	2.434	2.803	2.369	2.542
61.240	R3	2.140	2.140	2.346	2.516
61.280	R3	2.308	2.695	2.334	2.499
61.320	R3	2.350	2.665	2.308	2.465
61.360	R3	2.508	2.508	2.306	2.459
61.400	R3	2.383	2.606	2.320	2.473
61.440	R3	2.457	2.873	2.309	2.458
61.480	R3	2.407	2.518	2.279	2.428
61.520	R3	2.384	2.610	2.283	2.423
61.560	R3	1.990	1.990	2.280	2.412
61.600	R3	2.088	2.088	2.280	2.417
61.640	R3	2.296	2.496	2.274	2.392
61.680	R3	1.860	1.860	2.292	2.410
61.720	R3	2.425	2.540	2.289	2.389
61.760	R3	2.291	2.291	2.294	2.382
61.800	R3	2.165	2.165	2.266	2.354
61.840	R3	1.926	1.926	2.257	2.333
61.880	R3	2.462	2.583	2.254	2.321
61.920	R3	2.295	2.454	2.254	2.343
61.960	R3	2.437	2.529	2.255	2.352
62.000	R3	2.299	2.299	2.277	2.378
62.040	R3	2.505	2.511	2.269	2.370
62.080	R3	2.259	2.259	2.271	2.384
62.120	R3	2.449	2.532	2.299	2.418
62.160	R3	1.940	1.940	2.283	2.396
62.200	R3	2.205	2.205	2.283	2.416
62.240	R3	2.397	2.627	2.292	2.429
62.280	R3	2.411	2.956	2.322	2.463
62.320	R3	2.399	2.791	2.319	2.473
62.360	R3	2.437	2.506	2.326	2.483
62.400	R3	1.926	1.926	2.303	2.455
62.440	R3	2.334	2.784	2.307	2.469
62.480	R3	2.423	2.544	2.301	2.473
62.520	R3	2.098	2.098	2.307	2.486
62.560	R3	2.295	2.675	2.304	2.485
62.600	R3	2.352	2.433	2.318	2.498
62.640	R3	2.518	2.614	2.309	2.490
62.680	R3	2.405	2.779	2.309	2.494
62.720	R3	2.432	2.651	2.308	2.479
62.760	R3	1.972	1.972	2.308	2.477
62.800	R3	2.382	2.574	2.300	2.465
62.840	R3	2.380	2.588	2.327	2.511
62.880	R3	2.393	2.531	2.334	2.499
62.920	R3	2.387	2.506	2.330	2.504
62.960	R3	2.206	2.206	2.325	2.499
63.000	R3	2.040	2.040	2.316	2.472
63.040	R3	2.384	2.698	2.319	2.481
63.080	R3	2.391	2.658	2.301	2.457
63.120	R3	2.397	2.749	2.303	2.445
63.160	R3	2.277	2.277	2.281	2.412
63.200	R3	2.479	2.834	2.299	2.443
63.240	R3	2.476	2.560	2.302	2.448
63.280	R3	2.329	2.634	2.296	2.444
63.320	R3	2.004	2.004	2.287	2.429
63.360	R3	2.122	2.122	2.285	2.436
63.400	R3	2.412	2.615	2.299	2.458
63.440	R3	2.144	2.144	2.316	2.495
63.480	R3	2.451	2.535	2.317	2.480
63.520	R3	1.997	1.997	2.289	2.439
63.560	R3	2.332	2.583	2.294	2.426
63.600	R3	2.433	2.675	2.299	2.445
63.640	R3	2.255	2.519	2.299	2.440
63.680	R3	2.231	2.231	2.275	2.413
63.720	R3	2.332	2.641	2.277	2.422
63.760	R3	2.485	2.652	2.290	2.465
63.800	R3	2.390	2.765	2.306	2.484
63.840	R3	2.411	2.411	2.307	2.477
63.880	R3	1.827	1.827	2.301	2.471
63.920	R3	2.502	2.502	2.274	2.440
63.960	R3	2.372	2.649	2.292	2.458
64.000	R3	2.465	2.739	2.299	2.459
64.040	R3	2.007	2.007	2.295	2.450
64.080	R3	2.359	2.817	2.292	2.433
64.120	R3	2.268	2.871	2.300	2.456
64.160	R3	2.441	2.510	2.292	2.432
64.200	R3	2.437	2.467	2.292	2.423
64.240	R3	2.031	2.031	2.294	2.420
64.280	R3	1.906	1.906	2.294	2.429
64.320	R3	2.352	2.352	2.306	2.442
64.360	R3	2.469	2.616	2.286	2.422
64.400	R3	2.363	2.486	2.296	2.422
64.440	R3	2.182	2.182	2.296	2.429
64.480	R3	2.408	2.686	2.312	2.465
64.520	R3	2.167	2.167	2.319	2.457
64.560	R3	2.475	2.475	2.311	2.419
64.600	R3	2.441	2.701	2.318	2.431
64.640	R3	2.411	2.598	2.296	2.408
64.680	R3	2.071	2.071	2.316	2.440
64.720	R3	2.099	2.099	2.341	2.474
64.760	R3	2.576	2.667	2.334	2.468
64.800	R3	2.462	2.875	2.312	2.439
64.840	R3	2.318	2.713	2.303	2.424
64.880	R3	2.493	2.666	2.320	2.454
64.920	R3	2.110	2.110	2.319	2.453
64.960	R3	2.594	2.753	2.328	2.461
65.000	R3	1.999	1.999	2.310	2.443
65.040	R3	2.426	2.673	2.303	2.423
65.080	R3	2.395	2.599	2.304	2.415
65.120	R3	2.217	2.217	2.315	2.440
65.160	R3	2.037	2.037	2.334	2.464
65.200	R3	2.188	2.188	2.308	2.434
65.240	R3	2.512	2.786	2.306	2.411
65.280	R3	2.394	2.656	2.302	2.388
65.320	R3	2.334	2.334	2.296	2.374
65.360	R3	2.120	2.120	2.306	2.405
65.400	R3	2.297	2.297	2.295	2.410
65.440	R3	2.438	2.438	2.302	2.417
65.480	R3	2.299	2.581	2.296	2.421
65.520	R3	2.467	2.569	2.299	2.423
65.560	R3	2.059	2.059	2.307	2.440
65.600	R3	2.433	2.433	2.321	2.455
65.640	R3	2.235	2.240	2.337	2.474
65.680	R3	2.368	2.396	2.326	2.460
65.720	R3	2.310	2.731	2.329	2.452
65.760	R3	2.373	2.848	2.329	2.477
65.800	R3	2.135	2.135	2.337	2.520
65.840	R3	2.317	2.763	2.317	2.499
65.880	R3	2.455	2.634	2.311	2.502
65.920	R3	2.362	2.555	2.310	2.501
65.960	R3	2.331	2.331	2.307	2.494
66.000	R3	2.497	2.564	2.305	2.492
66.040	R3	2.290	2.514	2.305	2.509
66.080	R3	2.455	2.491	2.307	2.532
66.120	R3	2.336	2.830	2.312	2.544
66.160	R3	2.286	2.986	2.301	2.513
66.200	R3	1.890	1.890	2.303	2.507
66.240	R3	2.318	2.499	2.314	2.540
66.280	R3	2.289	2.545	2.302	2.506
66.320	R3	2.403	2.441	2.302	2.517
66.360	R3	2.017	2.017	2.289	2.495
66.400	R3	2.427	2.767	2.301	2.512
66.440	R3	2.286	2.710	2.289	2.496
66.480	R3	2.457	2.635	2.293	2.498
66.520	R3	2.102	2.102	2.294	2.503
66.560	R3	2.412	2.737	2.299	2.492
66.600	R3	2.351	2.797	2.308	2.481
66.640	R3	2.079	2.079	2.333	2.509
66.680	R3	2.445	2.847	2.328	2.495
66.720	R3	2.110	2.110	2.330	2.493
66.760	R3	2.567	2.670	2.335	2.496
66.800	R3	2.253	2.253	2.354	2.523
66.840	R3	2.380	2.561	2.352	2.520
66.880	R3	2.480	2.594	2.347	2.493
66.920	R3	2.430	2.593	2.326	2.464
66.960	R3	2.468	2.781	2.322	2.459
67.000	R3	2.378	2.434	2.325	2.449
67.040	R3	2.234	2.234	2.322	2.424
67.080	R3	2.327	2.494	2.336	2.450
67.120	R3	2.505	2.505	2.335	2.440
67.160	R3	2.393	2.565	2.351	2.458
67.200	R3	2.383	2.696	2.340	2.463
67.240	R3	2.177	2.177	2.337	2.460
67.280	R3	2.046	2.046	2.343	2.475
67.320	R3	2.015	2.015	2.340	2.471
67.360	R3	2.473	2.533	2.333	2.483
67.400	R3	2.301	2.301	2.319	2.454
67.440	R3	2.353	2.601	2.325	2.460
67.480	R3	2.424	2.641	2.332	2.479
67.520	R3	2.438	2.470	2.335	2.480
67.560	R3	2.351	2.774	2.325	2.481
67.600	R3	2.178	2.178	2.322	2.469
67.640	R3	2.514	2.866	2.324	2.466
67.680	R3	2.403	2.518	2.314	2.455
67.720	R3	2.292	2.841	2.329	2.486
67.760	R3	2.195	2.195	2.327	2.484
67.800	R3	2.490	2.557	2.326	2.491
67.840	R3	2.376	2.609	2.327	2.493
67.880	R3	2.386	2.511	2.330	2.488
67.920	R3	2.318	2.522	2.330	2.490
67.960	R3	2.330	2.330	2.328	2.508
68.000	R3	2.430	2.636	2.315	2.473
68.040	R3	1.960	1.960	2.309	2.468
68.080	R3	2.349	2.655	2.285	2.435
68.120	R3	1.975	1.975	2.286	2.441
68.160	R3	2.463	2.687	2.274	2.402
68.200	R3	2.325	2.325	2.284	2.412
68.240	R3	2.410	2.517	2.275	2.416
68.280	R3	2.424	2.674	2.273	2.415
68.320	R3	2.385	2.826	2.269	2.405
68.360	R3	2.088	2.088	2.268	2.394
68.400	R3	2.062	2.062	2.275	2.410
68.440	R3	2.040	2.222	2.264	2.388
68.480	R3	2.424	2.633	2.285	2.413
68.520	R3	2.059	2.059	2.292	2.405
68.560	R3	2.389	2.389	2.291	2.404
68.600	R3	2.304	2.642	2.289	2.398
68.640	R3	2.347	2.596	2.289	2.408
68.680	R3	2.295	2.295	2.286	2.407
68.720	R3	2.308	2.308	2.288	2.401
68.760	R3	2.467	2.646	2.292	2.384
68.800	R3	2.200	2.200	2.305	2.397
68.840	R3	2.390	2.473	2.311	2.403
68.880	R3	2.492	2.492	2.329	2.424
68.920	R3	1.957	1.957	2.328	2.420
68.960	R3	2.420	2.552	2.338	2.431
69.000	R3	2.328	2.529	2.327	2.420
69.040	R3	2.347	2.505	2.329	2.416
69.080	R3	2.465	2.540	2.332	2.420
69.120	R3	2.454	2.492	2.321	2.409
69.160	R3	2.357	2.357	2.314	2.402
69.200	R3	2.170	2.170	2.301	2.380
69.240	R3	2.402	2.655	2.301	2.414
69.280	R3	2.413	2.553	2.303	2.410
69.320	R3	2.266	2.266	2.297	2.427
69.360	R3	2.169	2.169	2.321	2.461
69.400	R3	2.334	2.558	2.321	2.455
69.440	R3	2.400	2.683	2.309	2.433
69.480	R3	2.077	2.077	2.308	2.432
69.520	R3	2.166	2.166	2.307	2.427
69.560	R3	2.216	2.216	2.306	2.444
69.600	R3	2.210	2.863	2.288	2.426
69.640	R3	2.410	2.410	2.294	2.440
69.680	R3	2.379	2.819	2.288	2.428
69.720	R3	2.432	2.648	2.281	2.421
69.760	R3	2.426	2.426	2.282	2.430
69.800	R3	2.095	2.095	2.289	2.448
69.840	R3	2.327	2.475	2.286	2.440
69.880	R3	2.449	2.449	2.277	2.421
69.920	R3	2.420	2.833	2.294	2.450
69.960	R3	1.998	1.998	2.305	2.476
