Tiempo	Replica	Distancia_Global	CYS1	Distancia_Global_Smooth	CYS1_Smooth
0.000	R1	11.809	19.395	14.462	19.434
0.040	R1	12.175	18.617	14.708	19.228
0.080	R1	13.498	21.304	14.854	19.450
0.120	R1	14.398	22.298	14.768	19.368
0.160	R1	16.952	17.409	14.661	19.237
0.200	R1	15.263	17.343	14.579	19.199
0.240	R1	13.911	20.341	14.726	19.322
0.280	R1	14.911	19.338	14.672	19.390
0.320	R1	16.216	22.806	14.642	19.462
0.360	R1	15.483	15.483	14.595	19.679
0.400	R1	17.173	17.173	14.520	19.786
0.440	R1	16.462	21.885	14.765	19.965
0.480	R1	13.730	18.384	15.052	19.930
0.520	R1	13.271	17.540	15.211	19.701
0.560	R1	13.426	18.661	15.177	19.347
0.600	R1	16.936	21.177	14.921	19.249
0.640	R1	13.816	20.470	14.535	19.055
0.680	R1	14.123	20.688	14.243	18.442
0.720	R1	13.746	23.578	13.880	17.858
0.760	R1	13.103	21.818	13.555	17.204
0.800	R1	16.696	22.980	13.203	16.852
0.840	R1	17.930	17.930	12.789	16.663
0.880	R1	16.678	16.714	12.552	16.418
0.920	R1	13.714	15.221	12.520	16.398
0.960	R1	11.833	15.449	12.608	16.539
1.000	R1	7.537	13.471	12.541	16.584
1.040	R1	8.075	8.075	12.221	16.381
1.080	R1	7.648	7.648	11.999	16.062
1.120	R1	9.729	9.729	11.717	15.905
1.160	R1	8.443	8.443	11.467	15.409
1.200	R1	8.886	13.404	11.363	15.083
1.240	R1	11.717	16.973	10.993	14.735
1.280	R1	13.087	17.989	10.318	14.505
1.320	R1	15.028	20.370	9.740	14.069
1.360	R1	12.100	19.557	9.346	13.714
1.400	R1	10.522	17.119	9.031	13.330
1.440	R1	9.376	14.078	8.912	13.022
1.480	R1	8.490	17.557	8.792	13.023
1.520	R1	8.754	13.652	8.705	13.133
1.560	R1	11.013	15.308	8.594	13.289
1.600	R1	9.297	16.013	8.556	13.535
1.640	R1	4.433	13.328	8.527	13.544
1.680	R1	5.107	8.004	8.326	13.405
1.720	R1	5.836	8.118	8.068	13.141
1.760	R1	5.550	7.772	7.910	12.991
1.800	R1	5.152	7.297	7.823	12.898
1.840	R1	5.670	8.107	7.939	13.061
1.880	R1	5.903	9.836	8.051	13.440
1.920	R1	7.510	12.854	8.232	13.491
1.960	R1	7.690	13.356	8.465	13.745
2.000	R1	8.303	13.594	8.666	13.901
2.040	R1	7.694	14.199	8.891	14.077
2.080	R1	7.922	12.704	9.227	14.173
2.120	R1	11.882	17.377	9.519	14.382
2.160	R1	10.356	17.697	9.691	14.440
2.200	R1	12.843	20.367	9.875	14.513
2.240	R1	11.611	21.666	10.052	14.583
2.280	R1	12.112	18.564	10.118	14.527
2.320	R1	13.418	18.742	10.247	14.461
2.360	R1	15.039	18.419	10.321	14.268
2.400	R1	13.779	19.538	10.557	14.360
2.440	R1	11.161	15.242	10.765	14.497
2.480	R1	10.945	12.191	11.029	14.629
2.520	R1	9.273	9.273	11.120	14.727
2.560	R1	9.230	9.230	11.125	14.671
2.600	R1	8.700	8.700	11.233	14.736
2.640	R1	6.989	6.989	11.433	14.867
2.680	R1	8.482	8.519	11.545	14.605
2.720	R1	8.989	8.989	11.845	14.606
2.760	R1	12.418	15.195	12.158	14.791
2.800	R1	12.452	16.346	12.344	14.987
2.840	R1	12.978	16.842	12.652	15.106
2.880	R1	9.754	14.659	13.041	15.291
2.920	R1	11.970	16.261	13.334	15.522
2.960	R1	12.528	18.992	13.592	15.780
3.000	R1	16.840	22.989	13.702	15.890
3.040	R1	13.850	16.409	13.878	16.066
3.080	R1	18.109	18.591	14.082	16.270
3.120	R1	19.682	22.445	14.227	16.413
3.160	R1	18.756	22.344	14.351	16.605
3.200	R1	19.936	21.919	14.251	16.498
3.240	R1	18.932	18.932	14.070	16.248
3.280	R1	16.820	16.820	13.816	15.801
3.320	R1	14.420	14.420	13.725	15.465
3.360	R1	11.441	11.441	13.634	15.160
3.400	R1	12.207	12.207	13.607	14.809
3.440	R1	11.070	11.070	13.214	14.264
3.480	R1	11.391	11.391	13.222	14.172
3.520	R1	11.463	12.834	12.990	13.915
3.560	R1	10.420	13.054	12.694	13.530
3.600	R1	8.824	11.339	12.420	13.170
3.640	R1	7.898	7.898	11.984	12.789
3.680	R1	7.948	7.948	11.513	12.453
3.720	R1	10.155	10.155	11.224	12.225
3.760	R1	11.972	11.972	11.279	12.568
3.800	R1	8.988	12.088	11.676	13.127
3.840	R1	14.006	14.564	11.875	13.590
3.880	R1	13.466	13.466	12.153	14.174
3.920	R1	13.764	14.746	12.553	14.638
3.960	R1	13.291	15.143	13.012	15.315
4.000	R1	11.205	14.294	13.483	15.926
4.040	R1	9.510	12.208	13.950	16.656
4.080	R1	11.037	12.257	14.492	17.311
4.120	R1	15.533	21.294	15.205	18.098
4.160	R1	19.383	22.614	15.752	18.753
4.200	R1	16.183	21.457	16.148	19.149
4.240	R1	16.627	22.749	16.619	19.545
4.280	R1	19.394	20.684	16.870	19.880
4.320	R1	20.634	26.363	17.113	20.311
4.360	R1	19.850	25.273	17.162	20.522
4.400	R1	18.165	25.940	17.324	20.637
4.440	R1	18.739	21.012	17.445	20.659
4.480	R1	22.195	23.671	17.479	20.694
4.520	R1	21.093	23.261	17.515	20.676
4.560	R1	19.895	19.895	17.308	20.253
4.600	R1	18.413	20.013	17.047	20.060
4.640	R1	19.022	21.261	17.007	19.849
4.680	R1	18.326	22.090	16.834	19.410
4.720	R1	14.746	18.968	16.534	19.229
4.760	R1	16.525	17.431	16.103	18.749
4.800	R1	13.624	14.738	15.723	18.483
4.840	R1	10.199	12.917	15.373	18.115
4.880	R1	11.765	11.895	14.813	17.814
4.920	R1	11.378	12.827	14.062	17.427
4.960	R1	14.176	18.749	13.431	17.044
5.000	R1	15.379	17.249	12.897	16.754
5.040	R1	13.162	13.953	12.511	16.500
5.080	R1	13.392	17.076	11.979	16.123
5.120	R1	12.024	16.763	11.564	15.602
5.160	R1	12.235	19.958	11.234	15.121
5.200	R1	11.183	18.577	10.894	14.864
5.240	R1	7.537	14.978	10.675	14.742
5.280	R1	7.167	15.945	10.714	14.767
5.320	R1	8.482	15.592	10.660	14.853
5.360	R1	9.212	14.103	10.561	14.682
5.400	R1	10.694	14.933	10.401	14.293
5.440	R1	8.383	13.719	10.109	13.930
5.480	R1	10.019	11.658	9.855	13.748
5.520	R1	8.143	9.357	9.571	13.335
5.560	R1	9.732	12.288	9.285	12.898
5.600	R1	9.234	12.299	8.932	12.160
5.640	R1	10.977	13.425	8.820	11.677
5.680	R1	10.688	13.615	8.935	11.457
5.720	R1	9.397	9.397	9.081	11.359
5.760	R1	10.980	10.980	9.243	11.165
5.800	R1	9.543	9.991	9.358	11.036
5.840	R1	8.070	10.300	9.377	10.842
5.880	R1	7.710	8.829	9.519	10.718
5.920	R1	6.308	8.019	9.294	10.411
5.960	R1	5.187	5.187	9.185	10.242
6.000	R1	8.929	8.929	8.927	9.855
6.040	R1	9.840	10.578	8.693	9.468
6.080	R1	10.091	13.979	8.409	9.062
6.120	R1	11.717	11.717	8.155	8.735
6.160	R1	11.523	11.523	8.024	8.720
6.200	R1	11.062	11.062	7.831	8.730
6.240	R1	11.228	11.228	7.895	8.991
6.280	R1	5.526	5.526	8.140	9.337
6.320	R1	5.966	5.966	8.509	9.960
6.360	R1	4.559	4.559	8.907	10.560
6.400	R1	4.562	4.562	9.266	11.107
6.440	R1	5.292	5.292	9.675	11.516
6.480	R1	5.614	7.075	9.748	11.552
6.520	R1	6.768	9.097	9.784	11.394
6.560	R1	7.118	11.185	9.881	11.532
6.600	R1	10.825	15.215	9.824	11.474
6.640	R1	12.983	17.216	9.824	11.475
6.680	R1	15.088	21.291	9.623	11.545
6.720	R1	14.266	20.007	9.773	11.892
6.760	R1	12.367	16.136	9.736	12.148
6.800	R1	17.103	17.103	9.791	12.422
6.840	R1	11.299	11.299	9.805	12.611
6.880	R1	10.823	10.823	9.758	12.721
6.920	R1	13.647	14.471	9.712	12.606
6.960	R1	10.376	10.376	9.572	12.406
7.000	R1	11.067	11.067	9.429	12.096
7.040	R1	7.207	12.630	9.136	11.584
7.080	R1	8.528	12.469	8.712	10.948
7.120	R1	5.223	11.086	8.159	10.107
7.160	R1	5.658	10.031	7.685	9.405
7.200	R1	4.846	8.357	7.354	8.886
7.240	R1	4.355	7.478	6.748	8.294
7.280	R1	4.686	4.788	6.423	7.968
7.320	R1	3.968	5.097	6.112	7.658
7.360	R1	4.264	4.984	5.641	7.146
7.400	R1	4.972	4.972	5.370	6.874
7.440	R1	4.489	4.489	5.060	6.564
7.480	R1	4.028	4.470	4.916	6.149
7.520	R1	4.792	5.977	4.668	5.704
7.560	R1	5.749	5.749	4.540	5.283
7.600	R1	4.981	5.257	4.410	4.935
7.640	R1	4.795	4.795	4.374	4.723
7.680	R1	4.610	4.610	4.359	4.551
7.720	R1	4.234	4.234	4.360	4.548
7.760	R1	4.944	4.944	4.385	4.516
7.800	R1	4.863	4.863	4.385	4.480
7.840	R1	4.328	4.328	4.293	4.388
7.880	R1	3.570	3.570	4.223	4.318
7.920	R1	2.671	2.671	4.179	4.252
7.960	R1	3.063	3.063	4.179	4.193
8.000	R1	4.125	4.125	4.163	4.210
8.040	R1	4.037	4.037	4.196	4.327
8.080	R1	4.723	4.723	4.201	4.352
8.120	R1	4.466	4.466	4.183	4.334
8.160	R1	4.259	4.259	4.204	4.502
8.200	R1	3.122	3.122	4.216	4.643
8.240	R1	3.099	3.099	4.321	4.941
8.280	R1	3.144	3.144	4.437	5.357
8.320	R1	4.802	4.802	4.496	5.671
8.360	R1	5.414	6.096	4.718	6.275
8.400	R1	5.645	7.587	4.822	6.817
8.440	R1	4.891	5.302	4.926	7.285
8.480	R1	4.250	4.250	5.193	7.790
8.520	R1	4.671	7.593	5.540	8.246
8.560	R1	5.183	7.767	6.068	8.947
8.600	R1	6.950	10.819	6.635	9.658
8.640	R1	6.653	12.639	7.364	10.483
8.680	R1	4.752	9.863	8.198	11.430
8.720	R1	7.106	14.743	8.952	12.259
8.760	R1	5.140	13.906	9.526	13.113
8.800	R1	6.205	13.490	10.210	13.763
8.840	R1	9.385	14.135	10.815	14.271
8.880	R1	11.657	13.841	11.548	14.983
8.920	R1	15.025	18.480	12.190	15.922
8.960	R1	15.610	18.477	12.824	16.692
9.000	R1	17.704	19.633	13.342	17.300
9.040	R1	19.783	22.030	13.894	17.750
9.080	R1	18.223	19.731	14.523	18.179
9.120	R1	16.277	21.886	15.072	18.683
9.160	R1	19.087	19.087	15.762	19.057
9.200	R1	17.744	17.744	16.308	19.296
9.240	R1	19.550	19.550	16.662	19.519
9.280	R1	17.090	23.025	16.936	19.949
9.320	R1	17.355	22.997	17.185	20.347
9.360	R1	15.553	19.919	17.189	20.479
9.400	R1	17.991	19.819	17.165	20.521
9.440	R1	19.216	21.215	16.876	20.516
9.480	R1	15.734	19.949	16.545	20.449
9.520	R1	20.915	22.225	16.423	20.556
9.560	R1	16.052	18.681	16.113	20.538
9.600	R1	13.283	17.959	15.750	20.590
9.640	R1	14.879	22.732	15.602	20.594
9.680	R1	16.628	21.807	15.173	20.611
9.720	R1	15.108	21.104	14.766	20.237
9.760	R1	15.124	19.324	14.508	19.932
9.800	R1	11.936	19.527	14.287	19.801
9.840	R1	13.150	20.690	13.822	19.648
9.880	R1	15.787	21.876	13.262	19.318
9.920	R1	10.071	21.537	12.984	19.196
9.960	R1	11.838	20.112	12.332	18.806
10.000	R1	14.784	17.829	12.014	18.608
10.040	R1	10.978	19.900	11.794	18.406
10.080	R1	8.932	15.545	11.692	18.038
10.120	R1	12.198	16.882	11.528	17.769
10.160	R1	11.140	17.312	11.260	17.201
10.200	R1	8.683	16.762	10.999	16.729
10.240	R1	8.031	14.611	10.833	16.184
10.280	R1	10.159	17.505	10.677	15.650
10.320	R1	7.876	14.427	10.311	14.981
10.360	R1	9.708	14.723	10.251	14.347
10.400	R1	8.873	13.913	10.051	13.733
10.440	R1	12.833	15.372	9.816	13.531
10.480	R1	13.361	16.419	9.922	13.191
10.520	R1	9.748	9.748	10.000	12.938
10.560	R1	9.890	9.890	9.812	12.517
10.600	R1	8.629	8.629	9.616	12.011
10.640	R1	10.017	10.017	9.602	11.594
10.680	R1	8.480	8.480	9.696	11.359
10.720	R1	8.855	8.855	9.612	10.907
10.760	R1	7.841	7.841	9.655	10.623
10.800	R1	10.090	13.794	9.623	10.340
10.840	R1	13.100	13.100	9.663	10.128
10.880	R1	10.480	10.480	9.245	9.583
10.920	R1	8.453	8.453	8.805	8.990
10.960	R1	7.208	7.208	8.595	8.780
11.000	R1	8.413	8.413	8.394	8.579
11.040	R1	9.913	9.913	8.338	8.592
11.080	R1	8.466	8.466	8.312	8.566
11.120	R1	8.751	8.751	8.421	8.781
11.160	R1	9.066	9.066	8.515	8.930
11.200	R1	9.671	9.671	8.731	9.146
11.240	R1	4.464	4.464	8.727	8.989
11.280	R1	4.565	4.565	8.543	8.806
11.320	R1	5.547	5.547	8.401	8.920
11.360	R1	5.868	5.868	8.354	9.166
11.400	R1	7.508	8.898	8.311	9.402
11.440	R1	9.494	9.494	8.297	9.669
11.480	R1	10.665	12.768	8.221	9.849
11.520	R1	10.735	11.844	8.228	9.941
11.560	R1	12.160	12.160	8.346	10.059
11.600	R1	10.008	10.659	8.445	10.259
11.640	R1	9.423	9.423	8.536	10.350
11.680	R1	7.642	12.778	8.830	10.644
11.720	R1	7.515	13.362	9.271	11.085
11.760	R1	6.338	11.926	10.174	12.261
11.800	R1	8.140	13.751	10.480	12.567
11.840	R1	8.390	13.521	10.699	12.717
11.880	R1	8.605	10.307	10.848	12.865
11.920	R1	11.108	11.108	10.883	12.795
11.960	R1	11.054	13.067	10.863	12.720
12.000	R1	11.482	11.482	10.877	12.734
12.040	R1	10.356	10.356	11.412	13.535
12.080	R1	13.379	13.379	12.015	14.218
12.120	R1	23.609	29.064	12.744	14.690
12.160	R1	11.986	11.986	12.974	14.862
12.200	R1	11.901	11.901	13.063	14.859
12.240	R1	12.456	12.456	13.019	14.985
12.280	R1	11.366	11.366	13.193	15.156
12.320	R1	10.345	10.345	13.774	15.867
12.360	R1	12.441	12.441	14.294	16.556
12.400	R1	20.703	26.689	14.805	16.967
12.440	R1	21.487	23.071	15.376	17.541
12.480	R1	22.221	22.221	15.939	18.148
12.520	R1	12.110	16.799	16.418	18.627
12.560	R1	8.118	11.868	15.952	18.056
12.600	R1	7.273	16.280	15.979	18.110
12.640	R1	11.859	16.925	15.749	17.881
12.680	R1	20.219	24.530	15.665	17.797
12.720	R1	21.513	24.903	15.469	17.642
12.760	R1	21.279	21.279	15.392	17.566
12.800	R1	22.896	22.958	15.254	17.460
12.840	R1	21.617	22.503	14.518	16.425
12.880	R1	22.958	22.958	13.773	15.601
12.920	R1	14.291	17.642	13.125	15.002
12.960	R1	12.519	13.074	13.129	14.896
13.000	R1	7.306	7.306	13.305	15.125
13.040	R1	10.786	10.786	13.462	14.933
13.080	R1	7.432	8.256	13.418	14.636
13.120	R1	8.812	8.832	13.204	14.262
13.160	R1	9.682	10.323	12.812	13.700
13.200	R1	5.980	5.980	12.358	13.310
13.240	R1	6.595	6.595	11.728	12.677
13.280	R1	9.262	10.235	11.044	11.949
13.320	R1	12.173	14.687	10.348	11.253
13.360	R1	11.648	16.456	10.359	11.097
13.400	R1	10.419	12.439	10.789	11.754
13.440	R1	10.968	10.968	11.033	11.998
13.480	R1	15.952	17.054	10.964	11.929
13.520	R1	13.667	13.667	11.006	11.930
13.560	R1	12.185	13.471	10.898	11.820
13.600	R1	10.315	10.315	10.812	11.703
13.640	R1	7.935	7.935	11.104	11.994
13.680	R1	9.038	9.038	11.418	12.334
13.720	R1	14.514	14.514	11.631	12.499
13.760	R1	21.110	26.220	11.671	12.413
13.800	R1	12.187	12.187	11.841	12.485
13.840	R1	9.407	9.407	12.110	12.654
13.880	R1	8.267	8.267	12.244	12.889
13.920	R1	6.647	6.647	12.075	12.830
13.960	R1	7.974	7.974	12.323	13.390
14.000	R1	11.807	11.807	12.461	13.464
14.040	R1	12.888	13.398	13.025	14.422
14.080	R1	13.528	13.528	13.289	14.686
14.120	R1	12.962	12.962	13.509	14.906
14.160	R1	15.044	17.900	13.437	14.835
14.200	R1	15.811	15.811	12.838	13.980
14.240	R1	13.636	15.672	12.662	13.804
14.280	R1	12.580	15.875	12.547	13.689
14.320	R1	18.624	24.869	12.482	13.624
14.360	R1	14.950	14.950	12.520	13.750
14.400	R1	21.581	29.476	12.579	13.809
14.440	R1	13.225	13.225	12.414	13.671
14.480	R1	13.432	13.432	12.025	13.420
14.520	R1	13.084	13.084	11.606	13.154
14.560	R1	9.125	9.125	11.214	12.930
14.600	R1	8.672	8.672	10.715	12.484
14.640	R1	7.104	7.104	10.198	12.166
14.680	R1	6.972	6.972	9.757	12.018
14.720	R1	7.401	9.156	9.372	11.740
14.760	R1	9.156	9.156	8.673	10.934
14.800	R1	8.510	9.046	8.162	10.665
14.840	R1	5.091	8.374	7.337	9.711
14.880	R1	5.149	8.212	6.900	9.690
14.920	R1	5.130	8.484	6.513	9.575
14.960	R1	5.070	8.975	6.133	9.515
15.000	R1	5.475	9.462	5.927	9.673
15.040	R1	4.815	12.718	5.721	9.882
15.080	R1	4.883	10.301	5.599	10.184
15.120	R1	4.631	8.755	5.519	10.488
15.160	R1	4.736	9.575	5.402	10.536
15.200	R1	5.075	10.386	5.152	10.637
15.240	R1	4.493	12.805	5.058	10.866
15.280	R1	5.684	11.137	5.057	10.988
15.320	R1	5.480	11.887	5.050	11.053
15.360	R1	5.024	12.291	5.059	11.247
15.400	R1	4.550	12.835	5.059	11.369
15.440	R1	4.655	13.162	5.040	11.458
15.480	R1	5.367	13.042	5.035	11.309
15.520	R1	5.068	10.108	5.044	11.235
15.560	R1	4.147	11.190	5.065	11.340
15.600	R1	6.641	13.625	5.073	11.443
15.640	R1	5.069	10.807	5.082	11.521
15.680	R1	5.010	9.505	5.057	11.432
15.720	R1	5.315	12.366	5.008	11.404
15.760	R1	5.071	11.425	4.991	11.411
15.800	R1	5.093	11.236	4.974	11.390
15.840	R1	4.718	9.733	4.973	11.321
15.880	R1	5.047	8.838	4.999	11.295
15.920	R1	5.062	10.844	5.009	11.301
15.960	R1	4.886	11.629	4.999	11.350
16.000	R1	5.263	11.954	5.025	11.338
16.040	R1	3.988	11.016	4.939	11.215
16.080	R1	4.698	10.591	4.928	11.270
16.120	R1	5.139	12.028	4.938	11.363
16.160	R1	4.695	11.864	4.920	11.444
16.200	R1	4.526	11.458	4.923	11.505
16.240	R1	5.184	12.645	4.920	11.561
16.280	R1	5.556	13.159	4.937	11.632
16.320	R1	4.869	11.084	4.932	11.740
16.360	R1	4.663	10.958	4.930	11.822
16.400	R1	4.923	11.156	4.908	11.875
16.440	R1	4.864	11.904	4.910	11.872
16.480	R1	5.206	11.383	4.936	11.889
16.520	R1	4.947	13.974	4.940	11.908
16.560	R1	5.137	12.639	4.928	11.877
16.600	R1	5.030	12.367	4.945	11.868
16.640	R1	5.060	11.144	4.970	11.945
16.680	R1	4.946	11.000	4.964	11.944
16.720	R1	5.017	12.480	4.891	11.863
16.760	R1	4.446	12.701	4.875	11.831
16.800	R1	5.300	11.888	4.884	11.657
16.840	R1	4.520	11.352	4.910	11.505
16.880	R1	4.764	10.985	4.934	11.288
16.920	R1	4.916	11.405	4.936	11.142
16.960	R1	5.032	11.669	5.030	11.010
17.000	R1	5.029	13.012	5.099	10.790
17.040	R1	5.059	12.628	5.156	10.499
17.080	R1	4.085	11.526	5.272	10.310
17.120	R1	4.565	10.456	5.296	10.174
17.160	R1	4.833	7.472	5.409	10.022
17.200	R1	5.435	8.108	5.550	9.792
17.240	R1	5.353	7.578	5.547	9.461
17.280	R1	5.248	8.459	5.588	9.160
17.320	R1	6.814	11.340	5.664	8.924
17.360	R1	6.518	8.236	5.800	8.809
17.400	R1	6.178	6.533	5.901	8.578
17.440	R1	7.375	7.375	5.872	8.150
17.480	R1	5.440	8.285	5.967	7.866
17.520	R1	7.262	9.434	6.175	7.766
17.560	R1	7.272	8.109	6.334	7.631
17.600	R1	5.248	5.248	6.523	7.687
17.640	R1	5.336	5.336	6.897	7.927
17.680	R1	6.277	6.277	7.062	7.982
17.720	R1	7.641	9.096	7.358	8.117
17.760	R1	7.051	7.051	7.427	7.960
17.800	R1	4.454	4.454	7.444	7.891
17.840	R1	6.957	6.957	7.400	7.947
17.880	R1	8.246	9.517	7.279	8.074
17.920	R1	7.746	7.746	7.259	8.203
17.960	R1	8.603	8.603	7.232	8.440
18.000	R1	12.912	12.912	7.265	8.754
18.040	R1	8.661	8.661	7.263	9.115
18.080	R1	11.165	11.165	7.256	9.503
18.120	R1	8.196	8.196	7.191	9.784
18.160	R1	6.863	6.863	7.059	9.926
18.200	R1	5.296	7.661	6.966	10.208
18.240	R1	4.948	9.900	6.988	10.571
18.280	R1	5.035	10.884	6.873	10.758
18.320	R1	6.731	14.156	6.717	10.851
18.360	R1	7.931	14.390	6.548	11.065
18.400	R1	5.210	12.472	6.317	11.158
18.440	R1	5.198	13.093	5.886	10.900
18.480	R1	4.964	11.899	5.666	10.864
18.520	R1	5.010	11.937	5.358	10.813
18.560	R1	5.202	12.686	5.212	11.025
18.600	R1	4.875	11.720	5.107	11.303
18.640	R1	4.658	10.707	5.109	11.460
18.680	R1	5.132	11.363	5.097	11.509
18.720	R1	4.361	12.038	5.113	11.551
18.760	R1	3.994	10.457	4.988	11.368
18.800	R1	4.300	7.749	4.813	11.210
18.840	R1	4.256	7.937	4.787	11.108
18.880	R1	4.995	10.158	4.806	11.121
18.920	R1	5.287	12.421	4.839	11.121
18.960	R1	4.765	12.426	4.855	11.122
19.000	R1	5.336	10.802	4.889	10.921
19.040	R1	4.700	10.885	4.965	10.769
19.080	R1	5.359	11.716	5.034	10.683
19.120	R1	4.235	10.509	5.124	10.545
19.160	R1	4.415	11.233	5.255	10.325
19.200	R1	4.691	10.431	5.340	10.086
19.240	R1	5.576	13.354	5.439	10.013
19.280	R1	5.629	11.889	5.501	10.057
19.320	R1	5.328	11.963	5.516	9.951
19.360	R1	5.884	8.659	5.628	9.759
19.400	R1	6.406	8.675	5.777	9.577
19.440	R1	6.029	8.998	5.918	9.528
19.480	R1	6.939	8.601	6.105	9.606
19.520	R1	6.982	7.627	6.385	9.644
19.560	R1	5.683	5.683	6.591	9.741
19.600	R1	6.289	6.289	6.881	9.753
19.640	R1	5.483	8.829	6.904	9.723
19.680	R1	5.300	8.035	7.002	9.504
19.720	R1	7.530	8.584	7.167	9.386
19.760	R1	7.736	8.783	7.403	9.289
19.800	R1	8.156	9.820	7.511	9.258
19.840	R1	8.440	12.450	7.687	9.321
19.880	R1	10.970	12.465	7.808	9.293
19.920	R1	8.347	12.442	7.859	9.261
19.960	R1	10.227	11.473	7.819	9.190
20.000	R1	5.151	9.839	7.908	9.279
20.040	R1	7.537	8.973	7.972	9.342
20.080	R1	8.929	9.523	8.030	9.233
20.120	R1	10.033	10.033	8.073	9.139
20.160	R1	8.047	8.047	7.995	9.009
20.200	R1	9.926	9.926	7.863	8.824
20.240	R1	8.448	8.448	7.769	8.648
20.280	R1	7.962	7.962	7.666	8.344
20.320	R1	6.190	6.190	7.452	8.055
20.360	R1	7.463	7.463	7.295	7.693
20.400	R1	7.565	7.565	7.123	7.459
20.440	R1	6.635	6.635	7.174	7.276
20.480	R1	6.161	6.161	7.159	7.189
20.520	R1	5.985	5.985	7.187	7.187
20.560	R1	5.081	5.081	7.174	7.174
20.600	R1	6.294	6.294	7.227	7.396
20.640	R1	6.370	6.370	7.291	7.577
20.680	R1	6.686	6.686	7.633	7.946
20.720	R1	5.210	5.210	7.811	8.301
20.760	R1	6.786	6.786	7.944	8.473
20.800	R1	6.179	6.179	7.875	8.592
20.840	R1	7.230	7.230	7.794	8.620
20.880	R1	9.497	9.497	8.078	8.986
20.920	R1	9.775	9.775	8.361	9.466
20.960	R1	9.088	12.467	8.664	9.897
21.000	R1	11.205	13.559	9.080	10.438
21.040	R1	15.297	15.828	9.236	10.905
21.080	R1	11.514	15.052	9.575	11.591
21.120	R1	8.865	9.630	10.029	12.226
21.160	R1	6.086	9.853	10.444	12.894
21.200	R1	5.928	8.114	11.130	13.580
21.240	R1	12.323	13.957	11.858	14.309
21.280	R1	11.828	15.758	12.508	15.152
21.320	R1	12.033	14.611	12.543	15.350
21.360	R1	13.400	15.897	12.387	15.335
21.400	R1	9.424	15.645	12.198	15.045
21.440	R1	13.148	20.087	11.880	14.609
21.480	R1	15.763	19.385	11.460	14.163
21.520	R1	13.507	18.574	11.135	13.807
21.560	R1	20.504	20.504	10.898	13.771
21.600	R1	20.752	20.752	10.804	13.785
21.640	R1	20.217	24.086	10.740	13.893
21.680	R1	10.205	13.468	10.339	13.763
21.720	R1	6.657	9.467	9.987	13.489
21.760	R1	5.307	6.673	9.618	13.251
21.800	R1	4.844	4.844	9.156	12.784
21.840	R1	6.894	6.894	8.905	12.236
21.880	R1	5.016	7.949	8.471	11.460
21.920	R1	4.118	8.894	7.839	10.711
21.960	R1	4.209	10.144	7.287	10.082
22.000	R1	4.659	10.263	6.395	9.400
22.040	R1	4.302	11.358	5.484	8.711
22.080	R1	4.787	10.275	4.606	7.839
22.120	R1	4.639	9.866	4.226	7.595
22.160	R1	4.165	6.557	4.021	7.466
22.200	R1	4.404	4.688	3.879	7.395
22.240	R1	4.461	4.554	3.774	7.501
22.280	R1	3.125	4.405	3.565	7.512
22.320	R1	2.467	5.989	3.440	7.403
22.360	R1	2.673	6.871	3.370	7.241
22.400	R1	2.531	6.979	3.282	7.113
22.440	R1	2.660	6.642	3.176	6.917
22.480	R1	2.602	8.586	3.084	6.728
22.520	R1	2.549	6.895	2.971	6.607
22.560	R1	2.473	5.243	2.864	6.536
22.600	R1	2.748	6.968	2.777	6.557
22.640	R1	2.717	7.117	2.683	6.658
22.680	R1	2.520	5.774	2.581	6.839
22.720	R1	2.707	5.648	2.551	7.052
22.760	R1	2.456	7.581	2.556	7.165
22.800	R1	2.526	6.336	2.549	7.232
22.840	R1	2.463	7.591	2.550	7.216
22.880	R1	2.536	7.850	2.539	7.293
22.920	R1	2.489	8.439	2.545	7.276
22.960	R1	2.428	6.985	2.542	7.362
23.000	R1	2.534	6.700	2.545	7.467
23.040	R1	2.412	8.187	2.537	7.505
23.080	R1	2.525	8.667	2.527	7.556
23.120	R1	2.574	8.252	2.528	7.586
23.160	R1	2.527	8.193	2.516	7.653
23.200	R1	2.552	6.669	2.521	7.623
23.240	R1	2.442	8.174	2.515	7.699
23.280	R1	2.716	8.257	2.513	7.707
23.320	R1	2.505	8.601	2.514	7.664
23.360	R1	2.526	7.345	2.515	7.554
23.400	R1	2.591	7.745	2.519	7.542
23.440	R1	2.508	8.135	2.519	7.546
23.480	R1	2.540	6.369	2.521	7.466
23.520	R1	2.474	6.986	2.522	7.428
23.560	R1	2.557	6.985	2.520	7.357
23.600	R1	2.407	7.844	2.524	7.281
23.640	R1	2.409	7.760	2.519	7.329
23.680	R1	2.556	6.989	2.522	7.291
23.720	R1	2.510	6.245	2.516	7.300
23.760	R1	2.526	6.747	2.515	7.218
23.800	R1	2.521	6.766	2.517	7.213
23.840	R1	2.458	6.596	2.511	7.168
23.880	R1	2.550	7.893	2.524	7.077
23.920	R1	2.532	6.850	2.520	7.097
23.960	R1	2.605	6.659	2.520	7.113
24.000	R1	2.443	7.643	2.522	7.159
24.040	R1	2.499	7.411	2.521	7.128
24.080	R1	2.605	8.433	2.525	7.099
24.120	R1	2.480	6.958	2.526	7.111
24.160	R1	2.575	7.253	2.524	7.173
24.200	R1	2.459	6.839	2.530	7.167
24.240	R1	2.766	6.315	2.539	7.177
24.280	R1	2.467	6.774	2.550	7.235
24.320	R1	2.485	7.303	2.550	7.197
24.360	R1	2.587	7.900	2.549	7.152
24.400	R1	2.397	7.216	2.542	7.144
24.440	R1	2.486	7.187	2.547	7.104
24.480	R1	2.574	7.224	2.554	7.132
24.520	R1	2.468	7.500	2.550	7.071
24.560	R1	2.647	6.622	2.553	7.151
24.600	R1	2.706	6.965	2.545	7.121
24.640	R1	2.663	7.748	2.552	7.158
24.680	R1	2.551	7.138	2.548	7.226
24.720	R1	2.517	5.958	2.545	7.244
24.760	R1	2.466	6.496	2.552	7.275
24.800	R1	2.541	6.847	2.546	7.297
24.840	R1	2.632	7.967	2.556	7.320
24.880	R1	2.530	7.203	2.559	7.300
24.920	R1	2.545	8.565	2.551	7.163
24.960	R1	2.404	6.655	2.549	7.129
25.000	R1	2.612	7.580	2.539	7.158
25.040	R1	2.689	7.665	2.527	7.163
25.080	R1	2.406	7.145	2.532	7.169
25.120	R1	2.627	7.913	2.537	7.149
25.160	R1	2.449	8.341	2.542	7.218
25.200	R1	2.613	7.685	2.545	7.264
25.240	R1	2.548	6.786	2.547	7.289
25.280	R1	2.416	4.490	2.542	7.236
25.320	R1	2.417	6.803	2.546	7.303
25.360	R1	2.454	7.204	2.544	7.291
25.400	R1	2.461	7.074	2.546	7.274
25.440	R1	2.762	7.857	2.547	7.254
25.480	R1	2.660	6.754	2.535	7.292
25.520	R1	2.600	7.338	2.549	7.332
25.560	R1	2.525	7.407	2.544	7.308
25.600	R1	2.589	7.346	2.545	7.220
25.640	R1	2.541	6.901	2.538	7.198
25.680	R1	2.598	8.547	2.548	7.212
25.720	R1	2.514	8.336	2.549	7.408
25.760	R1	2.444	6.313	2.548	7.405
25.800	R1	2.623	7.184	2.562	7.414
25.840	R1	2.448	8.420	2.567	7.434
25.880	R1	2.696	7.935	2.557	7.414
25.920	R1	2.513	7.442	2.550	7.467
25.960	R1	2.478	6.586	2.547	7.515
26.000	R1	2.482	7.238	2.557	7.569
26.040	R1	2.734	7.058	2.555	7.577
26.080	R1	2.432	8.417	2.552	7.585
26.120	R1	2.414	6.751	2.548	7.501
26.160	R1	2.728	7.380	2.552	7.404
26.200	R1	2.554	7.472	2.557	7.329
26.240	R1	2.565	7.455	2.548	7.293
26.280	R1	2.519	7.818	2.553	7.234
26.320	R1	2.548	8.301	2.551	7.173
26.360	R1	2.723	8.473	2.550	7.196
26.400	R1	2.547	7.514	2.550	7.277
26.440	R1	2.488	7.062	2.550	7.213
26.480	R1	2.509	6.857	2.550	7.109
26.520	R1	2.591	6.394	2.553	6.994
26.560	R1	2.546	4.832	2.564	6.919
26.600	R1	2.437	6.451	2.552	6.833
26.640	R1	2.564	7.249	2.550	6.797
26.680	R1	2.653	6.710	2.553	6.869
26.720	R1	2.485	7.892	2.556	6.898
26.760	R1	2.474	8.217	2.558	6.806
26.800	R1	2.486	5.951	2.550	6.721
26.840	R1	2.738	4.980	2.548	6.729
26.880	R1	2.484	6.122	2.558	6.731
26.920	R1	2.643	5.248	2.560	6.789
26.960	R1	2.493	5.660	2.553	6.865
27.000	R1	2.513	6.763	2.552	7.010
27.040	R1	2.615	8.890	2.560	7.017
27.080	R1	2.587	8.394	2.556	7.057
27.120	R1	2.592	6.453	2.546	7.080
27.160	R1	2.554	6.786	2.553	7.066
27.200	R1	2.502	7.660	2.557	6.980
27.240	R1	2.687	7.119	2.557	7.052
27.280	R1	2.558	8.016	2.546	7.154
27.320	R1	2.440	7.903	2.559	7.227
27.360	R1	2.541	7.739	2.552	7.353
27.400	R1	2.592	6.585	2.549	7.323
27.440	R1	2.484	8.053	2.552	7.213
27.480	R1	2.450	7.174	2.542	7.015
27.520	R1	2.624	7.602	2.555	6.942
27.560	R1	2.549	6.507	2.553	6.964
27.600	R1	2.498	7.385	2.556	7.061
27.640	R1	2.522	7.018	2.557	7.108
27.680	R1	2.735	7.593	2.547	7.111
27.720	R1	2.506	7.764	2.544	7.122
27.760	R1	2.426	5.047	2.547	7.062
27.800	R1	2.570	4.575	2.549	7.020
27.840	R1	2.428	4.935	2.548	7.092
27.880	R1	2.834	6.927	2.551	7.099
27.920	R1	2.561	6.886	2.553	7.072
27.960	R1	2.604	8.738	2.554	7.109
28.000	R1	2.538	8.589	2.544	7.120
28.040	R1	2.474	7.174	2.547	7.076
28.080	R1	2.503	8.238	2.552	7.059
28.120	R1	2.493	6.710	2.545	7.067
28.160	R1	2.590	6.904	2.541	7.070
28.200	R1	2.562	8.022	2.555	7.241
28.240	R1	2.550	8.186	2.563	7.463
28.280	R1	2.499	6.645	2.574	7.653
28.320	R1	2.639	8.328	2.567	7.747
28.360	R1	2.342	6.729	2.565	7.819
28.400	R1	2.568	6.510	2.566	7.755
28.440	R1	2.619	6.690	2.560	7.652
28.480	R1	2.591	7.738	2.563	7.659
28.520	R1	2.431	7.839	2.568	7.612
28.560	R1	2.699	8.460	2.579	7.663
28.600	R1	2.732	9.003	2.571	7.693
28.640	R1	2.654	8.750	2.588	7.687
28.680	R1	2.692	8.806	2.583	7.657
28.720	R1	2.509	8.312	2.581	7.749
28.760	R1	2.632	7.465	2.585	7.740
28.800	R1	2.413	6.541	2.595	7.757
28.840	R1	2.538	7.300	2.598	7.840
28.880	R1	2.612	7.299	2.589	7.920
28.920	R1	2.703	7.729	2.590	7.881
28.960	R1	2.441	7.513	2.597	7.785
29.000	R1	2.897	7.903	2.592	7.730
29.040	R1	2.436	7.574	2.585	7.628
29.080	R1	2.460	8.497	2.581	7.601
29.120	R1	2.730	8.134	2.575	7.524
29.160	R1	2.531	7.084	2.574	7.506
29.200	R1	2.642	8.163	2.565	7.494
29.240	R1	2.445	8.290	2.573	7.530
29.280	R1	2.593	6.967	2.569	7.467
29.320	R1	2.589	5.909	2.565	7.364
29.360	R1	2.595	7.353	2.553	7.290
29.400	R1	2.584	6.966	2.563	7.279
29.440	R1	2.575	8.224	2.540	7.233
29.480	R1	2.584	7.248	2.538	7.286
29.520	R1	2.481	7.956	2.544	7.315
29.560	R1	2.451	7.237	2.537	7.307
29.600	R1	2.580	7.246	2.533	7.284
29.640	R1	2.449	6.045	2.527	7.311
29.680	R1	2.529	5.232	2.528	7.293
29.720	R1	2.474	6.257	2.533	7.363
29.760	R1	2.627	7.297	2.531	7.475
29.800	R1	2.451	6.981	2.530	7.450
29.840	R1	2.387	8.643	2.526	7.490
29.880	R1	2.574	9.075	2.526	7.429
29.920	R1	2.608	7.974	2.523	7.359
29.960	R1	2.446	6.617	2.525	7.296
30.000	R1	2.523	8.702	2.533	7.208
30.040	R1	2.468	7.932	2.529	7.200
30.080	R1	2.677	8.365	2.535	7.287
30.120	R1	2.549	8.157	2.534	7.437
30.160	R1	2.585	6.850	2.530	7.437
30.200	R1	2.506	7.765	2.520	7.480
30.240	R1	2.566	6.993	2.518	7.478
30.280	R1	2.533	5.856	2.533	7.379
30.320	R1	2.509	6.699	2.532	7.285
30.360	R1	2.624	5.473	2.524	7.243
30.400	R1	2.497	7.078	2.529	7.256
30.440	R1	2.568	7.788	2.526	7.134
30.480	R1	2.503	8.230	2.528	7.115
30.520	R1	2.399	6.263	2.523	7.051
30.560	R1	2.425	8.150	2.528	7.020
30.600	R1	2.417	6.956	2.521	7.112
30.640	R1	2.690	6.650	2.523	7.015
30.680	R1	2.543	7.203	2.524	7.090
30.720	R1	2.462	7.137	2.526	7.122
30.760	R1	2.546	6.872	2.530	7.177
30.800	R1	2.463	6.259	2.523	7.157
30.840	R1	2.495	7.565	2.518	7.053
30.880	R1	2.587	7.082	2.505	7.068
30.920	R1	2.653	7.538	2.514	7.075
30.960	R1	2.442	8.683	2.517	7.151
31.000	R1	2.546	5.820	2.515	7.131
31.040	R1	2.579	8.499	2.525	7.090
31.080	R1	2.575	6.493	2.521	7.089
31.120	R1	2.579	7.805	2.520	7.005
31.160	R1	2.501	5.060	2.522	6.921
31.200	R1	2.398	4.999	2.524	6.966
31.240	R1	2.295	8.095	2.522	6.930
31.280	R1	2.692	8.368	2.519	6.813
31.320	R1	2.459	7.781	2.512	6.760
31.360	R1	2.387	7.764	2.504	6.651
31.400	R1	2.605	6.136	2.506	6.529
31.440	R1	2.608	6.616	2.507	6.532
31.480	R1	2.525	5.531	2.504	6.379
31.520	R1	2.516	5.460	2.505	6.376
31.560	R1	2.578	7.766	2.501	6.416
31.600	R1	2.414	5.533	2.534	6.570
31.640	R1	2.453	5.232	2.548	6.673
31.680	R1	2.438	6.022	2.563	6.677
31.720	R1	2.498	5.363	2.555	6.565
31.760	R1	2.482	6.237	2.562	6.508
31.800	R1	2.550	5.885	2.569	6.522
31.840	R1	2.538	5.432	2.568	6.626
31.880	R1	2.586	6.428	2.569	6.672
31.920	R1	2.500	8.606	2.568	6.761
31.960	R1	3.154	8.151	2.575	6.884
32.000	R1	2.689	7.051	2.566	6.855
32.040	R1	2.584	8.177	2.579	6.952
32.080	R1	2.537	6.134	2.575	7.058
32.120	R1	2.596	6.645	2.590	7.143
32.160	R1	2.535	8.045	2.595	7.261
32.200	R1	2.584	8.208	2.601	7.330
32.240	R1	2.628	7.535	2.605	7.405
32.280	R1	2.506	7.321	2.602	7.523
32.320	R1	2.651	7.915	2.590	7.564
32.360	R1	2.399	7.183	2.589	7.514
32.400	R1	2.662	7.472	2.564	7.510
32.440	R1	2.384	7.342	2.561	7.497
32.480	R1	2.742	7.735	2.554	7.450
32.520	R1	2.595	7.716	2.551	7.502
32.560	R1	2.606	7.611	2.538	7.561
32.600	R1	2.618	7.391	2.544	7.568
32.640	R1	2.492	7.801	2.537	7.530
32.680	R1	2.339	7.235	2.532	7.477
32.720	R1	2.471	7.620	2.531	7.346
32.760	R1	2.659	8.058	2.522	7.209
32.800	R1	2.631	6.801	2.526	7.193
32.840	R1	2.441	7.224	2.515	7.123
32.880	R1	2.473	7.174	2.524	7.075
32.920	R1	2.348	7.832	2.525	7.100
32.960	R1	2.642	8.176	2.514	7.025
33.000	R1	2.461	7.449	2.514	7.065
33.040	R1	2.529	6.477	2.521	7.111
33.080	R1	2.470	4.703	2.542	7.118
33.120	R1	2.473	5.182	2.551	7.187
33.160	R1	2.487	6.850	2.555	7.215
33.200	R1	2.440	6.083	2.543	7.139
33.240	R1	2.563	6.373	2.540	7.164
33.280	R1	2.757	8.241	2.549	7.138
33.320	R1	2.383	6.222	2.568	7.190
33.360	R1	2.597	8.406	2.586	7.171
33.400	R1	2.769	8.310	2.584	7.086
33.440	R1	2.908	7.938	2.578	7.046
33.480	R1	2.513	8.620	2.572	7.110
33.520	R1	2.554	8.187	2.583	7.264
33.560	R1	2.413	6.524	2.583	7.374
33.600	R1	2.580	7.317	2.587	7.487
33.640	R1	2.614	6.694	2.590	7.545
33.680	R1	2.865	8.222	2.588	7.608
33.720	R1	2.704	7.446	2.577	7.626
33.760	R1	2.610	6.481	2.582	7.682
33.800	R1	2.336	6.646	2.584	7.638
33.840	R1	2.414	7.751	2.568	7.585
33.880	R1	2.678	7.780	2.545	7.605
33.920	R1	2.481	7.381	2.548	7.584
33.960	R1	2.565	9.108	2.546	7.554
34.000	R1	2.500	7.244	2.554	7.576
34.040	R1	2.528	7.648	2.552	7.599
34.080	R1	2.528	8.596	2.554	7.629
34.120	R1	2.481	7.336	2.540	7.656
34.160	R1	2.636	7.530	2.539	7.679
34.200	R1	2.454	7.246	2.540	7.652
34.240	R1	2.455	8.335	2.544	7.562
34.280	R1	2.564	8.214	2.548	7.485
34.320	R1	2.518	7.583	2.553	7.534
34.360	R1	2.580	6.964	2.552	7.542
34.400	R1	2.533	7.779	2.546	7.455
34.440	R1	2.643	7.292	2.556	7.442
34.480	R1	2.599	8.753	2.562	7.398
34.520	R1	2.688	7.919	2.574	7.347
34.560	R1	2.622	5.943	2.580	7.365
34.600	R1	2.415	4.830	2.571	7.399
34.640	R1	2.487	6.216	2.580	7.432
34.680	R1	2.782	8.760	2.580	7.457
34.720	R1	2.468	7.551	2.582	7.392
34.760	R1	2.448	7.363	2.583	7.364
34.800	R1	2.686	6.978	2.581	7.381
34.840	R1	2.652	6.767	2.576	7.300
34.880	R1	2.777	7.576	2.565	7.309
34.920	R1	2.593	7.704	2.565	7.247
34.960	R1	2.460	8.202	2.566	7.258
35.000	R1	2.632	7.904	2.558	7.370
35.040	R1	2.452	8.850	2.564	7.476
35.080	R1	2.605	6.903	2.568	7.537
35.120	R1	2.530	7.030	2.562	7.447
35.160	R1	2.551	7.306	2.568	7.385
35.200	R1	2.433	6.151	2.572	7.361
35.240	R1	2.420	7.478	2.566	7.376
35.280	R1	2.591	7.519	2.570	7.404
35.320	R1	2.715	8.126	2.553	7.413
35.360	R1	2.459	8.178	2.545	7.443
35.400	R1	2.540	6.951	2.548	7.453
35.440	R1	2.559	7.439	2.542	7.490
35.480	R1	2.664	6.961	2.553	7.471
35.520	R1	2.594	6.320	2.546	7.482
35.560	R1	2.521	6.881	2.551	7.556
35.600	R1	2.565	7.280	2.549	7.587
35.640	R1	2.739	7.316	2.550	7.657
35.680	R1	2.445	7.757	2.549	7.641
35.720	R1	2.435	8.301	2.546	7.633
35.760	R1	2.504	8.413	2.535	7.609
35.800	R1	2.518	8.640	2.526	7.642
35.840	R1	2.680	8.468	2.526	7.627
35.880	R1	2.466	7.126	2.532	7.588
35.920	R1	2.625	8.514	2.524	7.591
35.960	R1	2.500	7.918	2.527	7.643
36.000	R1	2.462	7.562	2.522	7.692
36.040	R1	2.396	7.139	2.514	7.737
36.080	R1	2.541	7.360	2.510	7.752
36.120	R1	2.495	7.663	2.518	7.725
36.160	R1	2.281	8.829	2.543	7.724
36.200	R1	2.528	6.654	2.537	7.700
36.240	R1	2.679	6.653	2.537	7.635
36.280	R1	2.514	7.021	2.522	7.639
36.320	R1	2.656	7.359	2.527	7.694
36.360	R1	2.414	7.856	2.515	7.586
36.400	R1	2.396	8.190	2.513	7.543
36.440	R1	2.655	7.604	2.508	7.513
36.480	R1	2.622	7.228	2.510	7.525
36.520	R1	2.925	8.275	2.505	7.463
36.560	R1	2.377	7.932	2.502	7.481
36.600	R1	2.525	7.337	2.519	7.468
36.640	R1	2.388	8.554	2.519	7.488
36.680	R1	2.554	8.227	2.522	7.510
36.720	R1	2.396	6.357	2.524	7.531
36.760	R1	2.465	7.059	2.514	7.556
36.800	R1	2.345	6.956	2.521	7.534
36.840	R1	2.437	7.375	2.529	7.466
36.880	R1	2.443	6.125	2.516	7.480
36.920	R1	2.435	8.024	2.508	7.465
36.960	R1	2.631	8.569	2.489	7.436
37.000	R1	2.517	7.049	2.506	7.397
37.040	R1	2.749	7.111	2.497	7.347
37.080	R1	2.543	7.433	2.510	7.314
37.120	R1	2.457	7.868	2.516	7.258
37.160	R1	2.551	7.410	2.529	7.329
37.200	R1	2.557	6.830	2.532	7.316
37.240	R1	2.400	7.882	2.545	7.282
37.280	R1	2.473	6.919	2.550	7.295
37.320	R1	2.526	7.707	2.555	7.307
37.360	R1	2.719	7.153	2.555	7.255
37.400	R1	2.359	6.332	2.548	7.141
37.440	R1	2.637	7.888	2.558	7.152
37.480	R1	2.680	7.116	2.548	7.201
37.520	R1	2.659	7.770	2.545	7.213
37.560	R1	2.526	6.801	2.545	7.164
37.600	R1	2.607	6.272	2.566	7.099
37.640	R1	2.523	7.633	2.572	7.093
37.680	R1	2.550	6.384	2.584	7.122
37.720	R1	2.447	6.979	2.585	7.209
37.760	R1	2.473	6.288	2.586	7.180
37.800	R1	2.725	7.267	2.576	7.219
37.840	R1	2.547	8.087	2.585	7.265
37.880	R1	2.489	7.673	2.581	7.253
37.920	R1	2.443	6.894	2.592	7.326
37.960	R1	2.985	6.103	2.591	7.391
38.000	R1	2.674	6.707	2.594	7.429
38.040	R1	2.631	8.461	2.584	7.428
38.080	R1	2.493	8.665	2.578	7.450
38.120	R1	2.560	7.128	2.583	7.508
38.160	R1	2.506	7.931	2.581	7.531
38.200	R1	2.553	7.246	2.585	7.557
38.240	R1	2.542	7.654	2.566	7.592
38.280	R1	2.917	8.583	2.568	7.552
38.320	R1	2.630	9.071	2.573	7.585
38.360	R1	2.577	7.552	2.577	7.602
38.400	R1	2.408	6.257	2.548	7.625
38.440	R1	2.414	8.079	2.546	7.519
38.480	R1	2.648	7.528	2.541	7.376
38.520	R1	2.416	7.445	2.542	7.241
38.560	R1	2.535	6.800	2.532	7.205
38.600	R1	2.344	7.972	2.534	7.089
38.640	R1	2.603	7.281	2.526	7.015
38.680	R1	2.586	8.348	2.524	6.929
38.720	R1	2.511	7.219	2.510	6.857
38.760	R1	2.411	6.575	2.508	6.755
38.800	R1	2.643	4.575	2.497	6.692
38.840	R1	2.526	5.600	2.506	6.659
38.880	R1	2.517	5.981	2.506	6.535
38.920	R1	2.362	6.396	2.499	6.442
38.960	R1	2.543	5.623	2.501	6.305
39.000	R1	2.389	5.763	2.500	6.228
39.040	R1	2.509	5.931	2.510	6.107
39.080	R1	2.634	7.135	2.511	6.122
39.120	R1	2.585	7.039	2.511	6.086
39.160	R1	2.355	6.295	2.514	6.098
39.200	R1	2.596	5.601	2.521	6.088
39.240	R1	2.414	5.585	2.520	6.141
39.280	R1	2.499	5.669	2.523	6.196
39.320	R1	2.454	4.711	2.528	6.219
39.360	R1	2.520	5.252	2.537	6.209
39.400	R1	2.541	5.559	2.537	6.283
39.440	R1	2.624	7.576	2.549	6.357
39.480	R1	2.590	7.632	2.543	6.418
39.520	R1	2.570	7.465	2.543	6.382
39.560	R1	2.546	6.381	2.543	6.405
39.600	R1	2.621	5.627	2.553	6.446
39.640	R1	2.584	6.696	2.549	6.417
39.680	R1	2.623	6.446	2.558	6.411
39.720	R1	2.540	6.194	2.560	6.402
39.760	R1	2.538	7.106	2.568	6.507
39.800	R1	2.637	7.239	2.560	6.610
39.840	R1	2.390	7.146	2.569	6.667
39.880	R1	2.637	6.425	2.567	6.680
39.920	R1	2.582	7.503	2.562	6.654
39.960	R1	2.561	7.100	2.570	6.640
40.000	R1	2.512	5.038	2.570	6.693
40.040	R1	2.586	5.465	2.561	6.779
40.080	R1	2.537	5.473	2.568	6.832
40.120	R1	2.614	6.812	2.562	6.774
40.160	R1	2.362	7.324	2.564	6.759
40.200	R1	2.721	6.686	2.567	6.695
40.240	R1	2.592	7.842	2.568	6.625
40.280	R1	2.499	7.118	2.574	6.606
40.320	R1	2.722	7.171	2.571	6.611
40.360	R1	2.543	7.454	2.571	6.536
40.400	R1	2.446	7.342	2.580	6.442
40.440	R1	2.712	7.755	2.580	6.553
40.480	R1	2.505	5.287	2.581	6.617
40.520	R1	2.596	5.895	2.582	6.691
40.560	R1	2.595	5.817	2.580	6.661
40.600	R1	2.652	5.849	2.590	6.677
40.640	R1	2.507	6.773	2.572	6.773
40.680	R1	2.574	6.520	2.564	6.753
40.720	R1	2.591	5.992	2.569	6.759
40.760	R1	2.733	5.233	2.566	6.730
40.800	R1	2.509	7.256	2.570	6.666
40.840	R1	2.606	6.740	2.574	6.605
40.880	R1	2.565	6.947	2.566	6.574
40.920	R1	2.580	6.211	2.568	6.635
40.960	R1	2.552	7.652	2.567	6.619
41.000	R1	2.371	8.615	2.565	6.692
41.040	R1	2.417	7.432	2.550	6.754
41.080	R1	2.602	7.236	2.545	6.757
41.120	R1	2.671	6.596	2.544	6.797
41.160	R1	2.622	6.165	2.540	6.889
41.200	R1	2.511	6.131	2.534	6.989
41.240	R1	2.565	7.142	2.547	6.970
41.280	R1	2.546	6.490	2.542	7.004
41.320	R1	2.565	5.582	2.546	7.013
41.360	R1	2.560	7.281	2.546	7.109
41.400	R1	2.362	7.090	2.536	7.098
41.440	R1	2.394	6.829	2.550	6.995
41.480	R1	2.553	7.323	2.557	6.993
41.520	R1	2.516	7.835	2.551	6.964
41.560	R1	2.614	7.236	2.532	6.945
41.600	R1	2.767	6.865	2.541	7.049
41.640	R1	2.508	7.419	2.543	7.148
41.680	R1	2.647	7.136	2.540	7.185
41.720	R1	2.575	8.118	2.543	7.208
41.760	R1	2.356	7.441	2.539	7.314
41.800	R1	2.641	6.557	2.539	7.314
41.840	R1	2.563	7.392	2.547	7.298
41.880	R1	2.489	6.647	2.551	7.322
41.920	R1	2.292	6.215	2.549	7.347
41.960	R1	2.790	8.257	2.548	7.399
42.000	R1	2.561	8.098	2.539	7.377
42.040	R1	2.498	7.885	2.536	7.390
42.080	R1	2.612	6.946	2.540	7.372
42.120	R1	2.472	7.710	2.540	7.347
42.160	R1	2.563	7.274	2.543	7.331
42.200	R1	2.522	6.772	2.553	7.269
42.240	R1	2.487	7.320	2.544	7.335
42.280	R1	2.511	7.814	2.552	7.337
42.320	R1	2.484	8.874	2.558	7.429
42.360	R1	2.448	6.794	2.573	7.510
42.400	R1	2.706	7.128	2.555	7.492
42.440	R1	2.576	7.065	2.552	7.448
42.480	R1	2.661	6.635	2.547	7.363
42.520	R1	2.624	7.800	2.551	7.416
42.560	R1	2.561	6.194	2.568	7.388
42.600	R1	2.469	7.871	2.580	7.455
42.640	R1	2.718	7.431	2.583	7.496
42.680	R1	2.614	8.497	2.580	7.540
42.720	R1	2.587	7.836	2.588	7.573
42.760	R1	2.424	7.889	2.576	7.467
42.800	R1	2.512	7.229	2.579	7.510
42.840	R1	2.388	6.187	2.583	7.603
42.880	R1	2.694	7.992	2.589	7.628
42.920	R1	2.816	7.162	2.584	7.678
42.960	R1	2.806	8.601	2.581	7.578
43.000	R1	2.577	7.594	2.589	7.568
43.040	R1	2.422	8.212	2.597	7.536
43.080	R1	2.671	8.479	2.587	7.505
43.120	R1	2.255	6.744	2.593	7.475
43.160	R1	2.499	7.659	2.583	7.452
43.200	R1	2.790	8.983	2.584	7.419
43.240	R1	2.694	7.567	2.581	7.478
43.280	R1	2.556	7.638	2.590	7.525
43.320	R1	2.576	5.805	2.577	7.465
43.360	R1	2.712	5.980	2.564	7.472
43.400	R1	2.619	7.244	2.552	7.351
43.440	R1	2.535	6.806	2.544	7.267
43.480	R1	2.718	7.893	2.549	7.249
43.520	R1	2.389	7.377	2.542	7.184
43.560	R1	2.445	7.232	2.555	7.273
43.600	R1	2.457	8.397	2.557	7.242
43.640	R1	2.576	7.129	2.539	7.218
43.680	R1	2.427	6.805	2.527	7.185
43.720	R1	2.565	7.286	2.520	7.249
43.760	R1	2.565	6.188	2.514	7.354
43.800	R1	2.403	5.920	2.507	7.430
43.840	R1	2.527	7.844	2.503	7.379
43.880	R1	2.540	7.180	2.501	7.362
43.920	R1	2.502	8.534	2.489	7.378
43.960	R1	2.542	7.034	2.493	7.381
44.000	R1	2.426	8.498	2.500	7.436
44.040	R1	2.458	6.904	2.505	7.411
44.080	R1	2.412	8.932	2.516	7.486
44.120	R1	2.461	7.898	2.531	7.492
44.160	R1	2.565	7.497	2.527	7.526
44.200	R1	2.540	6.221	2.522	7.563
44.240	R1	2.498	6.479	2.535	7.625
44.280	R1	2.483	8.200	2.532	7.615
44.320	R1	2.475	7.439	2.526	7.644
44.360	R1	2.584	8.345	2.527	7.560
44.400	R1	2.556	7.892	2.523	7.549
44.440	R1	2.790	8.614	2.525	7.467
44.480	R1	2.720	6.930	2.522	7.463
44.520	R1	2.502	7.976	2.528	7.394
44.560	R1	2.447	6.913	2.532	7.329
44.600	R1	2.665	7.166	2.532	7.353
44.640	R1	2.474	7.652	2.541	7.398
44.680	R1	2.424	7.754	2.540	7.303
44.720	R1	2.511	6.865	2.551	7.125
44.760	R1	2.477	6.806	2.561	6.993
44.800	R1	2.459	6.862	2.561	6.847
44.840	R1	2.403	6.819	2.565	6.719
44.880	R1	2.534	7.553	2.555	6.685
44.920	R1	2.530	6.602	2.544	6.702
44.960	R1	2.574	7.964	2.541	6.629
45.000	R1	2.713	7.139	2.546	6.604
45.040	R1	2.469	4.571	2.538	6.581
45.080	R1	2.706	4.639	2.544	6.561
45.120	R1	2.678	4.805	2.550	6.543
45.160	R1	2.594	5.412	2.544	6.544
45.200	R1	2.624	5.332	2.545	6.568
45.240	R1	2.606	7.942	2.549	6.582
45.280	R1	2.485	7.272	2.560	6.590
45.320	R1	2.453	6.513	2.562	6.550
45.360	R1	2.550	6.419	2.560	6.596
45.400	R1	2.498	6.701	2.554	6.543
45.440	R1	2.590	7.253	2.544	6.549
45.480	R1	2.548	7.389	2.543	6.710
45.520	R1	2.391	6.888	2.544	6.830
45.560	R1	2.504	7.279	2.535	6.977
45.600	R1	2.534	7.155	2.523	7.023
45.640	R1	2.612	6.962	2.512	7.108
45.680	R1	2.578	6.766	2.505	7.057
45.720	R1	2.497	7.517	2.514	7.029
45.760	R1	2.450	6.900	2.519	7.069
45.800	R1	2.506	7.265	2.516	7.133
45.840	R1	2.460	7.800	2.515	7.221
45.880	R1	2.720	7.037	2.509	7.087
45.920	R1	2.498	7.732	2.510	7.093
45.960	R1	2.355	6.340	2.515	7.144
46.000	R1	2.410	7.026	2.519	7.219
46.040	R1	2.467	6.928	2.523	7.297
46.080	R1	2.668	6.718	2.517	7.330
46.120	R1	2.540	7.312	2.516	7.398
46.160	R1	2.499	7.700	2.517	7.292
46.200	R1	2.479	8.447	2.526	7.288
46.240	R1	2.454	4.588	2.521	7.258
46.280	R1	2.580	7.511	2.516	7.271
46.320	R1	2.483	7.893	2.503	7.264
46.360	R1	2.594	8.784	2.506	7.231
46.400	R1	2.613	8.710	2.530	7.386
46.440	R1	2.485	7.637	2.538	7.480
46.480	R1	2.563	8.112	2.540	7.549
46.520	R1	2.524	5.401	2.536	7.587
46.560	R1	2.617	6.819	2.541	7.648
46.600	R1	2.417	6.671	2.545	7.636
46.640	R1	2.360	8.051	2.549	7.592
46.680	R1	2.444	6.899	2.557	7.749
46.720	R1	2.573	7.076	2.551	7.779
46.760	R1	2.824	9.440	2.548	7.740
46.800	R1	2.581	8.913	2.551	7.618
46.840	R1	2.508	8.306	2.537	7.527
46.880	R1	2.591	7.473	2.536	7.567
46.920	R1	2.631	8.537	2.529	7.580
46.960	R1	2.572	7.443	2.524	7.753
47.000	R1	2.563	7.571	2.521	7.741
47.040	R1	2.618	7.741	2.531	7.737
47.080	R1	2.460	8.103	2.528	7.718
47.120	R1	2.428	7.109	2.540	7.732
47.160	R1	2.645	6.348	2.535	7.683
47.200	R1	2.346	6.898	2.522	7.562
47.240	R1	2.454	8.423	2.521	7.461
47.280	R1	2.425	8.380	2.522	7.471
47.320	R1	2.425	8.855	2.516	7.428
47.360	R1	2.556	6.591	2.510	7.428
47.400	R1	2.616	6.588	2.505	7.442
47.440	R1	2.295	7.658	2.499	7.473
47.480	R1	2.698	7.187	2.500	7.416
47.520	R1	2.456	6.085	2.503	7.413
47.560	R1	2.579	7.031	2.505	7.396
47.600	R1	2.552	6.900	2.494	7.504
47.640	R1	2.524	8.487	2.495	7.522
47.680	R1	2.480	6.626	2.489	7.421
47.720	R1	2.505	8.535	2.496	7.375
47.760	R1	2.466	7.723	2.499	7.293
47.800	R1	2.452	8.197	2.503	7.357
47.840	R1	2.634	6.584	2.495	7.301
47.880	R1	2.515	8.049	2.503	7.186
47.920	R1	2.471	6.770	2.495	7.100
47.960	R1	2.434	8.515	2.498	7.095
48.000	R1	2.366	7.263	2.491	7.001
48.040	R1	2.324	6.399	2.484	6.899
48.080	R1	2.570	7.464	2.484	6.844
48.120	R1	2.483	7.213	2.481	6.913
48.160	R1	2.632	7.871	2.485	6.869
48.200	R1	2.461	5.459	2.485	6.821
48.240	R1	2.463	5.354	2.491	6.750
48.280	R1	2.527	5.483	2.491	6.798
48.320	R1	2.520	5.974	2.494	6.765
48.360	R1	2.447	5.152	2.497	6.747
48.400	R1	2.405	4.867	2.505	6.708
48.440	R1	2.530	7.375	2.518	6.672
48.480	R1	2.417	8.023	2.534	6.720
48.520	R1	2.584	7.639	2.532	6.717
48.560	R1	2.467	6.768	2.532	6.671
48.600	R1	2.560	6.773	2.525	6.609
48.640	R1	2.636	7.549	2.520	6.646
48.680	R1	2.583	7.382	2.526	6.746
48.720	R1	2.531	6.419	2.540	6.853
48.760	R1	2.598	7.740	2.530	6.928
48.800	R1	2.625	6.541	2.539	7.060
48.840	R1	2.642	7.363	2.545	7.257
48.880	R1	2.537	7.406	2.543	7.209
48.920	R1	2.467	6.291	2.543	7.166
48.960	R1	2.493	6.626	2.535	7.150
49.000	R1	2.359	6.191	2.538	7.179
49.040	R1	2.591	7.355	2.538	7.195
49.080	R1	2.799	7.633	2.529	7.172
49.120	R1	2.328	7.469	2.527	7.158
49.160	R1	2.630	7.785	2.529	7.172
49.200	R1	2.528	8.804	2.528	7.043
49.240	R1	2.488	6.423	2.513	6.948
49.280	R1	2.418	7.163	2.505	6.954
49.320	R1	2.414	7.318	2.509	6.982
49.360	R1	2.527	7.344	2.516	7.034
49.400	R1	2.569	7.102	2.518	7.098
49.440	R1	2.453	7.082	2.526	7.188
49.480	R1	2.548	7.113	2.519	7.221
49.520	R1	2.565	6.688	2.506	7.244
49.560	R1	2.573	5.169	2.508	7.273
49.600	R1	2.330	4.629	2.514	7.343
49.640	R1	2.475	7.487	2.521	7.303
49.680	R1	2.624	7.972	2.520	7.221
49.720	R1	2.604	7.323	2.546	7.146
49.760	R1	2.533	7.902	2.555	7.025
49.800	R1	2.518	7.994	2.551	6.932
49.840	R1	2.458	8.010	2.552	6.817
49.880	R1	2.532	8.110	2.553	6.710
49.920	R1	2.372	8.041	2.571	6.529
49.960	R1	2.741	9.194	2.575	6.465
50.000	R1	2.681	8.000	2.567	6.479
50.040	R1	2.471	4.776	2.574	6.508
50.080	R1	2.923	5.657	2.575	6.412
50.120	R1	2.593	4.905	2.584	6.276
50.160	R1	2.447	5.495	2.580	6.193
50.200	R1	2.591	4.786	2.580	6.045
50.240	R1	2.479	4.944	2.581	5.874
50.280	R1	2.902	3.503	2.584	5.742
50.320	R1	2.650	5.401	2.582	5.561
50.360	R1	2.423	5.456	2.587	5.413
50.400	R1	2.467	5.210	2.577	5.187
50.440	R1	2.491	5.565	2.578	5.030
50.480	R1	2.794	5.251	2.580	5.067
50.520	R1	2.525	5.659	2.555	5.062
50.560	R1	2.538	4.936	2.550	5.060
50.600	R1	2.543	4.584	2.548	5.073
50.640	R1	2.507	5.370	2.546	5.086
50.680	R1	2.501	4.483	2.558	5.081
50.720	R1	2.462	5.079	2.537	5.170
50.760	R1	2.546	4.689	2.530	5.103
50.800	R1	2.713	4.858	2.529	5.078
50.840	R1	2.496	5.506	2.530	5.054
50.880	R1	2.430	5.563	2.530	5.042
50.920	R1	2.489	4.858	2.516	5.010
50.960	R1	2.408	5.755	2.513	4.963
51.000	R1	2.559	5.053	2.509	4.939
51.040	R1	2.721	4.835	2.509	4.933
51.080	R1	2.467	5.296	2.504	4.908
51.120	R1	2.523	4.055	2.499	4.916
51.160	R1	2.405	4.961	2.498	4.930
51.200	R1	2.489	4.733	2.489	4.934
51.240	R1	2.483	5.311	2.478	4.929
51.280	R1	2.509	4.615	2.471	4.905
51.320	R1	2.476	4.720	2.471	4.876
51.360	R1	2.450	4.451	2.466	4.905
51.400	R1	2.542	4.478	2.464	4.860
51.440	R1	2.408	4.862	2.456	4.860
51.480	R1	2.403	4.638	2.436	4.901
51.520	R1	2.435	5.365	2.431	4.892
51.560	R1	2.383	4.768	2.429	4.928
51.600	R1	2.475	4.749	2.429	4.945
51.640	R1	2.368	5.026	2.426	4.987
51.680	R1	2.432	4.985	2.423	4.948
51.720	R1	2.380	5.439	2.417	4.973
51.760	R1	2.378	4.867	2.412	4.960
51.800	R1	2.385	5.042	2.406	4.957
51.840	R1	2.327	5.656	2.397	5.005
51.880	R1	2.375	5.127	2.397	5.009
51.920	R1	2.473	4.770	2.385	4.886
51.960	R1	2.398	5.300	2.375	4.737
52.000	R1	2.432	5.568	2.378	4.621
52.040	R1	2.422	4.536	2.376	4.516
52.080	R1	2.400	5.123	2.379	4.387
52.120	R1	2.377	4.445	2.355	4.235
52.160	R1	2.334	4.397	2.354	4.095
52.200	R1	2.352	5.428	2.353	3.978
52.240	R1	2.401	4.947	2.351	3.847
52.280	R1	2.176	2.176	2.365	3.701
52.320	R1	2.240	2.399	2.343	3.541
52.360	R1	2.429	2.431	2.328	3.412
52.400	R1	2.434	2.661	2.320	3.259
52.440	R1	2.440	2.440	2.314	3.116
52.480	R1	1.951	1.951	2.291	2.987
52.520	R1	2.346	2.627	2.278	2.838
52.560	R1	2.377	2.544	2.264	2.721
52.600	R1	2.333	2.422	2.274	2.631
52.640	R1	2.603	2.725	2.263	2.467
52.680	R1	1.932	1.932	2.265	2.347
52.720	R1	2.178	2.178	2.259	2.341
52.760	R1	2.241	2.241	2.264	2.358
52.800	R1	2.312	2.712	2.264	2.372
52.840	R1	1.963	1.963	2.264	2.361
52.880	R1	2.149	2.149	2.262	2.377
52.920	R1	2.097	2.097	2.276	2.391
52.960	R1	2.518	2.604	2.276	2.394
53.000	R1	2.141	2.141	2.275	2.391
53.040	R1	2.439	2.546	2.274	2.398
53.080	R1	2.054	2.054	2.269	2.406
53.120	R1	2.343	2.743	2.299	2.443
53.160	R1	2.432	2.717	2.312	2.462
53.200	R1	2.432	2.435	2.321	2.472
53.240	R1	2.396	2.768	2.304	2.434
53.280	R1	2.222	2.222	2.304	2.434
53.320	R1	2.352	2.682	2.317	2.448
53.360	R1	2.360	2.485	2.332	2.480
53.400	R1	2.314	2.565	2.325	2.476
53.440	R1	2.500	2.885	2.339	2.489
53.480	R1	2.538	2.681	2.339	2.491
53.520	R1	2.435	2.556	2.331	2.483
53.560	R1	2.429	2.429	2.331	2.469
53.600	R1	1.959	1.959	2.340	2.476
53.640	R1	1.973	1.973	2.313	2.449
53.680	R1	2.403	2.420	2.298	2.415
53.720	R1	2.406	2.732	2.305	2.437
53.760	R1	2.372	2.519	2.313	2.451
53.800	R1	2.413	2.413	2.314	2.449
53.840	R1	2.446	2.578	2.314	2.452
53.880	R1	1.889	1.889	2.308	2.426
53.920	R1	2.353	2.464	2.286	2.397
53.960	R1	2.600	2.860	2.289	2.405
54.000	R1	1.897	1.897	2.288	2.420
54.040	R1	2.090	2.090	2.301	2.433
54.080	R1	2.379	2.670	2.311	2.442
54.120	R1	2.507	2.949	2.316	2.448
54.160	R1	2.382	2.451	2.314	2.440
54.200	R1	2.312	2.617	2.293	2.411
54.240	R1	2.374	2.374	2.275	2.393
54.280	R1	2.101	2.101	2.261	2.373
54.320	R1	2.495	2.703	2.290	2.418
54.360	R1	2.411	2.730	2.285	2.407
54.400	R1	2.225	2.225	2.251	2.360
54.440	R1	2.158	2.158	2.278	2.399
54.480	R1	2.520	2.540	2.292	2.413
54.520	R1	2.366	2.566	2.292	2.401
54.560	R1	1.937	1.937	2.289	2.384
54.600	R1	2.054	2.054	2.285	2.376
54.640	R1	2.181	2.181	2.291	2.376
54.680	R1	2.455	2.790	2.293	2.381
54.720	R1	2.254	2.254	2.303	2.391
54.760	R1	1.916	1.916	2.297	2.381
54.800	R1	2.438	2.667	2.296	2.371
54.840	R1	2.372	2.372	2.301	2.386
54.880	R1	2.377	2.445	2.312	2.412
54.920	R1	2.448	2.596	2.305	2.409
54.960	R1	2.301	2.301	2.301	2.421
55.000	R1	2.437	2.603	2.310	2.430
55.040	R1	2.415	2.478	2.328	2.448
55.080	R1	2.305	2.305	2.341	2.460
55.120	R1	2.379	2.502	2.342	2.452
55.160	R1	2.388	2.538	2.349	2.462
55.200	R1	2.316	2.526	2.377	2.503
55.240	R1	2.386	2.669	2.375	2.498
55.280	R1	2.374	2.490	2.377	2.500
55.320	R1	2.290	2.790	2.374	2.510
55.360	R1	2.113	2.113	2.375	2.510
55.400	R1	2.416	2.416	2.375	2.510
55.440	R1	2.435	2.435	2.377	2.529
55.480	R1	2.474	2.616	2.364	2.513
55.520	R1	2.401	2.454	2.374	2.524
55.560	R1	2.469	2.738	2.342	2.486
55.600	R1	2.394	2.569	2.343	2.481
55.640	R1	2.417	2.417	2.332	2.460
55.680	R1	2.331	2.639	2.331	2.451
55.720	R1	2.468	2.605	2.330	2.460
55.760	R1	2.291	2.291	2.340	2.450
55.800	R1	2.471	2.991	2.350	2.480
55.840	R1	2.157	2.157	2.352	2.485
55.880	R1	2.519	2.519	2.340	2.473
55.920	R1	1.738	1.738	2.336	2.462
55.960	R1	2.408	2.457	2.334	2.457
56.000	R1	2.096	2.096	2.328	2.458
56.040	R1	2.363	2.483	2.331	2.469
56.080	R1	2.346	2.679	2.324	2.462
56.120	R1	2.497	2.589	2.329	2.467
56.160	R1	2.314	2.723	2.327	2.472
56.200	R1	2.458	2.509	2.332	2.487
56.240	R1	2.198	2.198	2.311	2.439
56.280	R1	2.386	2.386	2.315	2.443
56.320	R1	2.366	2.366	2.309	2.448
56.360	R1	2.345	2.746	2.348	2.486
56.400	R1	2.459	2.793	2.324	2.460
56.440	R1	2.268	2.268	2.335	2.494
56.480	R1	2.432	2.739	2.341	2.499
56.520	R1	2.431	2.714	2.333	2.489
56.560	R1	2.391	2.582	2.323	2.502
56.600	R1	2.048	2.048	2.331	2.516
56.640	R1	2.227	2.227	2.331	2.527
56.680	R1	2.415	2.617	2.332	2.528
56.720	R1	2.504	2.506	2.330	2.537
56.760	R1	1.929	1.929	2.325	2.531
56.800	R1	2.313	2.775	2.326	2.529
56.840	R1	2.483	2.589	2.310	2.496
56.880	R1	2.194	2.477	2.306	2.493
56.920	R1	2.309	2.841	2.306	2.477
56.960	R1	2.457	3.009	2.302	2.480
57.000	R1	2.470	2.725	2.297	2.475
57.040	R1	2.216	2.216	2.319	2.499
57.080	R1	2.346	2.564	2.327	2.515
57.120	R1	2.259	2.259	2.323	2.523
57.160	R1	2.362	2.695	2.322	2.526
57.200	R1	2.143	2.143	2.350	2.568
57.240	R1	2.196	2.196	2.348	2.579
57.280	R1	2.420	2.420	2.339	2.572
57.320	R1	2.360	2.783	2.353	2.578
57.360	R1	2.283	2.478	2.333	2.532
57.400	R1	2.496	2.525	2.328	2.510
57.440	R1	2.388	2.545	2.325	2.519
57.480	R1	2.324	2.794	2.314	2.508
57.520	R1	2.498	2.549	2.314	2.511
57.560	R1	2.483	2.782	2.321	2.532
57.600	R1	2.276	2.986	2.320	2.519
57.640	R1	2.309	2.454	2.310	2.510
57.680	R1	2.460	2.598	2.326	2.538
57.720	R1	1.913	1.913	2.305	2.517
57.760	R1	2.352	2.585	2.309	2.525
57.800	R1	2.416	2.891	2.314	2.527
57.840	R1	1.992	1.992	2.307	2.535
57.880	R1	2.348	2.641	2.310	2.543
57.920	R1	2.409	2.663	2.318	2.537
57.960	R1	2.337	2.448	2.291	2.507
58.000	R1	1.948	1.948	2.284	2.499
58.040	R1	2.499	2.754	2.287	2.469
58.080	R1	2.011	2.011	2.290	2.468
58.120	R1	2.432	2.938	2.287	2.470
58.160	R1	2.397	2.524	2.307	2.516
58.200	R1	2.341	2.682	2.312	2.527
58.240	R1	2.463	2.703	2.310	2.515
58.280	R1	2.469	2.667	2.326	2.532
58.320	R1	1.967	1.967	2.328	2.520
58.360	R1	2.341	2.615	2.314	2.493
58.400	R1	2.331	2.382	2.310	2.484
58.440	R1	2.376	2.429	2.329	2.503
58.480	R1	2.392	2.652	2.318	2.479
58.520	R1	2.321	2.819	2.337	2.519
58.560	R1	2.454	2.815	2.336	2.492
58.600	R1	2.373	2.648	2.338	2.503
58.640	R1	2.317	2.343	2.327	2.475
58.680	R1	2.382	2.398	2.323	2.463
58.720	R1	2.118	2.118	2.307	2.437
58.760	R1	2.269	2.269	2.308	2.438
58.800	R1	2.317	2.317	2.301	2.418
58.840	R1	2.291	2.291	2.301	2.428
58.880	R1	2.394	2.802	2.302	2.437
58.920	R1	2.407	2.407	2.302	2.433
58.960	R1	2.430	2.738	2.308	2.414
59.000	R1	2.119	2.119	2.304	2.395
59.040	R1	2.385	2.458	2.298	2.407
59.080	R1	2.153	2.153	2.296	2.444
59.120	R1	1.997	1.997	2.301	2.452
59.160	R1	2.196	2.196	2.310	2.463
59.200	R1	2.330	2.583	2.311	2.464
59.240	R1	2.392	2.607	2.291	2.445
59.280	R1	2.386	2.582	2.299	2.456
59.320	R1	2.446	2.446	2.298	2.441
59.360	R1	2.378	2.424	2.288	2.432
59.400	R1	2.249	2.886	2.295	2.424
59.440	R1	2.280	3.088	2.304	2.441
59.480	R1	2.479	2.563	2.299	2.431
59.520	R1	2.296	2.335	2.310	2.447
59.560	R1	2.293	2.293	2.330	2.482
59.600	R1	1.929	1.929	2.340	2.494
59.640	R1	2.434	2.508	2.345	2.490
59.680	R1	2.373	2.500	2.346	2.486
59.720	R1	2.225	2.225	2.329	2.458
59.760	R1	2.566	2.594	2.322	2.451
59.800	R1	2.302	2.449	2.331	2.458
59.840	R1	2.269	2.269	2.334	2.447
59.880	R1	2.377	2.474	2.325	2.397
59.920	R1	2.406	2.693	2.321	2.394
59.960	R1	2.383	2.425	2.334	2.415
60.000	R1	2.437	2.507	2.334	2.415
60.040	R1	2.416	2.524	2.356	2.458
60.080	R1	2.031	2.031	2.337	2.435
60.120	R1	2.307	2.307	2.336	2.428
60.160	R1	2.566	2.566	2.331	2.424
60.200	R1	2.308	2.650	2.328	2.419
60.240	R1	2.099	2.099	2.329	2.412
60.280	R1	2.406	2.506	2.336	2.430
60.320	R1	2.561	2.755	2.334	2.428
60.360	R1	2.288	2.288	2.330	2.423
60.400	R1	2.359	2.788	2.334	2.438
60.440	R1	2.051	2.051	2.320	2.436
60.480	R1	2.368	2.368	2.320	2.461
60.520	R1	2.129	2.129	2.337	2.478
60.560	R1	2.500	2.500	2.332	2.473
60.600	R1	2.312	2.312	2.319	2.461
60.640	R1	2.424	2.618	2.326	2.471
60.680	R1	2.333	2.441	2.347	2.492
60.720	R1	2.329	2.587	2.348	2.497
60.760	R1	2.448	2.733	2.347	2.497
60.800	R1	2.162	2.473	2.335	2.485
60.840	R1	2.417	3.019	2.314	2.443
60.880	R1	2.377	2.377	2.328	2.472
60.920	R1	2.199	2.199	2.330	2.478
60.960	R1	2.318	2.318	2.348	2.519
61.000	R1	2.436	2.858	2.344	2.525
61.040	R1	2.519	2.521	2.327	2.508
61.080	R1	2.439	2.596	2.321	2.505
61.120	R1	2.523	2.763	2.327	2.513
61.160	R1	2.056	2.056	2.334	2.513
61.200	R1	1.942	1.942	2.334	2.506
61.240	R1	2.335	2.622	2.347	2.510
61.280	R1	2.411	2.499	2.350	2.486
61.320	R1	2.479	2.952	2.351	2.490
61.360	R1	2.430	2.622	2.366	2.506
61.400	R1	1.971	1.971	2.366	2.517
61.440	R1	2.300	2.555	2.362	2.492
61.480	R1	2.450	2.607	2.354	2.493
61.520	R1	2.463	2.584	2.353	2.498
61.560	R1	2.459	2.579	2.345	2.479
61.600	R1	2.420	2.569	2.360	2.501
61.640	R1	2.475	2.523	2.381	2.531
61.680	R1	2.405	2.458	2.372	2.508
61.720	R1	2.491	2.527	2.355	2.487
61.760	R1	2.311	2.543	2.356	2.475
61.800	R1	2.362	2.362	2.357	2.483
61.840	R1	2.351	2.529	2.378	2.509
61.880	R1	2.419	2.700	2.381	2.524
61.920	R1	2.372	2.380	2.379	2.518
61.960	R1	2.348	2.500	2.379	2.516
62.000	R1	2.366	2.544	2.378	2.512
62.040	R1	2.158	2.158	2.377	2.504
62.080	R1	2.074	2.074	2.369	2.495
62.120	R1	2.495	2.720	2.370	2.515
62.160	R1	2.443	2.775	2.365	2.516
62.200	R1	2.391	2.496	2.367	2.521
62.240	R1	2.359	2.851	2.363	2.527
62.280	R1	2.420	2.480	2.365	2.532
62.320	R1	2.463	2.560	2.366	2.524
62.360	R1	2.445	2.501	2.364	2.521
62.400	R1	2.392	2.392	2.357	2.506
62.440	R1	2.310	2.360	2.366	2.510
62.480	R1	2.425	2.846	2.377	2.538
62.520	R1	2.391	2.550	2.390	2.569
62.560	R1	2.364	2.637	2.391	2.568
62.600	R1	2.266	2.481	2.377	2.537
62.640	R1	2.397	2.626	2.373	2.528
62.680	R1	2.448	2.543	2.378	2.521
62.720	R1	2.325	2.325	2.378	2.521
62.760	R1	2.209	2.209	2.375	2.519
62.800	R1	2.535	2.617	2.371	2.526
62.840	R1	2.383	2.721	2.376	2.543
62.880	R1	2.343	2.681	2.373	2.536
62.920	R1	2.514	2.712	2.361	2.503
62.960	R1	2.150	2.150	2.354	2.488
63.000	R1	2.323	2.323	2.330	2.451
63.040	R1	2.460	2.710	2.332	2.442
63.080	R1	2.408	2.476	2.305	2.403
63.120	R1	2.409	2.510	2.304	2.398
63.160	R1	2.361	2.657	2.286	2.381
63.200	R1	2.508	2.718	2.287	2.382
63.240	R1	2.234	2.234	2.278	2.390
63.280	R1	2.187	2.187	2.277	2.385
63.320	R1	2.247	2.247	2.259	2.351
63.360	R1	1.897	1.897	2.252	2.355
63.400	R1	2.306	2.306	2.258	2.361
63.440	R1	1.846	1.846	2.264	2.377
63.480	R1	2.434	2.440	2.251	2.351
63.520	R1	1.972	1.972	2.247	2.357
63.560	R1	2.228	2.228	2.245	2.349
63.600	R1	2.348	2.780	2.247	2.354
63.640	R1	2.362	2.629	2.232	2.328
63.680	R1	1.994	1.994	2.239	2.341
63.720	R1	2.372	2.798	2.232	2.334
63.760	R1	2.264	2.264	2.239	2.342
63.800	R1	2.445	2.652	2.268	2.377
63.840	R1	2.191	2.191	2.275	2.396
63.880	R1	2.334	2.580	2.305	2.431
63.920	R1	2.367	2.367	2.299	2.431
63.960	R1	2.399	2.741	2.320	2.452
64.000	R1	2.209	2.209	2.326	2.476
64.040	R1	2.375	2.492	2.319	2.447
64.080	R1	2.052	2.052	2.309	2.424
64.120	R1	2.394	2.394	2.333	2.455
64.160	R1	2.472	2.609	2.322	2.423
64.200	R1	2.444	2.690	2.328	2.442
64.240	R1	2.437	2.536	2.312	2.416
64.280	R1	2.315	2.432	2.318	2.422
64.320	R1	2.389	2.397	2.318	2.417
64.360	R1	2.361	2.712	2.315	2.414
64.400	R1	2.197	2.197	2.319	2.408
64.440	R1	2.163	2.163	2.330	2.456
64.480	R1	2.471	2.616	2.330	2.470
64.520	R1	2.169	2.169	2.329	2.470
64.560	R1	2.366	2.633	2.329	2.479
64.600	R1	2.131	2.131	2.324	2.477
64.640	R1	2.313	2.313	2.323	2.467
64.680	R1	2.343	2.492	2.321	2.481
64.720	R1	2.295	2.295	2.312	2.467
64.760	R1	2.486	2.637	2.320	2.480
64.800	R1	2.433	3.168	2.325	2.476
64.840	R1	2.361	2.772	2.333	2.500
64.880	R1	2.047	2.047	2.349	2.533
64.920	R1	2.376	2.573	2.349	2.535
64.960	R1	2.373	2.563	2.341	2.527
65.000	R1	2.436	2.496	2.349	2.521
65.040	R1	2.387	2.822	2.361	2.533
65.080	R1	2.143	2.143	2.363	2.543
65.120	R1	2.541	2.665	2.360	2.539
65.160	R1	2.476	2.620	2.366	2.557
65.200	R1	2.354	2.687	2.350	2.534
65.240	R1	2.485	2.818	2.348	2.494
65.280	R1	2.466	2.645	2.349	2.493
65.320	R1	2.012	2.012	2.363	2.508
65.360	R1	2.527	2.527	2.355	2.491
65.400	R1	2.366	2.366	2.356	2.491
65.440	R1	2.357	2.514	2.353	2.487
65.480	R1	2.285	2.411	2.354	2.483
65.520	R1	2.404	2.653	2.367	2.517
65.560	R1	2.175	2.175	2.350	2.493
65.600	R1	2.376	2.376	2.332	2.469
65.640	R1	2.387	2.742	2.333	2.473
65.680	R1	2.331	2.353	2.332	2.469
65.720	R1	2.223	2.223	2.325	2.465
65.760	R1	2.395	2.565	2.341	2.481
65.800	R1	2.368	2.428	2.326	2.466
65.840	R1	2.413	2.738	2.327	2.481
65.880	R1	2.404	2.826	2.331	2.489
65.920	R1	2.186	2.186	2.320	2.472
65.960	R1	2.130	2.130	2.316	2.470
66.000	R1	2.372	2.773	2.327	2.503
66.040	R1	2.453	2.737	2.333	2.525
66.080	R1	2.340	2.558	2.328	2.501
66.120	R1	2.331	2.331	2.327	2.516
66.160	R1	2.227	2.227	2.345	2.534
66.200	R1	2.375	2.664	2.341	2.544
66.240	R1	2.438	2.693	2.336	2.546
66.280	R1	2.067	2.067	2.340	2.543
66.320	R1	2.336	2.597	2.338	2.531
66.360	R1	2.386	2.839	2.355	2.551
66.400	R1	2.500	2.812	2.360	2.556
66.440	R1	2.276	2.276	2.348	2.523
66.480	R1	2.315	2.651	2.345	2.506
66.520	R1	2.585	2.589	2.352	2.530
66.560	R1	2.319	2.756	2.354	2.531
66.600	R1	2.269	2.470	2.361	2.550
66.640	R1	2.492	2.674	2.365	2.555
66.680	R1	2.363	2.587	2.362	2.540
66.720	R1	2.536	2.585	2.381	2.559
66.760	R1	2.224	2.224	2.386	2.559
66.800	R1	2.122	2.122	2.387	2.552
66.840	R1	2.392	2.392	2.384	2.536
66.880	R1	2.491	3.037	2.394	2.566
66.920	R1	2.361	2.361	2.402	2.568
66.960	R1	2.367	2.604	2.389	2.557
67.000	R1	2.466	2.772	2.377	2.524
67.040	R1	2.378	2.378	2.385	2.532
67.080	R1	2.449	2.449	2.356	2.494
67.120	R1	2.435	2.605	2.347	2.473
67.160	R1	2.391	2.691	2.328	2.452
67.200	R1	2.447	2.502	2.339	2.472
67.240	R1	2.468	2.870	2.343	2.476
67.280	R1	2.485	2.686	2.342	2.494
67.320	R1	2.320	2.383	2.339	2.483
67.360	R1	2.080	2.080	2.339	2.495
67.400	R1	2.423	2.631	2.345	2.494
67.440	R1	1.923	1.923	2.336	2.472
67.480	R1	2.172	2.172	2.336	2.494
67.520	R1	2.163	2.163	2.326	2.485
67.560	R1	2.439	2.614	2.321	2.474
67.600	R1	2.214	2.214	2.309	2.447
67.640	R1	2.373	2.745	2.308	2.451
67.680	R1	2.415	2.813	2.303	2.430
67.720	R1	2.367	2.601	2.291	2.408
67.760	R1	2.493	2.581	2.283	2.397
67.800	R1	2.287	2.340	2.285	2.399
67.840	R1	2.383	2.825	2.277	2.380
67.880	R1	2.251	2.251	2.293	2.397
67.920	R1	2.324	2.392	2.304	2.408
67.960	R1	2.154	2.154	2.319	2.434
68.000	R1	2.426	2.590	2.321	2.443
68.040	R1	2.371	2.437	2.312	2.435
68.080	R1	2.240	2.240	2.315	2.455
68.120	R1	2.164	2.164	2.317	2.482
68.160	R1	2.126	2.126	2.321	2.475
68.200	R1	2.253	2.253	2.315	2.477
68.240	R1	2.254	2.254	2.309	2.468
68.280	R1	2.391	2.394	2.297	2.435
68.320	R1	2.462	2.684	2.299	2.460
68.360	R1	2.471	2.806	2.302	2.459
68.400	R1	2.040	2.040	2.312	2.498
68.440	R1	2.437	3.149	2.293	2.470
68.480	R1	2.440	3.354	2.279	2.453
68.520	R1	2.460	2.460	2.286	2.483
68.560	R1	2.358	2.617	2.294	2.513
68.600	R1	2.166	2.166	2.309	2.528
68.640	R1	2.157	2.157	2.312	2.543
68.680	R1	2.282	2.751	2.304	2.534
68.720	R1	2.380	2.380	2.293	2.524
68.760	R1	2.367	2.928	2.273	2.492
68.800	R1	2.034	2.034	2.248	2.451
68.840	R1	2.103	2.103	2.261	2.476
68.880	R1	2.383	2.834	2.237	2.416
68.920	R1	2.320	2.762	2.236	2.391
68.960	R1	2.413	2.442	2.228	2.387
69.000	R1	2.318	2.536	2.230	2.381
69.040	R1	2.089	2.089	2.230	2.381
69.080	R1	2.186	2.186	2.244	2.412
69.120	R1	2.050	2.050	2.246	2.414
69.160	R1	1.981	1.981	2.249	2.434
69.200	R1	2.298	2.540	2.247	2.418
69.240	R1	1.955	1.955	2.263	2.434
69.280	R1	2.409	2.852	2.255	2.425
69.320	R1	2.311	2.385	2.258	2.409
69.360	R1	2.398	2.488	2.257	2.397
69.400	R1	2.164	2.164	2.257	2.404
69.440	R1	2.434	2.775	2.259	2.410
69.480	R1	2.331	2.786	2.276	2.447
69.520	R1	2.439	2.781	2.288	2.465
69.560	R1	2.328	2.610	2.302	2.497
69.600	R1	2.351	2.351	2.315	2.509
69.640	R1	1.934	1.934	2.315	2.507
69.680	R1	2.442	2.504	2.335	2.538
69.720	R1	2.298	2.525	2.331	2.520
69.760	R1	2.415	2.594	2.332	2.528
69.800	R1	2.374	2.645	2.328	2.531
69.840	R1	2.430	2.825	2.340	2.557
69.880	R1	2.410	2.561	2.332	2.540
69.920	R1	2.340	2.676	2.333	2.520
69.960	R1	2.229	2.229	2.323	2.496
