0 	 0.0
1 	 1.852827787399292
2 	 2.0585854053497314
3 	 2.676865816116333
4 	 3.878737688064575
5 	 2.376389265060425
6 	 1.9541218280792236
7 	 2.4849681854248047
8 	 3.5291881561279297
9 	 3.930112838745117
10 	 4.40635347366333
11 	 3.9803380966186523
12 	 4.362738609313965
13 	 4.114391326904297
14 	 3.8699307441711426
15 	 4.029148101806641
16 	 3.8892407417297363
17 	 3.6793367862701416
18 	 3.2587132453918457
19 	 4.09694242477417
20 	 3.88543701171875
21 	 3.901442766189575
22 	 3.826903820037842
23 	 4.239182949066162
24 	 4.2160844802856445
25 	 4.102892875671387
26 	 4.196944713592529
27 	 4.1666669845581055
28 	 4.353599548339844
29 	 4.115110397338867
30 	 3.789158582687378
31 	 3.513723611831665
32 	 4.25834846496582
33 	 3.81870174407959
34 	 4.097720623016357
35 	 4.033658504486084
36 	 4.129185199737549
37 	 4.481317043304443
38 	 4.181460380554199
39 	 3.966240882873535
40 	 4.129687309265137
41 	 4.179800510406494
42 	 4.181454181671143
43 	 4.271224021911621
44 	 4.168738842010498
45 	 4.05840539932251
46 	 4.383439064025879
47 	 3.9045934677124023
48 	 4.162115573883057
49 	 4.036255836486816
50 	 4.110538482666016
51 	 4.214295387268066
52 	 4.19462776184082
53 	 4.1409912109375
54 	 4.2342047691345215
55 	 4.199512958526611
56 	 4.195556163787842
57 	 3.9204506874084473
58 	 4.270374774932861
59 	 4.043423652648926
60 	 4.1406049728393555
61 	 3.9868040084838867
62 	 4.139606952667236
63 	 4.279230117797852
64 	 4.275842189788818
65 	 4.036883354187012
66 	 4.131917476654053
67 	 4.0055670738220215
68 	 4.0798444747924805
69 	 4.011772155761719
70 	 4.235205173492432
71 	 3.858933448791504
72 	 3.9890315532684326
73 	 4.232333660125732
74 	 4.624626159667969
75 	 4.548064708709717
76 	 4.571446895599365
77 	 4.417286396026611
78 	 4.283487796783447
79 	 4.381637096405029
80 	 4.4762282371521
81 	 4.4807047843933105
82 	 4.589869022369385
83 	 4.353762626647949
84 	 4.31052303314209
85 	 4.30635929107666
86 	 4.237262725830078
87 	 4.231873989105225
88 	 4.222914218902588
89 	 4.264934539794922
90 	 4.268505573272705
91 	 4.526137828826904
92 	 4.379755020141602
93 	 4.213774681091309
94 	 4.138585090637207
95 	 4.0850419998168945
96 	 4.324087142944336
97 	 4.261416912078857
98 	 4.201955795288086
99 	 4.429041862487793
100 	 4.252771377563477
101 	 3.8479790687561035
102 	 4.091255187988281
103 	 3.903693437576294
104 	 3.950817823410034
105 	 4.1234331130981445
106 	 4.189158916473389
107 	 3.8192179203033447
108 	 4.203392028808594
109 	 4.037289142608643
110 	 4.121139049530029
111 	 4.000694274902344
112 	 4.444859027862549
113 	 4.672555446624756
114 	 4.421236991882324
115 	 4.186806678771973
116 	 4.423834800720215
117 	 4.598570823669434
118 	 4.340744972229004
119 	 4.14851713180542
120 	 4.0680036544799805
121 	 4.111225128173828
122 	 4.425577640533447
123 	 4.585458278656006
124 	 4.6726508140563965
125 	 4.626899719238281
126 	 4.617706298828125
127 	 4.538698196411133
128 	 4.6302385330200195
129 	 4.083961009979248
130 	 3.8940024375915527
131 	 4.286333084106445
132 	 4.14067268371582
133 	 4.192641258239746
134 	 4.554861545562744
135 	 4.5470499992370605
136 	 4.142104625701904
137 	 4.666080474853516
138 	 4.40285062789917
139 	 4.347879886627197
140 	 4.396101951599121
141 	 4.487545490264893
142 	 4.323835849761963
143 	 4.3024139404296875
144 	 4.224174499511719
145 	 4.195282936096191
146 	 4.059896469116211
147 	 4.1805243492126465
148 	 4.244373321533203
149 	 4.066043376922607
150 	 3.776400327682495
151 	 3.802755355834961
152 	 3.9355013370513916
153 	 3.8605477809906006
154 	 4.055287837982178
155 	 3.953152894973755
156 	 3.9440460205078125
157 	 4.069029808044434
158 	 3.771153688430786
159 	 3.608933210372925
160 	 3.9208362102508545
161 	 3.8011302947998047
162 	 3.8928515911102295
163 	 4.059119701385498
164 	 3.679025411605835
165 	 3.7981274127960205
166 	 3.7966949939727783
167 	 3.9729418754577637
168 	 3.8537650108337402
169 	 4.074762344360352
170 	 3.9368784427642822
171 	 3.8443429470062256
172 	 3.8949174880981445
173 	 3.502863645553589
174 	 3.2796597480773926
175 	 3.3701281547546387
176 	 3.159093141555786
177 	 3.9180545806884766
178 	 3.8080856800079346
179 	 3.7941477298736572
180 	 3.529189348220825
181 	 3.734598159790039
182 	 3.982555627822876
183 	 3.974764823913574
184 	 3.982800006866455
185 	 4.099735260009766
186 	 3.8903582096099854
187 	 3.7290573120117188
188 	 3.596353530883789
189 	 3.392928123474121
190 	 3.480968713760376
191 	 3.5480802059173584
192 	 3.9357750415802
193 	 4.091315269470215
194 	 3.8575973510742188
195 	 3.9276320934295654
196 	 3.56803297996521
197 	 3.7232837677001953
198 	 3.7866411209106445
199 	 3.8623831272125244
200 	 4.158654689788818
201 	 4.128621578216553
202 	 4.003938674926758
203 	 3.894785165786743
204 	 3.7796518802642822
205 	 3.892024517059326
206 	 3.9306488037109375
207 	 3.6155381202697754
208 	 4.042261600494385
209 	 3.5132391452789307
210 	 3.8965508937835693
211 	 3.6489973068237305
212 	 3.7588000297546387
213 	 3.8511874675750732
214 	 3.6891372203826904
215 	 3.8864805698394775
216 	 3.7909693717956543
217 	 3.888545274734497
218 	 3.9424283504486084
219 	 3.8484134674072266
220 	 4.03853178024292
221 	 3.68839430809021
222 	 3.7645280361175537
223 	 3.9270377159118652
224 	 4.192716598510742
225 	 4.1193695068359375
226 	 3.9790725708007812
227 	 3.9635977745056152
228 	 4.510091781616211
229 	 4.234572887420654
230 	 4.033995628356934
231 	 3.912104845046997
232 	 4.1852707862854
233 	 4.120105266571045
234 	 3.934690237045288
235 	 3.610539197921753
236 	 3.573362350463867
237 	 3.636223077774048
238 	 3.5606186389923096
239 	 3.7773146629333496
240 	 3.8477814197540283
241 	 3.965132236480713
242 	 3.8068997859954834
243 	 4.199604034423828
244 	 4.0029191970825195
245 	 3.8438878059387207
246 	 3.8980770111083984
247 	 3.7754454612731934
248 	 3.534761905670166
249 	 4.008559703826904
250 	 4.073981285095215
251 	 4.0817155838012695
252 	 3.812453269958496
253 	 4.059446334838867
254 	 4.023133754730225
255 	 3.934764862060547
256 	 3.3569488525390625
257 	 3.6757748126983643
258 	 3.9032130241394043
259 	 3.810929298400879
260 	 3.761556625366211
261 	 3.5049784183502197
262 	 3.8524489402770996
263 	 3.4690709114074707
264 	 3.4903154373168945
265 	 3.4887192249298096
266 	 3.5435051918029785
267 	 3.911837100982666
268 	 3.9345338344573975
269 	 3.7838022708892822
270 	 3.790742874145508
271 	 3.64088773727417
272 	 3.4989380836486816
273 	 3.808119773864746
274 	 3.7901110649108887
275 	 3.834933042526245
276 	 4.088904857635498
277 	 3.9564812183380127
278 	 4.012129783630371
279 	 3.660576105117798
280 	 3.2676897048950195
281 	 3.356661558151245
282 	 3.4570860862731934
283 	 3.6672472953796387
284 	 3.380479335784912
285 	 3.7791717052459717
286 	 3.6729071140289307
287 	 3.611206293106079
288 	 3.633643388748169
289 	 3.919175386428833
290 	 3.743166446685791
291 	 3.8589494228363037
292 	 3.568713903427124
293 	 3.745593786239624
294 	 3.7657158374786377
295 	 3.8880741596221924
296 	 4.016750335693359
297 	 3.7949349880218506
298 	 3.9047927856445312
299 	 4.141552925109863
300 	 3.678126335144043
301 	 3.6483399868011475
302 	 3.9208972454071045
303 	 3.9669711589813232
304 	 3.997525691986084
305 	 4.224057197570801
306 	 3.975994825363159
307 	 4.046448707580566
308 	 3.902963638305664
309 	 3.8779473304748535
310 	 3.769585609436035
311 	 3.889711380004883
312 	 3.5133376121520996
313 	 3.887756109237671
314 	 4.101888179779053
315 	 3.9213998317718506
316 	 4.077070236206055
317 	 4.088990688323975
318 	 3.9674832820892334
319 	 4.027120113372803
320 	 3.904539108276367
321 	 3.8813469409942627
322 	 3.7951347827911377
323 	 3.8184072971343994
324 	 4.0051093101501465
325 	 3.6992828845977783
326 	 3.6977715492248535
327 	 3.5796561241149902
328 	 3.8339037895202637
329 	 3.857329845428467
330 	 3.7331409454345703
331 	 3.786212921142578
332 	 3.617936611175537
333 	 3.7673699855804443
334 	 3.961449146270752
335 	 3.6425282955169678
336 	 3.755603313446045
337 	 3.871870517730713
338 	 3.862427234649658
339 	 4.158285140991211
340 	 4.131145000457764
341 	 3.8341684341430664
342 	 4.016397953033447
343 	 3.9984304904937744
344 	 3.759348154067993
345 	 3.523158073425293
346 	 3.808272123336792
347 	 3.949795961380005
348 	 3.9685192108154297
349 	 3.7307167053222656
350 	 3.964714288711548
351 	 3.8640854358673096
352 	 3.9497170448303223
353 	 3.965787410736084
354 	 3.735435962677002
355 	 3.922974109649658
356 	 3.8750319480895996
357 	 3.7524302005767822
358 	 3.655853271484375
359 	 3.6943416595458984
360 	 3.7739670276641846
361 	 3.4537160396575928
362 	 3.1777184009552
363 	 3.551076650619507
364 	 3.7105278968811035
365 	 3.5745158195495605
366 	 3.756580114364624
367 	 3.718012571334839
368 	 3.7971129417419434
369 	 3.7363646030426025
370 	 3.885801315307617
371 	 3.9719462394714355
372 	 3.8314783573150635
373 	 3.789628267288208
374 	 4.048036098480225
375 	 4.085156440734863
376 	 4.079323768615723
377 	 4.217357158660889
378 	 4.133968830108643
379 	 3.7772176265716553
380 	 4.071557998657227
381 	 3.6917009353637695
382 	 3.790341377258301
383 	 3.941307544708252
384 	 3.875007390975952
385 	 3.925257444381714
386 	 4.034049987792969
387 	 4.018600940704346
388 	 4.053030967712402
389 	 3.972450017929077
390 	 3.8978943824768066
391 	 3.5541622638702393
392 	 3.9446871280670166
393 	 3.674135446548462
394 	 3.761181592941284
395 	 3.5001587867736816
396 	 3.8361966609954834
397 	 3.5723586082458496
398 	 3.7436835765838623
399 	 3.767987012863159
400 	 3.624818801879883
401 	 3.717960834503174
402 	 3.763787269592285
403 	 3.987232208251953
404 	 3.848222017288208
405 	 3.991010904312134
406 	 4.03273344039917
407 	 3.9215426445007324
408 	 3.6621005535125732
409 	 4.02154016494751
410 	 4.1081390380859375
411 	 3.6886937618255615
412 	 4.0792412757873535
413 	 4.05605936050415
414 	 4.06813383102417
415 	 3.882269859313965
416 	 3.855496406555176
417 	 3.497049331665039
418 	 3.490435838699341
419 	 3.690993309020996
420 	 3.5549464225769043
421 	 3.683608293533325
422 	 3.70749831199646
423 	 3.6629645824432373
424 	 3.721252202987671
425 	 3.9235401153564453
426 	 4.0661420822143555
427 	 3.9572346210479736
428 	 3.863807439804077
429 	 4.067583084106445
430 	 3.4336884021759033
431 	 3.6652305126190186
432 	 3.3151321411132812
433 	 3.505000114440918
434 	 3.6664867401123047
435 	 3.8924944400787354
436 	 3.4771289825439453
437 	 3.6613240242004395
438 	 3.7330596446990967
439 	 3.432279586791992
440 	 3.5596163272857666
441 	 3.6881396770477295
442 	 3.594294309616089
443 	 3.8532121181488037
444 	 3.93428897857666
445 	 4.007704257965088
446 	 3.782557249069214
447 	 3.5976247787475586
448 	 3.6575889587402344
449 	 3.464869737625122
450 	 3.711700201034546
451 	 3.9258530139923096
452 	 3.599292039871216
453 	 3.7396223545074463
454 	 3.7381749153137207
455 	 4.025182247161865
456 	 3.6783511638641357
457 	 4.003448963165283
458 	 3.7114126682281494
459 	 3.8371338844299316
460 	 4.241294860839844
461 	 4.073812961578369
462 	 3.8411428928375244
463 	 4.084550380706787
464 	 4.099523544311523
465 	 4.138112545013428
466 	 3.942002296447754
467 	 3.8954427242279053
468 	 3.7323243618011475
469 	 3.9334819316864014
470 	 3.705383062362671
471 	 3.460423231124878
472 	 3.9831178188323975
473 	 4.022364616394043
474 	 4.085404872894287
475 	 3.720165729522705
476 	 3.743921995162964
477 	 3.9345133304595947
478 	 3.8751864433288574
479 	 3.5632240772247314
480 	 3.8369803428649902
481 	 4.044383525848389
482 	 3.9409334659576416
483 	 3.624336004257202
484 	 3.912581205368042
485 	 3.506035089492798
486 	 3.85646915435791
487 	 3.8622586727142334
488 	 3.9293136596679688
489 	 3.759120464324951
490 	 3.9967713356018066
491 	 4.05615234375
492 	 3.742666006088257
493 	 3.975843906402588
494 	 3.8709049224853516
495 	 3.9590020179748535
496 	 4.111250877380371
497 	 3.8056302070617676
498 	 4.1722517013549805
499 	 3.870011806488037
500 	 4.058023452758789
501 	 3.8932151794433594
502 	 4.060547828674316
503 	 3.9178435802459717
504 	 3.793940544128418
505 	 3.709148645401001
506 	 3.4063589572906494
507 	 3.71041202545166
508 	 3.754999876022339
509 	 3.813307046890259
510 	 3.6847379207611084
511 	 3.895723342895508
512 	 3.6930344104766846
513 	 3.313183069229126
514 	 3.618638515472412
515 	 3.933785915374756
516 	 3.7178351879119873
517 	 3.481827974319458
518 	 3.7141642570495605
519 	 4.264492511749268
520 	 3.9587602615356445
521 	 3.852884292602539
522 	 3.6333444118499756
523 	 3.4857559204101562
524 	 3.6029043197631836
525 	 3.8179571628570557
526 	 3.753537178039551
527 	 3.6672236919403076
528 	 3.6851634979248047
529 	 3.718785285949707
530 	 3.840970039367676
531 	 3.92353892326355
532 	 3.805889368057251
533 	 3.923468828201294
534 	 3.9173424243927
535 	 4.123187065124512
536 	 3.9870378971099854
537 	 3.918555974960327
538 	 4.005129814147949
539 	 3.557119131088257
540 	 3.2772035598754883
541 	 3.7293097972869873
542 	 3.7127907276153564
543 	 3.3706202507019043
544 	 3.856670618057251
545 	 3.5601799488067627
546 	 3.54447603225708
547 	 3.2186226844787598
548 	 3.680612802505493
549 	 3.815835952758789
550 	 3.983018636703491
551 	 3.738504648208618
552 	 3.9963581562042236
553 	 3.643216133117676
554 	 3.2904446125030518
555 	 3.80247163772583
556 	 3.584455966949463
557 	 3.7689757347106934
558 	 3.896242141723633
559 	 3.666063070297241
560 	 3.6476495265960693
561 	 4.087577819824219
562 	 3.946458578109741
563 	 3.6740880012512207
564 	 3.930941581726074
565 	 3.8040246963500977
566 	 3.7351627349853516
567 	 4.206925868988037
568 	 4.104267120361328
569 	 3.914422035217285
570 	 3.9542925357818604
571 	 3.91558575630188
572 	 4.054530620574951
573 	 3.6986145973205566
574 	 3.808032512664795
575 	 4.022189617156982
576 	 4.034135341644287
577 	 3.8702332973480225
578 	 3.5910191535949707
579 	 3.5714871883392334
580 	 3.9113876819610596
581 	 3.921407699584961
582 	 3.4673125743865967
583 	 3.1627585887908936
584 	 3.4271929264068604
585 	 3.7530086040496826
586 	 3.7188103199005127
587 	 3.0365052223205566
588 	 3.33561110496521
589 	 3.371668815612793
590 	 3.574268341064453
591 	 3.961196184158325
592 	 3.699476718902588
593 	 3.7692790031433105
594 	 3.4723727703094482
595 	 3.635326623916626
596 	 3.667309522628784
597 	 3.5506043434143066
598 	 3.9502527713775635
599 	 3.929745674133301
600 	 4.095007419586182
601 	 3.8743338584899902
602 	 3.9764299392700195
603 	 4.06092643737793
604 	 4.030457496643066
605 	 3.679203748703003
606 	 3.1969168186187744
607 	 3.3153648376464844
608 	 3.6754064559936523
609 	 3.303673505783081
610 	 3.3462040424346924
611 	 3.324084997177124
612 	 3.4033524990081787
613 	 3.229461193084717
614 	 3.383239269256592
615 	 3.28029203414917
616 	 3.5225749015808105
617 	 3.415069580078125
618 	 3.7968223094940186
619 	 3.645597457885742
620 	 3.816652536392212
621 	 3.8768837451934814
622 	 3.5145230293273926
623 	 3.7931694984436035
624 	 3.9016122817993164
625 	 3.7965145111083984
626 	 3.927926778793335
627 	 3.8741843700408936
628 	 3.9954395294189453
629 	 3.7673215866088867
630 	 3.4819133281707764
631 	 3.518453598022461
632 	 3.779364585876465
633 	 3.5912082195281982
634 	 3.686281442642212
635 	 3.691406011581421
636 	 3.495736837387085
637 	 3.9194483757019043
638 	 4.3473591804504395
639 	 4.114075183868408
640 	 3.8378562927246094
641 	 3.9144744873046875
642 	 4.01926326751709
643 	 3.684638738632202
644 	 3.821751594543457
645 	 3.83141827583313
646 	 3.8421802520751953
647 	 3.947645664215088
648 	 3.8688199520111084
649 	 3.5868124961853027
650 	 3.6804049015045166
651 	 3.63627552986145
652 	 3.670024871826172
653 	 3.3211793899536133
654 	 3.711418628692627
655 	 3.5670714378356934
656 	 3.824145793914795
657 	 4.061347484588623
658 	 3.7604458332061768
659 	 4.081228256225586
660 	 4.340453624725342
661 	 3.9747960567474365
662 	 3.60817289352417
663 	 4.09342622756958
664 	 4.073533535003662
665 	 3.944040060043335
666 	 3.893232822418213
667 	 3.8266422748565674
668 	 3.746394634246826
669 	 3.8436591625213623
670 	 4.049241065979004
671 	 4.024848937988281
672 	 3.7745118141174316
673 	 3.786844253540039
674 	 3.9939393997192383
675 	 3.9382681846618652
676 	 4.0888566970825195
677 	 4.045481204986572
678 	 4.080626487731934
679 	 3.9520933628082275
680 	 3.8198482990264893
681 	 3.8631694316864014
682 	 3.9228928089141846
683 	 3.9487197399139404
684 	 3.784353017807007
685 	 3.4540047645568848
686 	 3.545037269592285
687 	 3.6800215244293213
688 	 3.4505057334899902
689 	 3.3084285259246826
690 	 3.263148307800293
691 	 3.442791223526001
692 	 3.4124257564544678
693 	 3.3270719051361084
694 	 3.476513624191284
695 	 3.388946294784546
696 	 3.2326900959014893
697 	 3.4427595138549805
698 	 3.3193602561950684
699 	 3.285926103591919
700 	 3.334852933883667
701 	 3.6223063468933105
702 	 3.7438933849334717
703 	 3.76304030418396
704 	 3.779778480529785
705 	 3.8446338176727295
706 	 3.5540835857391357
707 	 3.653637409210205
708 	 3.472506523132324
709 	 3.8177108764648438
710 	 3.7180328369140625
711 	 3.522334098815918
712 	 3.6200520992279053
713 	 3.8256447315216064
714 	 3.47271990776062
715 	 3.8359262943267822
716 	 3.616581678390503
717 	 3.659181833267212
718 	 3.6980204582214355
719 	 3.7797698974609375
720 	 3.293551445007324
721 	 3.3208069801330566
722 	 3.290757894515991
723 	 3.3464365005493164
724 	 3.1405675411224365
725 	 3.245903253555298
726 	 3.337878942489624
727 	 3.021933078765869
728 	 3.389859199523926
729 	 3.3033790588378906
730 	 3.5117053985595703
731 	 3.4026265144348145
732 	 3.3707685470581055
733 	 3.572040319442749
734 	 3.570549964904785
735 	 3.516728162765503
736 	 3.4892771244049072
737 	 3.405716896057129
738 	 3.638544797897339
739 	 3.6353821754455566
740 	 3.7530558109283447
741 	 3.607778787612915
742 	 3.7920351028442383
743 	 3.8933870792388916
744 	 3.810046911239624
745 	 3.465608596801758
746 	 3.5663537979125977
747 	 3.757885694503784
748 	 3.722180128097534
749 	 3.709967851638794
750 	 3.7407822608947754
751 	 3.415073871612549
752 	 3.3499081134796143
753 	 3.844831705093384
754 	 3.7392377853393555
755 	 3.8680219650268555
756 	 3.6967477798461914
757 	 3.6879653930664062
758 	 3.768603563308716
759 	 3.68133544921875
760 	 3.512526750564575
761 	 3.346531629562378
762 	 3.311896324157715
763 	 3.4603168964385986
764 	 3.637822151184082
765 	 3.4770913124084473
766 	 3.7332379817962646
767 	 3.87768816947937
768 	 3.7690329551696777
769 	 3.664731502532959
770 	 3.556445837020874
771 	 3.899571180343628
772 	 3.8761935234069824
773 	 3.696690559387207
774 	 3.8947932720184326
775 	 3.7715909481048584
776 	 3.8075902462005615
777 	 3.59030818939209
778 	 3.587332010269165
779 	 3.819988489151001
780 	 3.5560359954833984
781 	 3.8694300651550293
782 	 3.818683624267578
783 	 3.889455795288086
784 	 3.7056236267089844
785 	 3.741583824157715
786 	 3.7586233615875244
787 	 3.730926036834717
788 	 3.9152307510375977
789 	 3.8899216651916504
790 	 3.6602437496185303
791 	 3.507479190826416
792 	 3.4063074588775635
793 	 3.3197672367095947
794 	 3.4923086166381836
795 	 3.6863982677459717
796 	 3.805745840072632
797 	 3.6451683044433594
798 	 3.3424642086029053
799 	 3.3332574367523193
800 	 3.381422996520996
801 	 3.5905394554138184
802 	 3.8255505561828613
803 	 4.007418155670166
804 	 3.9710335731506348
805 	 3.8965773582458496
806 	 3.7279913425445557
807 	 4.0771307945251465
808 	 3.9812002182006836
809 	 3.4356672763824463
810 	 3.7459969520568848
811 	 3.604525327682495
812 	 3.7014389038085938
813 	 3.757019519805908
814 	 3.2306854724884033
815 	 3.2699005603790283
816 	 3.500962972640991
817 	 3.158895492553711
818 	 3.371974229812622
819 	 3.215641975402832
820 	 3.563217878341675
821 	 3.3834517002105713
822 	 3.5217182636260986
823 	 3.8343822956085205
824 	 3.724989414215088
825 	 3.638740062713623
826 	 3.5588951110839844
827 	 3.717005968093872
828 	 3.6514320373535156
829 	 3.6634902954101562
830 	 3.8754396438598633
831 	 3.761329174041748
832 	 3.6152145862579346
833 	 3.3421854972839355
834 	 3.272005081176758
835 	 3.2154815196990967
836 	 2.971977949142456
837 	 3.1791467666625977
838 	 3.4728496074676514
839 	 3.191985845565796
840 	 2.995659828186035
841 	 3.381312847137451
842 	 3.4534056186676025
843 	 3.4688234329223633
844 	 3.4895269870758057
845 	 3.6604666709899902
846 	 3.4330146312713623
847 	 3.390336751937866
848 	 3.5675816535949707
849 	 3.8699541091918945
850 	 4.217431545257568
851 	 4.303153038024902
852 	 3.8533482551574707
853 	 3.663820743560791
854 	 3.9044878482818604
855 	 3.7477946281433105
856 	 3.5709385871887207
857 	 3.8266310691833496
858 	 3.7177062034606934
859 	 3.910249948501587
860 	 4.076164722442627
861 	 3.990771770477295
862 	 3.9497358798980713
863 	 4.045220851898193
864 	 3.97491717338562
865 	 3.796555995941162
866 	 3.7507779598236084
867 	 3.7938573360443115
868 	 4.027683734893799
869 	 4.070472717285156
870 	 4.125645637512207
871 	 3.675525188446045
872 	 3.8052773475646973
873 	 3.9203126430511475
874 	 3.847996234893799
875 	 3.2493960857391357
876 	 3.5785164833068848
877 	 3.4864492416381836
878 	 3.7258212566375732
879 	 3.8162264823913574
880 	 3.6707346439361572
881 	 3.976569890975952
882 	 3.8101017475128174
883 	 3.937934637069702
884 	 3.5542337894439697
885 	 3.868751049041748
886 	 3.8172197341918945
887 	 3.5835022926330566
888 	 3.373579740524292
889 	 3.589539051055908
890 	 4.226894855499268
891 	 4.022801876068115
892 	 4.009528636932373
893 	 4.026081562042236
894 	 3.936256170272827
895 	 4.002319812774658
896 	 4.130281448364258
897 	 3.511148452758789
898 	 3.33498477935791
899 	 3.3419291973114014
900 	 3.420612096786499
901 	 2.9486777782440186
902 	 4.124115943908691
903 	 4.008307933807373
904 	 3.534449577331543
905 	 3.0857651233673096
906 	 3.3521087169647217
907 	 3.395942449569702
908 	 3.8077659606933594
909 	 3.9476802349090576
910 	 3.7235679626464844
911 	 3.994166851043701
912 	 4.158868312835693
913 	 3.6919028759002686
914 	 3.5973377227783203
915 	 3.843499183654785
916 	 3.8224740028381348
917 	 3.9393715858459473
918 	 3.962636947631836
919 	 3.8611016273498535
920 	 4.130383014678955
921 	 3.585875988006592
922 	 3.371202230453491
923 	 3.5122759342193604
924 	 3.922366142272949
925 	 3.9694855213165283
926 	 3.495623826980591
927 	 3.7605443000793457
928 	 3.5647971630096436
929 	 3.625683546066284
930 	 3.36213755607605
931 	 3.36285662651062
932 	 3.5518245697021484
933 	 3.3567867279052734
934 	 3.2718911170959473
935 	 3.53389048576355
936 	 3.623305320739746
937 	 3.5677270889282227
938 	 3.4691081047058105
939 	 3.553443431854248
940 	 3.4902005195617676
941 	 3.1907904148101807
942 	 3.646791696548462
943 	 3.920945882797241
944 	 3.5851099491119385
945 	 3.561492919921875
946 	 3.7627530097961426
947 	 3.6912825107574463
948 	 3.2510111331939697
949 	 3.1787941455841064
950 	 3.4828529357910156
951 	 3.9762213230133057
952 	 3.6661365032196045
953 	 3.8443565368652344
954 	 4.0496320724487305
955 	 3.9345810413360596
956 	 3.983839988708496
957 	 3.8821187019348145
958 	 3.8209402561187744
959 	 4.049018859863281
960 	 3.9754295349121094
961 	 3.919355630874634
962 	 4.009115219116211
963 	 3.6065316200256348
964 	 3.466036796569824
965 	 3.860853910446167
966 	 3.959423065185547
967 	 3.8965179920196533
968 	 3.9169764518737793
969 	 4.038498878479004
970 	 4.002861022949219
971 	 3.9331586360931396
972 	 4.0036516189575195
973 	 3.924541473388672
974 	 3.897242307662964
975 	 3.7327749729156494
976 	 3.4725701808929443
977 	 3.9158833026885986
978 	 3.8845300674438477
979 	 3.69760799407959
980 	 3.9149928092956543
981 	 4.296955108642578
982 	 4.093140125274658
983 	 3.983630418777466
984 	 3.8788061141967773
985 	 3.9491302967071533
986 	 3.777541160583496
987 	 3.60391902923584
988 	 3.833379030227661
989 	 3.801907777786255
990 	 3.9845240116119385
991 	 3.9568076133728027
992 	 4.0768818855285645
993 	 3.809536933898926
994 	 4.106579303741455
995 	 3.7045443058013916
996 	 3.9229016304016113
997 	 3.8653950691223145
998 	 3.5523314476013184
999 	 3.6069369316101074
1000 	 3.634873390197754
1001 	 3.561599016189575
1002 	 3.3739566802978516
1003 	 3.693155288696289
1004 	 3.6717233657836914
1005 	 3.783825635910034
1006 	 3.292937755584717
1007 	 4.0513505935668945
1008 	 3.8991949558258057
1009 	 3.9317209720611572
1010 	 3.537234306335449
1011 	 3.982391595840454
1012 	 3.6855573654174805
1013 	 3.735377550125122
1014 	 3.462143659591675
1015 	 3.4981417655944824
1016 	 3.7098679542541504
1017 	 4.097737789154053
1018 	 3.6848418712615967
1019 	 3.8513734340667725
1020 	 3.5776844024658203
1021 	 3.747788429260254
1022 	 4.047295093536377
1023 	 4.224802017211914
1024 	 3.9353508949279785
1025 	 3.7851388454437256
1026 	 3.873100519180298
1027 	 3.9670679569244385
1028 	 3.964691162109375
1029 	 4.020351409912109
1030 	 3.971447467803955
1031 	 3.939854383468628
1032 	 3.6812570095062256
1033 	 3.9717798233032227
1034 	 3.605769395828247
1035 	 3.8196322917938232
1036 	 3.6402316093444824
1037 	 3.7452478408813477
1038 	 3.7768146991729736
1039 	 3.5710692405700684
1040 	 3.660778522491455
1041 	 3.7645320892333984
1042 	 3.656555652618408
1043 	 3.8656630516052246
1044 	 3.8232858180999756
1045 	 3.609041452407837
1046 	 3.836015224456787
1047 	 3.752533197402954
1048 	 3.6596710681915283
1049 	 3.5020205974578857
1050 	 3.6367242336273193
1051 	 4.024968147277832
1052 	 3.6547558307647705
1053 	 3.2387731075286865
1054 	 3.5416147708892822
1055 	 3.293940305709839
1056 	 3.339718818664551
1057 	 3.2990522384643555
1058 	 3.5159494876861572
1059 	 3.5729427337646484
1060 	 4.288001537322998
1061 	 4.044467926025391
1062 	 3.93037486076355
1063 	 3.8678340911865234
1064 	 3.9329512119293213
1065 	 3.9849541187286377
1066 	 3.7422988414764404
1067 	 3.538527488708496
1068 	 3.9282405376434326
1069 	 3.7932686805725098
1070 	 3.9647481441497803
1071 	 3.5955612659454346
1072 	 3.6427977085113525
1073 	 3.809535026550293
1074 	 3.6594178676605225
1075 	 3.2904937267303467
1076 	 3.318157434463501
1077 	 3.6550657749176025
1078 	 3.773313045501709
1079 	 3.6621625423431396
1080 	 3.7008628845214844
1081 	 3.5380473136901855
1082 	 3.71889328956604
1083 	 3.938767671585083
1084 	 3.6096038818359375
1085 	 3.7003066539764404
1086 	 3.6803407669067383
1087 	 3.3228423595428467
1088 	 3.665983200073242
1089 	 3.5024189949035645
1090 	 3.3979568481445312
1091 	 3.696054220199585
1092 	 3.7715611457824707
1093 	 4.016839504241943
1094 	 3.6948108673095703
1095 	 3.9828948974609375
1096 	 3.860278367996216
1097 	 4.060459136962891
1098 	 4.082432746887207
1099 	 3.777790069580078
1100 	 4.164436340332031
1101 	 3.772456407546997
1102 	 3.9187214374542236
1103 	 3.947511672973633
1104 	 3.967453718185425
1105 	 3.9577605724334717
1106 	 3.985858201980591
1107 	 4.057614326477051
1108 	 3.9883174896240234
1109 	 3.9976465702056885
1110 	 3.853280782699585
1111 	 3.6478145122528076
1112 	 3.465580701828003
1113 	 3.8569717407226562
1114 	 3.9472029209136963
1115 	 4.081377983093262
1116 	 4.0796966552734375
1117 	 3.9080116748809814
1118 	 3.945626974105835
1119 	 3.979917287826538
1120 	 3.6935155391693115
1121 	 3.9357047080993652
1122 	 3.787309169769287
1123 	 3.958346366882324
1124 	 4.041127681732178
1125 	 4.036592960357666
1126 	 4.072447299957275
1127 	 4.098488807678223
1128 	 3.9665424823760986
1129 	 4.0253143310546875
1130 	 4.042378902435303
1131 	 4.072987079620361
1132 	 4.099479675292969
1133 	 3.710310935974121
1134 	 3.885819435119629
1135 	 3.9912641048431396
1136 	 4.154716491699219
1137 	 4.077157974243164
1138 	 4.1109299659729
1139 	 4.1297783851623535
1140 	 4.01612663269043
1141 	 3.957744598388672
1142 	 4.024537563323975
1143 	 4.001594543457031
1144 	 4.146677494049072
1145 	 3.874253749847412
1146 	 3.9446349143981934
1147 	 3.9852371215820312
1148 	 3.8565704822540283
1149 	 3.8742313385009766
1150 	 3.9353935718536377
1151 	 4.010204315185547
1152 	 3.965736150741577
1153 	 3.930251121520996
1154 	 4.03780460357666
1155 	 4.055733680725098
1156 	 3.8723440170288086
1157 	 3.840860605239868
1158 	 3.7577340602874756
1159 	 3.8610939979553223
1160 	 3.8270254135131836
1161 	 3.847245693206787
1162 	 3.873304843902588
1163 	 3.8578097820281982
1164 	 3.685706853866577
1165 	 3.809098243713379
1166 	 3.89219331741333
1167 	 3.787160634994507
1168 	 3.7240514755249023
1169 	 3.780604124069214
1170 	 3.976468801498413
1171 	 3.7244043350219727
1172 	 3.3883414268493652
1173 	 3.628607988357544
1174 	 3.683248996734619
1175 	 4.001850128173828
1176 	 3.9227161407470703
1177 	 4.0160627365112305
1178 	 3.8822379112243652
1179 	 3.7529213428497314
1180 	 4.087968826293945
1181 	 3.8809454441070557
1182 	 4.04668664932251
1183 	 3.6397552490234375
1184 	 3.7601380348205566
1185 	 3.9839916229248047
1186 	 3.7951037883758545
1187 	 3.7412378787994385
1188 	 3.9413204193115234
1189 	 4.074466228485107
1190 	 4.00115966796875
1191 	 4.26095724105835
1192 	 4.083094120025635
1193 	 3.9148805141448975
1194 	 4.175567626953125
1195 	 4.086338520050049
1196 	 3.8676366806030273
1197 	 4.196583271026611
1198 	 4.096778392791748
1199 	 3.501620054244995
1200 	 3.7959766387939453
1201 	 3.6276867389678955
1202 	 3.5301265716552734
1203 	 3.6349430084228516
1204 	 3.640862226486206
1205 	 3.942847490310669
1206 	 3.9162120819091797
1207 	 3.6873958110809326
1208 	 3.746342182159424
1209 	 4.00209379196167
1210 	 4.098015308380127
1211 	 3.675914764404297
1212 	 3.7496795654296875
1213 	 4.018316268920898
1214 	 3.698786735534668
1215 	 4.013880252838135
1216 	 3.991544246673584
1217 	 3.9302470684051514
1218 	 3.8742709159851074
1219 	 3.953853130340576
1220 	 3.9335575103759766
1221 	 3.9570534229278564
1222 	 3.992480516433716
1223 	 4.1329193115234375
1224 	 3.828291416168213
1225 	 4.238131999969482
1226 	 4.172653675079346
1227 	 4.04774808883667
1228 	 3.8011434078216553
1229 	 3.725687026977539
1230 	 3.434864044189453
1231 	 3.4400460720062256
1232 	 3.2406811714172363
1233 	 3.378506898880005
1234 	 3.876889228820801
1235 	 3.8053395748138428
1236 	 3.5183420181274414
1237 	 3.9381535053253174
1238 	 4.034372806549072
1239 	 4.049792289733887
1240 	 4.006753921508789
1241 	 4.054033279418945
1242 	 3.7321901321411133
1243 	 4.0190629959106445
1244 	 3.986402750015259
1245 	 4.196822166442871
1246 	 3.9273533821105957
1247 	 4.204245090484619
1248 	 3.9734184741973877
1249 	 3.6683473587036133
1250 	 4.096701622009277
1251 	 3.937098503112793
1252 	 3.7559049129486084
1253 	 3.73414945602417
1254 	 3.9380383491516113
1255 	 3.6399192810058594
1256 	 3.834085702896118
1257 	 3.82490611076355
1258 	 3.4997780323028564
1259 	 3.710723638534546
1260 	 3.7817981243133545
1261 	 3.4867541790008545
1262 	 3.6629765033721924
1263 	 3.7050719261169434
1264 	 3.693311929702759
1265 	 3.8868751525878906
1266 	 3.7041213512420654
1267 	 3.496166467666626
1268 	 3.3260326385498047
1269 	 3.3630380630493164
1270 	 3.2862446308135986
1271 	 3.589587450027466
1272 	 3.72281813621521
1273 	 3.775670289993286
1274 	 3.8775668144226074
1275 	 4.100433349609375
1276 	 3.9432826042175293
1277 	 3.7280349731445312
1278 	 3.8313791751861572
1279 	 3.8003768920898438
1280 	 4.019999027252197
1281 	 3.8488874435424805
1282 	 3.719212532043457
1283 	 3.596499443054199
1284 	 3.5731663703918457
1285 	 3.4730801582336426
1286 	 3.6044723987579346
1287 	 4.074316501617432
1288 	 4.25351619720459
1289 	 3.7639176845550537
1290 	 3.904766798019409
1291 	 3.748025417327881
1292 	 3.8302059173583984
1293 	 3.8728420734405518
1294 	 3.915644407272339
1295 	 3.8944966793060303
1296 	 4.151129722595215
1297 	 3.9790456295013428
1298 	 3.9858241081237793
1299 	 4.032395839691162
1300 	 4.061701774597168
1301 	 3.8642923831939697
1302 	 3.910254955291748
1303 	 4.023226261138916
1304 	 3.831515312194824
1305 	 3.5507237911224365
1306 	 3.9599246978759766
1307 	 3.890970468521118
1308 	 4.093021392822266
1309 	 3.906935930252075
1310 	 3.942080020904541
1311 	 3.9355533123016357
1312 	 3.959458827972412
1313 	 3.780912399291992
1314 	 3.625572443008423
1315 	 3.8653554916381836
1316 	 3.621227502822876
1317 	 3.8704636096954346
1318 	 3.466303586959839
1319 	 3.8321893215179443
1320 	 3.8938214778900146
1321 	 3.594640016555786
1322 	 3.7245049476623535
1323 	 3.7625441551208496
1324 	 3.874110221862793
1325 	 3.6559641361236572
1326 	 3.862771987915039
1327 	 3.7332451343536377
1328 	 3.874253511428833
1329 	 3.789141893386841
1330 	 3.4616615772247314
1331 	 3.6838159561157227
1332 	 3.8729019165039062
1333 	 3.6006081104278564
1334 	 3.6765236854553223
1335 	 3.865935802459717
1336 	 4.130300998687744
1337 	 3.8157598972320557
1338 	 3.735898017883301
1339 	 3.6317083835601807
1340 	 3.9069736003875732
1341 	 3.8120131492614746
1342 	 3.435659885406494
1343 	 3.564175605773926
1344 	 3.7458407878875732
1345 	 3.197150945663452
1346 	 3.5409440994262695
1347 	 3.4819717407226562
1348 	 3.53853178024292
1349 	 4.037132740020752
1350 	 3.8596413135528564
1351 	 3.7582662105560303
1352 	 3.5481367111206055
1353 	 3.7825729846954346
1354 	 3.950780153274536
1355 	 4.111703872680664
1356 	 3.618908166885376
1357 	 3.795435667037964
1358 	 3.5400850772857666
1359 	 3.7105424404144287
1360 	 3.8939857482910156
1361 	 3.9811859130859375
1362 	 3.7810351848602295
1363 	 3.6726832389831543
1364 	 3.5616672039031982
1365 	 3.539550304412842
1366 	 3.3846139907836914
1367 	 3.7049362659454346
1368 	 3.7272069454193115
1369 	 3.9756569862365723
1370 	 3.9352242946624756
1371 	 3.7983627319335938
1372 	 3.549124240875244
1373 	 3.7640938758850098
1374 	 3.930596113204956
1375 	 3.901092290878296
1376 	 3.9637961387634277
1377 	 4.07631778717041
1378 	 3.9053635597229004
1379 	 3.8816349506378174
1380 	 3.899853229522705
1381 	 4.058450698852539
1382 	 3.824063777923584
1383 	 3.884352922439575
1384 	 4.158038139343262
1385 	 4.233928203582764
1386 	 4.046487331390381
1387 	 4.250308036804199
1388 	 4.085311412811279
1389 	 4.26893424987793
1390 	 4.2374677658081055
1391 	 4.186954975128174
1392 	 4.299650192260742
1393 	 4.3639655113220215
1394 	 4.2046895027160645
1395 	 4.060204982757568
1396 	 4.048339366912842
1397 	 4.278876304626465
1398 	 4.296692371368408
1399 	 4.28525972366333
1400 	 4.002737522125244
1401 	 4.393388271331787
1402 	 4.183826923370361
1403 	 4.473171710968018
1404 	 4.312840938568115
1405 	 4.005435466766357
1406 	 4.484255313873291
1407 	 4.107314109802246
1408 	 4.122486591339111
1409 	 4.249618053436279
1410 	 4.057333469390869
1411 	 4.299053192138672
1412 	 4.172641754150391
1413 	 4.265780925750732
1414 	 3.713203191757202
1415 	 3.4492485523223877
1416 	 3.626523971557617
1417 	 3.6373960971832275
1418 	 4.070255279541016
1419 	 3.8212902545928955
1420 	 4.009154796600342
1421 	 3.9967520236968994
1422 	 4.397125244140625
1423 	 4.039787292480469
1424 	 3.90590500831604
1425 	 4.029151439666748
1426 	 3.9583826065063477
1427 	 3.5330638885498047
1428 	 3.5756938457489014
1429 	 3.8958582878112793
1430 	 3.9374186992645264
1431 	 3.7314834594726562
1432 	 3.439326286315918
1433 	 3.5182104110717773
1434 	 3.628068447113037
1435 	 3.4501352310180664
1436 	 3.789179563522339
1437 	 3.7433278560638428
1438 	 3.6940722465515137
1439 	 3.8952174186706543
1440 	 4.062284469604492
1441 	 4.00480842590332
1442 	 3.9797608852386475
1443 	 3.8764333724975586
1444 	 3.9410345554351807
1445 	 4.106441020965576
1446 	 4.013696670532227
1447 	 3.93025279045105
1448 	 3.987978935241699
1449 	 4.030092716217041
1450 	 4.525197505950928
1451 	 3.879232883453369
1452 	 3.9200422763824463
1453 	 3.7951059341430664
1454 	 3.485865592956543
1455 	 3.7436153888702393
1456 	 3.4359164237976074
1457 	 3.717968702316284
1458 	 3.7683053016662598
1459 	 3.9095709323883057
1460 	 3.942021369934082
1461 	 3.630556106567383
1462 	 3.9498543739318848
1463 	 3.9391531944274902
1464 	 3.7369472980499268
1465 	 3.98010516166687
1466 	 3.8477020263671875
1467 	 3.7786929607391357
1468 	 3.817790985107422
1469 	 3.8245010375976562
1470 	 3.9229886531829834
1471 	 3.892301082611084
1472 	 3.743102788925171
1473 	 3.9144198894500732
1474 	 3.882824182510376
1475 	 4.121318817138672
1476 	 3.747021198272705
1477 	 3.502206563949585
1478 	 3.515289545059204
1479 	 3.6070556640625
1480 	 3.6715869903564453
1481 	 3.6285653114318848
1482 	 3.800788164138794
1483 	 4.017554759979248
1484 	 4.014354228973389
1485 	 4.010730266571045
1486 	 3.9866671562194824
1487 	 3.998842716217041
1488 	 4.212542533874512
1489 	 3.621490955352783
1490 	 3.807512044906616
1491 	 3.8150100708007812
1492 	 3.9875195026397705
1493 	 3.8168439865112305
1494 	 4.092077732086182
1495 	 4.026326656341553
1496 	 3.763920545578003
1497 	 4.020780086517334
1498 	 3.987151622772217
1499 	 3.8970508575439453
1500 	 3.8568544387817383
1501 	 3.9419355392456055
1502 	 3.900280714035034
1503 	 3.962834358215332
1504 	 3.6970746517181396
1505 	 4.036992073059082
1506 	 3.822488307952881
1507 	 3.843215227127075
1508 	 3.9934511184692383
1509 	 3.860861301422119
1510 	 4.067855358123779
1511 	 3.743041753768921
1512 	 3.6833651065826416
1513 	 3.652210235595703
1514 	 3.8754661083221436
1515 	 3.844747304916382
1516 	 4.331957817077637
1517 	 3.8794076442718506
1518 	 4.042903423309326
1519 	 4.11723518371582
1520 	 3.5836181640625
1521 	 3.619058847427368
1522 	 3.9242591857910156
1523 	 4.316427707672119
1524 	 4.034422397613525
1525 	 4.015804767608643
1526 	 4.051382541656494
1527 	 3.903939962387085
1528 	 3.94671893119812
1529 	 3.6587438583374023
1530 	 3.772186517715454
1531 	 3.8310298919677734
1532 	 3.725855827331543
1533 	 3.7645654678344727
1534 	 3.7101521492004395
1535 	 3.8792903423309326
1536 	 4.049025535583496
1537 	 4.2023162841796875
1538 	 3.9276604652404785
1539 	 3.9895987510681152
1540 	 3.8715527057647705
1541 	 4.135785102844238
1542 	 3.9304962158203125
1543 	 3.510857343673706
1544 	 3.6171932220458984
1545 	 3.6222448348999023
1546 	 4.074019432067871
1547 	 4.0043230056762695
1548 	 4.092912197113037
1549 	 3.8161163330078125
1550 	 4.129715919494629
1551 	 4.258090496063232
1552 	 3.9541940689086914
1553 	 3.8524208068847656
1554 	 3.922138214111328
1555 	 4.041380405426025
1556 	 3.866584539413452
1557 	 4.134805679321289
1558 	 3.8415045738220215
1559 	 3.9672250747680664
1560 	 4.058425426483154
1561 	 3.8274199962615967
1562 	 4.250473499298096
1563 	 3.9255752563476562
1564 	 4.064615249633789
1565 	 3.8551368713378906
1566 	 3.884626865386963
1567 	 4.082846641540527
1568 	 4.122045516967773
1569 	 3.737501859664917
1570 	 3.7541346549987793
1571 	 3.890000581741333
1572 	 3.8307621479034424
1573 	 3.9094386100769043
1574 	 3.9525036811828613
1575 	 3.821042537689209
1576 	 3.48205828666687
1577 	 3.5646047592163086
1578 	 3.822476863861084
1579 	 3.957026481628418
1580 	 3.9262139797210693
1581 	 3.7891361713409424
1582 	 3.8351752758026123
1583 	 3.5210304260253906
1584 	 3.258784770965576
1585 	 3.48120379447937
1586 	 3.502450942993164
1587 	 3.707490921020508
1588 	 3.6048166751861572
1589 	 3.711961269378662
1590 	 3.991800308227539
1591 	 4.177781581878662
1592 	 4.023622035980225
1593 	 3.6195194721221924
1594 	 3.592886209487915
1595 	 3.6001973152160645
1596 	 4.06801176071167
1597 	 3.989885091781616
1598 	 3.854051351547241
1599 	 3.5872747898101807
1600 	 3.595215320587158
1601 	 4.106706619262695
1602 	 3.927009105682373
1603 	 3.844874620437622
1604 	 3.7374932765960693
1605 	 3.859208106994629
1606 	 4.090403079986572
1607 	 3.7755672931671143
1608 	 3.898832082748413
1609 	 3.8366711139678955
1610 	 3.874243974685669
1611 	 3.919182777404785
1612 	 4.015438556671143
1613 	 4.062677383422852
1614 	 4.198265552520752
1615 	 4.092041969299316
1616 	 3.7613813877105713
1617 	 4.207499980926514
1618 	 4.20728874206543
1619 	 4.105508804321289
1620 	 3.894524335861206
1621 	 3.7937021255493164
1622 	 4.188841819763184
1623 	 4.354861736297607
1624 	 4.531384468078613
1625 	 4.078140735626221
1626 	 4.048863887786865
1627 	 3.8817009925842285
1628 	 3.8880512714385986
1629 	 4.083478927612305
1630 	 3.820728063583374
1631 	 3.9699270725250244
1632 	 4.086366176605225
1633 	 4.000405788421631
1634 	 4.0583109855651855
1635 	 4.317101955413818
1636 	 4.05054235458374
1637 	 3.652790069580078
1638 	 4.021316051483154
1639 	 3.8917770385742188
1640 	 4.0448222160339355
1641 	 3.841695547103882
1642 	 4.266206741333008
1643 	 4.074429512023926
1644 	 3.96893310546875
1645 	 3.922523260116577
1646 	 3.724881887435913
1647 	 4.07748556137085
1648 	 3.761305332183838
1649 	 3.8832170963287354
1650 	 3.8146166801452637
1651 	 3.867539405822754
1652 	 3.9236998558044434
1653 	 3.5553622245788574
1654 	 3.337543249130249
1655 	 3.4649293422698975
1656 	 3.312480926513672
1657 	 3.319693088531494
1658 	 3.652693033218384
1659 	 3.517817497253418
1660 	 3.8816232681274414
1661 	 3.6883962154388428
1662 	 3.823320150375366
1663 	 4.033224582672119
1664 	 3.8936710357666016
1665 	 3.805049180984497
1666 	 3.9734325408935547
1667 	 3.8435146808624268
1668 	 3.9036829471588135
1669 	 3.956777572631836
1670 	 3.8042867183685303
1671 	 3.344996929168701
1672 	 3.9043164253234863
1673 	 4.005026340484619
1674 	 3.8962152004241943
1675 	 3.762328863143921
1676 	 4.170989036560059
1677 	 3.916046619415283
1678 	 3.8173999786376953
1679 	 3.9427669048309326
1680 	 3.460881233215332
1681 	 3.7008025646209717
1682 	 3.6442534923553467
1683 	 3.5755748748779297
1684 	 3.8546104431152344
1685 	 3.9842004776000977
1686 	 3.7610554695129395
1687 	 3.806307792663574
1688 	 3.8269991874694824
1689 	 3.850668430328369
1690 	 3.8586738109588623
1691 	 3.9447338581085205
1692 	 4.122209072113037
1693 	 3.7044718265533447
1694 	 3.6935644149780273
1695 	 3.935462713241577
1696 	 4.107224941253662
1697 	 3.570551872253418
1698 	 3.502000570297241
1699 	 3.770951986312866
1700 	 3.828796625137329
1701 	 3.9244918823242188
1702 	 4.146249771118164
1703 	 2.9424591064453125
1704 	 3.6817147731781006
1705 	 3.834717035293579
1706 	 3.9317634105682373
1707 	 3.8813393115997314
1708 	 3.8942253589630127
1709 	 3.4445157051086426
1710 	 3.643038511276245
1711 	 4.096210956573486
1712 	 3.562180280685425
1713 	 3.5163450241088867
1714 	 3.618926763534546
1715 	 3.417933225631714
1716 	 3.2994542121887207
1717 	 3.7241766452789307
1718 	 3.9785280227661133
1719 	 3.8722445964813232
1720 	 4.164912700653076
1721 	 3.8888638019561768
1722 	 4.078670024871826
1723 	 3.64955735206604
1724 	 3.657517194747925
1725 	 3.762766122817993
1726 	 3.815091848373413
1727 	 3.799872875213623
1728 	 4.006908416748047
1729 	 3.7998530864715576
1730 	 3.808319568634033
1731 	 3.737035036087036
1732 	 3.560502767562866
1733 	 4.012364864349365
1734 	 3.760430097579956
1735 	 4.057837963104248
1736 	 4.047704219818115
1737 	 3.837324857711792
1738 	 3.8903727531433105
1739 	 4.131264686584473
1740 	 3.9038875102996826
1741 	 3.985994815826416
1742 	 3.8530495166778564
1743 	 3.8151047229766846
1744 	 3.9214894771575928
1745 	 3.7148494720458984
1746 	 3.966193437576294
1747 	 4.0523905754089355
1748 	 4.004871845245361
1749 	 3.9226903915405273
