0 	 0.0
1 	 1.852827787399292
2 	 2.0585854053497314
3 	 2.676865816116333
4 	 3.878737688064575
5 	 2.376389265060425
6 	 1.9541218280792236
7 	 2.4849681854248047
8 	 3.5291881561279297
9 	 3.930112838745117
10 	 4.40635347366333
11 	 3.9803380966186523
12 	 4.362738609313965
13 	 4.114391326904297
14 	 3.8699307441711426
15 	 4.029148101806641
16 	 3.8892407417297363
17 	 3.6793367862701416
18 	 3.2587132453918457
19 	 4.09694242477417
20 	 3.88543701171875
21 	 3.901442766189575
22 	 3.826903820037842
23 	 4.239182949066162
24 	 4.2160844802856445
25 	 4.102892875671387
26 	 4.196944713592529
27 	 4.1666669845581055
28 	 4.353599548339844
29 	 4.115110397338867
30 	 3.789158582687378
31 	 3.513723611831665
32 	 4.25834846496582
33 	 3.81870174407959
34 	 4.097720623016357
35 	 4.033658504486084
36 	 4.129185199737549
37 	 4.481317043304443
38 	 4.181460380554199
39 	 3.966240882873535
40 	 4.129687309265137
41 	 4.179800510406494
42 	 4.181454181671143
43 	 4.271224021911621
44 	 4.168738842010498
45 	 4.05840539932251
46 	 4.383439064025879
47 	 3.9045934677124023
48 	 4.162115573883057
49 	 4.036255836486816
50 	 4.110538482666016
51 	 4.214295387268066
52 	 4.19462776184082
53 	 4.1409912109375
54 	 4.2342047691345215
55 	 4.199512958526611
56 	 4.195556163787842
57 	 3.9204506874084473
58 	 4.270374774932861
59 	 4.043423652648926
60 	 4.1406049728393555
61 	 3.9868040084838867
62 	 4.139606952667236
63 	 4.279230117797852
64 	 4.275842189788818
65 	 4.036883354187012
66 	 4.131917476654053
67 	 4.0055670738220215
68 	 4.0798444747924805
69 	 4.011772155761719
70 	 4.235205173492432
71 	 3.858933448791504
72 	 3.9890315532684326
73 	 4.232333660125732
74 	 4.624626159667969
75 	 4.548064708709717
76 	 4.571446895599365
77 	 4.417286396026611
78 	 4.283487796783447
79 	 4.381637096405029
80 	 4.4762282371521
81 	 4.4807047843933105
82 	 4.589869022369385
83 	 4.353762626647949
84 	 4.31052303314209
85 	 4.30635929107666
86 	 4.237262725830078
87 	 4.231873989105225
88 	 4.222914218902588
89 	 4.264934539794922
90 	 4.268505573272705
91 	 4.526137828826904
92 	 4.379755020141602
93 	 4.213774681091309
94 	 4.138585090637207
95 	 4.0850419998168945
96 	 4.324087142944336
97 	 4.261416912078857
98 	 4.201955795288086
99 	 4.429041862487793
100 	 4.252771377563477
101 	 3.8479790687561035
102 	 4.091255187988281
103 	 3.903693437576294
104 	 3.950817823410034
105 	 4.1234331130981445
106 	 4.189158916473389
107 	 3.8192179203033447
108 	 4.203392028808594
109 	 4.037289142608643
110 	 4.121139049530029
111 	 4.000694274902344
112 	 4.444859027862549
113 	 4.672555446624756
114 	 4.421236991882324
115 	 4.186806678771973
116 	 4.423834800720215
117 	 4.598570823669434
118 	 4.340744972229004
119 	 4.14851713180542
120 	 4.0680036544799805
121 	 4.111225128173828
122 	 4.425577640533447
123 	 4.585458278656006
124 	 4.6726508140563965
125 	 4.626899719238281
126 	 4.617706298828125
127 	 4.538698196411133
128 	 4.6302385330200195
129 	 4.083961009979248
130 	 3.8940024375915527
131 	 4.286333084106445
132 	 4.14067268371582
133 	 4.192641258239746
134 	 4.554861545562744
135 	 4.5470499992370605
136 	 4.142104625701904
137 	 4.666080474853516
138 	 4.40285062789917
139 	 4.347879886627197
140 	 4.396101951599121
141 	 4.487545490264893
142 	 4.323835849761963
143 	 4.3024139404296875
144 	 4.224174499511719
145 	 4.195282936096191
146 	 4.059896469116211
147 	 4.1805243492126465
148 	 4.244373321533203
149 	 4.066043376922607
150 	 3.776400327682495
151 	 3.802755355834961
152 	 3.9355013370513916
153 	 3.8605477809906006
154 	 4.055287837982178
155 	 3.953152894973755
156 	 3.9440460205078125
157 	 4.069029808044434
158 	 3.771153688430786
159 	 3.608933210372925
160 	 3.9208362102508545
161 	 3.8011302947998047
162 	 3.8928515911102295
163 	 4.059119701385498
164 	 3.679025411605835
165 	 3.7981274127960205
166 	 3.7966949939727783
167 	 3.9729418754577637
168 	 3.8537650108337402
169 	 4.074762344360352
170 	 3.9368784427642822
171 	 3.8443429470062256
172 	 3.8949174880981445
173 	 3.502863645553589
174 	 3.2796597480773926
175 	 3.3701281547546387
176 	 3.159093141555786
177 	 3.9180545806884766
178 	 3.8080856800079346
179 	 3.7941477298736572
180 	 3.529189348220825
181 	 3.734598159790039
182 	 3.982555627822876
183 	 3.974764823913574
184 	 3.982800006866455
185 	 4.099735260009766
186 	 3.8903582096099854
187 	 3.7290573120117188
188 	 3.596353530883789
189 	 3.392928123474121
190 	 3.480968713760376
191 	 3.5480802059173584
192 	 3.9357750415802
193 	 4.091315269470215
194 	 3.8575973510742188
195 	 3.9276320934295654
196 	 3.56803297996521
197 	 3.7232837677001953
198 	 3.7866411209106445
199 	 3.8623831272125244
200 	 4.158654689788818
201 	 4.128621578216553
202 	 4.003938674926758
203 	 3.894785165786743
204 	 3.7796518802642822
205 	 3.892024517059326
206 	 3.9306488037109375
207 	 3.6155381202697754
208 	 4.042261600494385
209 	 3.5132391452789307
210 	 3.8965508937835693
211 	 3.6489973068237305
212 	 3.7588000297546387
213 	 3.8511874675750732
214 	 3.6891372203826904
215 	 3.8864805698394775
216 	 3.7909693717956543
217 	 3.888545274734497
218 	 3.9424283504486084
219 	 3.8484134674072266
220 	 4.03853178024292
221 	 3.68839430809021
222 	 3.7645280361175537
223 	 3.9270377159118652
224 	 4.192716598510742
225 	 4.1193695068359375
226 	 3.9790725708007812
227 	 3.9635977745056152
228 	 4.510091781616211
229 	 4.234572887420654
230 	 4.033995628356934
231 	 3.912104845046997
232 	 4.1852707862854
233 	 4.120105266571045
234 	 3.934690237045288
235 	 3.610539197921753
236 	 3.573362350463867
237 	 3.636223077774048
238 	 3.5606186389923096
239 	 3.7773146629333496
240 	 3.8477814197540283
241 	 3.965132236480713
242 	 3.8068997859954834
243 	 4.199604034423828
244 	 4.0029191970825195
245 	 3.8438878059387207
246 	 3.8980770111083984
247 	 3.7754454612731934
248 	 3.534761905670166
249 	 4.008559703826904
250 	 4.073981285095215
251 	 4.0817155838012695
252 	 3.812453269958496
253 	 4.059446334838867
254 	 4.023133754730225
255 	 3.934764862060547
256 	 3.3569488525390625
257 	 3.6757748126983643
258 	 3.9032130241394043
259 	 3.810929298400879
260 	 3.761556625366211
261 	 3.5049784183502197
262 	 3.8524489402770996
263 	 3.4690709114074707
264 	 3.4903154373168945
265 	 3.4887192249298096
266 	 3.5435051918029785
267 	 3.911837100982666
268 	 3.9345338344573975
269 	 3.7838022708892822
270 	 3.790742874145508
271 	 3.64088773727417
272 	 3.4989380836486816
273 	 3.808119773864746
274 	 3.7901110649108887
275 	 3.834933042526245
276 	 4.088904857635498
277 	 3.9564812183380127
278 	 4.012129783630371
279 	 3.660576105117798
280 	 3.2676897048950195
281 	 3.356661558151245
282 	 3.4570860862731934
283 	 3.6672472953796387
284 	 3.380479335784912
285 	 3.7791717052459717
286 	 3.6729071140289307
287 	 3.611206293106079
288 	 3.633643388748169
289 	 3.919175386428833
290 	 3.743166446685791
291 	 3.8589494228363037
292 	 3.568713903427124
293 	 3.745593786239624
294 	 3.7657158374786377
295 	 3.8880741596221924
296 	 4.016750335693359
297 	 3.7949349880218506
298 	 3.9047927856445312
299 	 4.141552925109863
300 	 3.678126335144043
301 	 3.6483399868011475
302 	 3.9208972454071045
303 	 3.9669711589813232
304 	 3.997525691986084
305 	 4.224057197570801
306 	 3.975994825363159
307 	 4.046448707580566
308 	 3.902963638305664
309 	 3.8779473304748535
310 	 3.769585609436035
311 	 3.889711380004883
312 	 3.5133376121520996
313 	 3.887756109237671
314 	 4.101888179779053
315 	 3.9213998317718506
316 	 4.077070236206055
317 	 4.088990688323975
318 	 3.9674832820892334
319 	 4.027120113372803
320 	 3.904539108276367
321 	 3.8813469409942627
322 	 3.7951347827911377
323 	 3.8184072971343994
324 	 4.0051093101501465
325 	 3.6992828845977783
326 	 3.6977715492248535
327 	 3.5796561241149902
328 	 3.8339037895202637
329 	 3.857329845428467
330 	 3.7331409454345703
331 	 3.786212921142578
332 	 3.617936611175537
333 	 3.7673699855804443
334 	 3.961449146270752
335 	 3.6425282955169678
336 	 3.755603313446045
337 	 3.871870517730713
338 	 3.862427234649658
339 	 4.158285140991211
340 	 4.131145000457764
341 	 3.8341684341430664
342 	 4.016397953033447
343 	 3.9984304904937744
344 	 3.759348154067993
345 	 3.523158073425293
346 	 3.808272123336792
347 	 3.949795961380005
348 	 3.9685192108154297
349 	 3.7307167053222656
350 	 3.964714288711548
351 	 3.8640854358673096
352 	 3.9497170448303223
353 	 3.965787410736084
354 	 3.735435962677002
355 	 3.922974109649658
356 	 3.8750319480895996
357 	 3.7524302005767822
358 	 3.655853271484375
359 	 3.6943416595458984
360 	 3.7739670276641846
361 	 3.4537160396575928
362 	 3.1777184009552
363 	 3.551076650619507
364 	 3.7105278968811035
365 	 3.5745158195495605
366 	 3.756580114364624
367 	 3.718012571334839
368 	 3.7971129417419434
369 	 3.7363646030426025
370 	 3.885801315307617
371 	 3.9719462394714355
372 	 3.8314783573150635
373 	 3.789628267288208
374 	 4.048036098480225
375 	 4.085156440734863
376 	 4.079323768615723
377 	 4.217357158660889
378 	 4.133968830108643
379 	 3.7772176265716553
380 	 4.071557998657227
381 	 3.6917009353637695
382 	 3.790341377258301
383 	 3.941307544708252
384 	 3.875007390975952
385 	 3.925257444381714
386 	 4.034049987792969
387 	 4.018600940704346
388 	 4.053030967712402
389 	 3.972450017929077
390 	 3.8978943824768066
391 	 3.5541622638702393
392 	 3.9446871280670166
393 	 3.674135446548462
394 	 3.761181592941284
395 	 3.5001587867736816
396 	 3.8361966609954834
397 	 3.5723586082458496
398 	 3.7436835765838623
399 	 3.767987012863159
400 	 3.624818801879883
401 	 3.717960834503174
402 	 3.763787269592285
403 	 3.987232208251953
404 	 3.848222017288208
405 	 3.991010904312134
406 	 4.03273344039917
407 	 3.9215426445007324
408 	 3.6621005535125732
409 	 4.02154016494751
410 	 4.1081390380859375
411 	 3.6886937618255615
412 	 4.0792412757873535
413 	 4.05605936050415
414 	 4.06813383102417
415 	 3.882269859313965
416 	 3.855496406555176
417 	 3.497049331665039
418 	 3.490435838699341
419 	 3.690993309020996
420 	 3.5549464225769043
421 	 3.683608293533325
422 	 3.70749831199646
423 	 3.6629645824432373
424 	 3.721252202987671
425 	 3.9235401153564453
426 	 4.0661420822143555
427 	 3.9572346210479736
428 	 3.863807439804077
429 	 4.067583084106445
430 	 3.4336884021759033
431 	 3.6652305126190186
432 	 3.3151321411132812
433 	 3.505000114440918
434 	 3.6664867401123047
435 	 3.8924944400787354
436 	 3.4771289825439453
437 	 3.6613240242004395
438 	 3.7330596446990967
439 	 3.432279586791992
440 	 3.5596163272857666
441 	 3.6881396770477295
442 	 3.594294309616089
443 	 3.8532121181488037
444 	 3.93428897857666
445 	 4.007704257965088
446 	 3.782557249069214
447 	 3.5976247787475586
448 	 3.6575889587402344
449 	 3.464869737625122
450 	 3.711700201034546
451 	 3.9258530139923096
452 	 3.599292039871216
453 	 3.7396223545074463
454 	 3.7381749153137207
455 	 4.025182247161865
456 	 3.6783511638641357
457 	 4.003448963165283
458 	 3.7114126682281494
459 	 3.8371338844299316
460 	 4.241294860839844
461 	 4.073812961578369
462 	 3.8411428928375244
463 	 4.084550380706787
464 	 4.099523544311523
465 	 4.138112545013428
466 	 3.942002296447754
467 	 3.8954427242279053
468 	 3.7323243618011475
469 	 3.9334819316864014
470 	 3.705383062362671
471 	 3.460423231124878
472 	 3.9831178188323975
473 	 4.022364616394043
474 	 4.085404872894287
475 	 3.720165729522705
476 	 3.743921995162964
477 	 3.9345133304595947
478 	 3.8751864433288574
479 	 3.5632240772247314
480 	 3.8369803428649902
481 	 4.044383525848389
482 	 3.9409334659576416
483 	 3.624336004257202
484 	 3.912581205368042
485 	 3.506035089492798
486 	 3.85646915435791
487 	 3.8622586727142334
488 	 3.9293136596679688
489 	 3.759120464324951
490 	 3.9967713356018066
491 	 4.05615234375
492 	 3.742666006088257
493 	 3.975843906402588
494 	 3.8709049224853516
495 	 3.9590020179748535
496 	 4.111250877380371
497 	 3.8056302070617676
498 	 4.1722517013549805
499 	 3.870011806488037
500 	 3.8451666831970215
501 	 4.168303966522217
502 	 4.09492826461792
503 	 4.060949802398682
504 	 4.0993123054504395
505 	 4.148601531982422
506 	 3.480644464492798
507 	 3.3285250663757324
508 	 3.522348165512085
509 	 3.5385329723358154
510 	 3.524381637573242
511 	 3.4312405586242676
512 	 3.3675739765167236
513 	 3.4985077381134033
514 	 3.9769856929779053
515 	 4.015187740325928
516 	 4.194273471832275
517 	 4.031905651092529
518 	 3.68670392036438
519 	 3.6318113803863525
520 	 3.951551914215088
521 	 4.057754993438721
522 	 3.931159257888794
523 	 3.9628684520721436
524 	 3.702766180038452
525 	 3.60550594329834
526 	 3.738847255706787
527 	 3.8536367416381836
528 	 3.760939121246338
529 	 3.53220796585083
530 	 3.861973524093628
531 	 3.5555474758148193
532 	 3.5250420570373535
533 	 3.7050976753234863
534 	 3.5081424713134766
535 	 3.740511417388916
536 	 4.06297492980957
537 	 3.799381971359253
538 	 3.940803289413452
539 	 3.844531774520874
540 	 3.8117713928222656
541 	 3.2556495666503906
542 	 3.5641887187957764
543 	 3.5859310626983643
544 	 3.5697848796844482
545 	 3.6885719299316406
546 	 3.29437518119812
547 	 3.328962564468384
548 	 3.8971827030181885
549 	 3.813445806503296
550 	 3.8664262294769287
551 	 4.053938388824463
552 	 3.762688159942627
553 	 3.761242389678955
554 	 3.9913535118103027
555 	 3.8166913986206055
556 	 4.15696907043457
557 	 4.353006362915039
558 	 4.269213676452637
559 	 4.000657558441162
560 	 3.920057535171509
561 	 4.047757148742676
562 	 3.8505351543426514
563 	 3.8198819160461426
564 	 3.9916343688964844
565 	 3.9907352924346924
566 	 3.9934792518615723
567 	 3.9203741550445557
568 	 4.21022891998291
569 	 3.9906914234161377
570 	 4.100986480712891
571 	 3.861790180206299
572 	 4.002788543701172
573 	 4.045713901519775
574 	 3.96329402923584
575 	 3.8111913204193115
576 	 3.993101119995117
577 	 3.5837013721466064
578 	 3.828145742416382
579 	 3.8815395832061768
580 	 3.8308708667755127
581 	 3.8715527057647705
582 	 4.112168788909912
583 	 3.8596205711364746
584 	 4.056959629058838
585 	 3.881444215774536
586 	 3.8580000400543213
587 	 3.6938564777374268
588 	 4.013156414031982
589 	 3.7641420364379883
590 	 3.9616873264312744
591 	 3.936979055404663
592 	 3.6715564727783203
593 	 3.8695809841156006
594 	 3.799952507019043
595 	 4.029129981994629
596 	 3.57967472076416
597 	 3.5863680839538574
598 	 3.7340173721313477
599 	 3.8769915103912354
600 	 4.031025409698486
601 	 4.020843029022217
602 	 4.069784164428711
603 	 3.8436172008514404
604 	 3.9779133796691895
605 	 4.14293098449707
606 	 4.071314334869385
607 	 4.186522960662842
608 	 3.968352794647217
609 	 3.8189539909362793
610 	 3.55210018157959
611 	 3.762274980545044
612 	 3.745596170425415
613 	 3.9029123783111572
614 	 4.00181770324707
615 	 3.9769296646118164
616 	 4.290147304534912
617 	 4.082242488861084
618 	 4.025068283081055
619 	 3.9286797046661377
620 	 4.131895065307617
621 	 4.107125759124756
622 	 3.761259078979492
623 	 3.8121836185455322
624 	 3.9516353607177734
625 	 4.099123954772949
626 	 3.9282333850860596
627 	 3.9760830402374268
628 	 4.127694606781006
629 	 4.034811019897461
630 	 3.790942907333374
631 	 3.9385898113250732
632 	 3.7582778930664062
633 	 3.996845006942749
634 	 4.188650131225586
635 	 4.293732166290283
636 	 4.145759105682373
637 	 3.9870717525482178
638 	 3.9048104286193848
639 	 3.7913167476654053
640 	 4.141412258148193
641 	 3.793269395828247
642 	 3.735732078552246
643 	 3.8476810455322266
644 	 4.075864315032959
645 	 4.052160263061523
646 	 4.0411553382873535
647 	 3.8992273807525635
648 	 4.017612934112549
649 	 4.010897636413574
650 	 4.052207946777344
651 	 3.9026825428009033
652 	 4.058717727661133
653 	 3.9888033866882324
654 	 3.903679609298706
655 	 3.5826337337493896
656 	 3.6885921955108643
657 	 3.8954763412475586
658 	 3.600646734237671
659 	 3.4420289993286133
660 	 4.007579326629639
661 	 4.101890563964844
662 	 3.8933887481689453
663 	 3.810502052307129
664 	 4.074132919311523
665 	 3.93310546875
666 	 4.199245929718018
667 	 4.155327320098877
668 	 4.1264166831970215
669 	 3.864868402481079
670 	 4.123305320739746
671 	 3.906426191329956
672 	 4.254410266876221
673 	 3.964212656021118
674 	 3.584689140319824
675 	 4.012077331542969
676 	 4.187860488891602
677 	 4.059167385101318
678 	 3.9715473651885986
679 	 3.8247549533843994
680 	 3.877591848373413
681 	 3.740187644958496
682 	 3.9239845275878906
683 	 4.149169445037842
684 	 3.9012093544006348
685 	 3.9291279315948486
686 	 4.040303707122803
687 	 3.5803232192993164
688 	 3.657635450363159
689 	 4.002213478088379
690 	 4.124262809753418
691 	 3.7768421173095703
692 	 3.723917245864868
693 	 4.036649227142334
694 	 3.843628406524658
695 	 3.7101314067840576
696 	 3.9052395820617676
697 	 3.25709867477417
698 	 3.9060699939727783
699 	 4.092621326446533
700 	 4.09017276763916
701 	 3.6640946865081787
702 	 3.5456833839416504
703 	 3.4666783809661865
704 	 3.2083730697631836
705 	 3.7155561447143555
706 	 3.790210723876953
707 	 3.7615158557891846
708 	 3.799422264099121
709 	 3.924213171005249
710 	 3.8817555904388428
711 	 3.860651969909668
712 	 3.7998087406158447
713 	 3.9939894676208496
714 	 3.8026113510131836
715 	 4.052608966827393
716 	 3.980099678039551
717 	 3.638385057449341
718 	 3.6075825691223145
719 	 3.4713592529296875
720 	 3.5178070068359375
721 	 3.4950144290924072
722 	 3.599019765853882
723 	 3.3249051570892334
724 	 3.7168850898742676
725 	 3.301515579223633
726 	 3.588076591491699
727 	 3.550776481628418
728 	 3.4872167110443115
729 	 3.6651482582092285
730 	 3.5524234771728516
731 	 3.5393731594085693
732 	 3.6498026847839355
733 	 3.542067289352417
734 	 3.6299078464508057
735 	 3.681044578552246
736 	 3.8928959369659424
737 	 3.840167284011841
738 	 3.8947150707244873
739 	 3.7570512294769287
740 	 3.5834007263183594
741 	 3.5755207538604736
742 	 4.016003608703613
743 	 3.8365578651428223
744 	 3.7558624744415283
745 	 3.847264528274536
746 	 3.86788010597229
747 	 3.7657623291015625
748 	 3.737560510635376
749 	 3.889277696609497
750 	 3.7568624019622803
751 	 4.015497207641602
752 	 3.581972599029541
753 	 3.938878059387207
754 	 3.774212121963501
755 	 3.591435432434082
756 	 3.67240309715271
757 	 3.620408058166504
758 	 3.653195381164551
759 	 3.4845187664031982
760 	 3.5651614665985107
761 	 3.7533915042877197
762 	 3.675320863723755
763 	 3.7051432132720947
764 	 3.8193185329437256
765 	 3.8384170532226562
766 	 3.885603904724121
767 	 3.8631582260131836
768 	 3.935410737991333
769 	 3.3042945861816406
770 	 3.27949857711792
771 	 3.346334218978882
772 	 3.789525270462036
773 	 3.5592339038848877
774 	 4.145417213439941
775 	 4.140322208404541
776 	 3.8367626667022705
777 	 3.9423508644104004
778 	 3.890839099884033
779 	 3.644113779067993
780 	 3.9743053913116455
781 	 3.9764902591705322
782 	 3.9000205993652344
783 	 4.045398235321045
784 	 4.069736480712891
785 	 4.126110076904297
786 	 4.136085510253906
787 	 3.8218300342559814
788 	 3.9664671421051025
789 	 3.96130633354187
790 	 3.7259252071380615
791 	 3.4345130920410156
792 	 3.3270750045776367
793 	 3.1809427738189697
794 	 3.8033342361450195
795 	 3.6041862964630127
796 	 4.1321868896484375
797 	 4.124942779541016
798 	 4.104501724243164
799 	 3.890338897705078
800 	 3.978071928024292
801 	 4.071002960205078
802 	 3.816056728363037
803 	 3.785111665725708
804 	 3.9293525218963623
805 	 3.925929307937622
806 	 4.065027713775635
807 	 4.097352504730225
808 	 4.003382682800293
809 	 4.078688621520996
810 	 3.8587639331817627
811 	 3.8251757621765137
812 	 3.9024336338043213
813 	 4.084255695343018
814 	 4.154150009155273
815 	 4.352475166320801
816 	 4.265681266784668
817 	 4.002337455749512
818 	 4.25290584564209
819 	 4.270966529846191
820 	 4.216506481170654
821 	 4.27268648147583
822 	 4.370516777038574
823 	 4.3661603927612305
824 	 4.239068508148193
825 	 4.369417190551758
826 	 4.117330551147461
827 	 4.366769790649414
828 	 4.274178504943848
829 	 4.292861461639404
830 	 4.480067729949951
831 	 4.258396148681641
832 	 4.517673492431641
833 	 4.087518692016602
834 	 3.8970515727996826
835 	 4.158146381378174
836 	 4.1931352615356445
837 	 4.496657371520996
838 	 4.412821292877197
839 	 4.506160259246826
840 	 4.380815505981445
841 	 4.577715873718262
842 	 4.409182548522949
843 	 4.53558874130249
844 	 4.2807111740112305
845 	 4.029748439788818
846 	 4.275882720947266
847 	 4.152371406555176
848 	 4.107611179351807
849 	 4.242898464202881
850 	 4.293789863586426
851 	 4.135395526885986
852 	 4.177369594573975
853 	 4.3186540603637695
854 	 4.347336292266846
855 	 4.478676795959473
856 	 4.667198657989502
857 	 4.510009288787842
858 	 4.466925144195557
859 	 4.362026691436768
860 	 4.011297702789307
861 	 4.2335004806518555
862 	 4.464685440063477
863 	 4.019012928009033
864 	 4.261476039886475
865 	 4.501285076141357
866 	 4.487994194030762
867 	 4.493310928344727
868 	 4.26664924621582
869 	 4.5246429443359375
870 	 4.467935085296631
871 	 4.457796573638916
872 	 4.346285343170166
873 	 4.468612194061279
874 	 4.208579063415527
875 	 4.111614227294922
876 	 4.157479286193848
877 	 4.4848527908325195
878 	 4.53319787979126
879 	 4.59296989440918
880 	 4.478142261505127
881 	 4.505263328552246
882 	 4.582841396331787
883 	 4.423339366912842
884 	 4.64388370513916
885 	 4.430032730102539
886 	 4.485362529754639
887 	 4.436853408813477
888 	 4.595174789428711
889 	 4.503910064697266
890 	 4.519200801849365
891 	 4.622311592102051
892 	 4.553513050079346
893 	 4.398059368133545
894 	 4.4957075119018555
895 	 4.533777236938477
896 	 4.391909122467041
897 	 4.466980934143066
898 	 4.680922508239746
899 	 4.633382320404053
900 	 4.672691345214844
901 	 4.666441440582275
902 	 4.673324108123779
903 	 4.685995578765869
904 	 4.682256698608398
905 	 4.679385662078857
906 	 4.673444747924805
907 	 4.5716233253479
908 	 4.699433326721191
909 	 4.695621490478516
910 	 4.511160373687744
911 	 4.610776424407959
912 	 4.6604838371276855
913 	 4.745823383331299
914 	 4.627568244934082
915 	 4.327162265777588
916 	 4.566593170166016
917 	 4.728600025177002
918 	 4.5242719650268555
919 	 4.706672668457031
920 	 4.715826988220215
921 	 4.464349269866943
922 	 4.701625823974609
923 	 4.485837936401367
924 	 4.540987014770508
925 	 4.380977153778076
926 	 4.562280654907227
927 	 4.54449462890625
928 	 4.631187915802002
929 	 4.533746242523193
930 	 4.515482425689697
931 	 4.524501800537109
932 	 4.533910751342773
933 	 4.483294486999512
934 	 4.5391669273376465
935 	 4.541494846343994
936 	 4.421096324920654
937 	 4.430489540100098
938 	 4.5053863525390625
939 	 4.514367580413818
940 	 4.605151176452637
941 	 4.599184036254883
942 	 4.393744468688965
943 	 4.389896392822266
944 	 4.486006736755371
945 	 4.611886501312256
946 	 4.644575595855713
947 	 4.524844169616699
948 	 4.563401222229004
949 	 4.627005577087402
950 	 4.436822414398193
951 	 4.475490570068359
952 	 4.4030046463012695
953 	 4.361266613006592
954 	 4.2232818603515625
955 	 4.080777645111084
956 	 4.248559951782227
957 	 4.301735877990723
958 	 4.2150678634643555
959 	 4.1470255851745605
960 	 4.203769683837891
961 	 4.182140350341797
962 	 4.210026741027832
963 	 4.565299987792969
964 	 4.352060317993164
965 	 4.37525749206543
966 	 4.5452704429626465
967 	 4.469490051269531
968 	 4.420213222503662
969 	 4.4594950675964355
970 	 4.453324794769287
971 	 4.491557598114014
972 	 4.543753147125244
973 	 4.520403861999512
974 	 4.19871711730957
975 	 4.2908477783203125
976 	 4.362783432006836
977 	 4.50039529800415
978 	 4.3258233070373535
979 	 4.358506679534912
980 	 4.310905933380127
981 	 4.177365303039551
982 	 4.7069196701049805
983 	 4.614051818847656
984 	 4.5827131271362305
985 	 4.4357428550720215
986 	 4.504390239715576
987 	 4.469639778137207
988 	 4.460742473602295
989 	 4.421016693115234
990 	 4.516881465911865
991 	 4.428110122680664
992 	 4.319828033447266
993 	 4.488755702972412
994 	 4.549468517303467
995 	 4.570160388946533
996 	 4.488626956939697
997 	 4.460489273071289
998 	 4.5587005615234375
999 	 4.587090492248535
1000 	 4.496252536773682
1001 	 4.466623306274414
1002 	 4.5727925300598145
1003 	 4.584604740142822
1004 	 4.543651580810547
1005 	 4.4001569747924805
1006 	 4.518489837646484
1007 	 4.353495121002197
1008 	 4.411418914794922
1009 	 4.430512428283691
1010 	 4.511617660522461
1011 	 4.7644805908203125
1012 	 4.5090413093566895
1013 	 4.591570854187012
1014 	 4.355292320251465
1015 	 4.54437255859375
1016 	 4.5977253913879395
1017 	 4.690777778625488
1018 	 4.373215675354004
1019 	 4.3947272300720215
1020 	 4.455830097198486
1021 	 4.379147529602051
1022 	 4.322086811065674
1023 	 4.369132995605469
1024 	 4.656486511230469
1025 	 4.399927616119385
1026 	 4.412193775177002
1027 	 4.317609786987305
1028 	 4.4141106605529785
1029 	 4.2027459144592285
1030 	 4.292864799499512
1031 	 4.386003017425537
1032 	 4.622585296630859
1033 	 4.301182746887207
1034 	 4.490699291229248
1035 	 4.431869983673096
1036 	 4.313251972198486
1037 	 4.749234199523926
1038 	 4.31670618057251
1039 	 4.445529937744141
1040 	 4.377701759338379
1041 	 4.163417816162109
1042 	 4.404914379119873
1043 	 4.685020923614502
1044 	 4.5018486976623535
1045 	 4.457529544830322
1046 	 4.526910781860352
1047 	 4.149658679962158
1048 	 4.529961109161377
1049 	 4.354229927062988
1050 	 4.318812370300293
1051 	 4.452281475067139
1052 	 4.2362141609191895
1053 	 4.329330921173096
1054 	 4.3807854652404785
1055 	 4.573336124420166
1056 	 4.3864054679870605
1057 	 4.481508255004883
1058 	 4.185066223144531
1059 	 4.261428356170654
1060 	 4.308779716491699
1061 	 4.469961643218994
1062 	 4.687269687652588
1063 	 4.420276165008545
1064 	 4.330558776855469
1065 	 4.359407424926758
1066 	 4.54292631149292
1067 	 4.774124622344971
1068 	 4.4676361083984375
1069 	 4.473396301269531
1070 	 4.44361686706543
1071 	 4.353999614715576
1072 	 4.390467643737793
1073 	 4.444306373596191
1074 	 4.487626552581787
1075 	 4.866915225982666
1076 	 4.3309807777404785
1077 	 4.519427299499512
1078 	 4.49574089050293
1079 	 4.539124488830566
1080 	 4.616952896118164
1081 	 4.64236307144165
1082 	 4.188805103302002
1083 	 4.200242042541504
1084 	 4.18877649307251
1085 	 3.935106039047241
1086 	 4.389925956726074
1087 	 4.178788185119629
1088 	 4.174777984619141
1089 	 4.207922458648682
1090 	 4.216913223266602
1091 	 4.248549461364746
1092 	 4.849996566772461
1093 	 4.790409564971924
1094 	 4.705310821533203
1095 	 4.307097434997559
1096 	 4.283417701721191
1097 	 4.298022270202637
1098 	 4.30812931060791
1099 	 4.502811431884766
1100 	 4.513488292694092
1101 	 4.573532581329346
1102 	 4.3526740074157715
1103 	 4.399241924285889
1104 	 4.282889366149902
1105 	 4.238352298736572
1106 	 4.36423921585083
1107 	 4.379873275756836
1108 	 4.403620719909668
1109 	 4.539709568023682
1110 	 4.450113296508789
1111 	 4.561298370361328
1112 	 4.266566753387451
1113 	 4.540571212768555
1114 	 4.622522354125977
1115 	 4.597178936004639
1116 	 4.412252902984619
1117 	 4.3962016105651855
1118 	 4.663131237030029
1119 	 4.70891809463501
1120 	 4.529221534729004
1121 	 4.560973644256592
1122 	 4.3430657386779785
1123 	 4.356821537017822
1124 	 4.274026393890381
1125 	 4.401424884796143
1126 	 4.4232401847839355
1127 	 4.3092522621154785
1128 	 4.473076820373535
1129 	 4.40120792388916
1130 	 4.58269739151001
1131 	 4.48098087310791
1132 	 4.492225170135498
1133 	 4.319301128387451
1134 	 4.379903793334961
1135 	 4.202711582183838
1136 	 4.622478008270264
1137 	 4.274996757507324
1138 	 4.418263912200928
1139 	 4.386081218719482
1140 	 4.539820194244385
1141 	 4.4089035987854
1142 	 4.396272659301758
1143 	 4.406866073608398
1144 	 4.5613226890563965
1145 	 4.669386863708496
1146 	 4.347938060760498
1147 	 4.338392734527588
1148 	 4.530338764190674
1149 	 4.4510393142700195
1150 	 4.595218181610107
1151 	 4.521162509918213
1152 	 4.381165504455566
1153 	 4.456103801727295
1154 	 4.446935176849365
1155 	 4.311980247497559
1156 	 4.335208415985107
1157 	 4.587275981903076
1158 	 4.30918025970459
1159 	 4.52932596206665
1160 	 4.582664489746094
1161 	 4.557607650756836
1162 	 4.356407642364502
1163 	 4.4692463874816895
1164 	 4.284309387207031
1165 	 4.305595874786377
1166 	 4.485378742218018
1167 	 4.163632869720459
1168 	 4.191041469573975
1169 	 4.375862121582031
1170 	 4.279412746429443
1171 	 4.187287330627441
1172 	 4.299648284912109
1173 	 4.323116302490234
1174 	 4.534709930419922
1175 	 4.058505058288574
1176 	 4.516220569610596
1177 	 4.403257846832275
1178 	 4.416884899139404
1179 	 4.2758073806762695
1180 	 4.32032585144043
1181 	 4.462013244628906
1182 	 4.384274959564209
1183 	 4.348141670227051
1184 	 4.413597583770752
1185 	 4.498422145843506
1186 	 4.532226085662842
1187 	 4.499993324279785
1188 	 4.628812789916992
1189 	 4.327352523803711
1190 	 4.394824981689453
1191 	 4.250901222229004
1192 	 4.545338153839111
1193 	 4.317052841186523
1194 	 4.322468280792236
1195 	 4.32672119140625
1196 	 4.331801891326904
1197 	 4.514284133911133
1198 	 4.689292907714844
1199 	 4.581660270690918
1200 	 4.475161552429199
1201 	 4.601120471954346
1202 	 4.559062957763672
1203 	 4.548210144042969
1204 	 4.586308479309082
1205 	 4.4055986404418945
1206 	 4.359431743621826
1207 	 4.285486221313477
1208 	 4.360324382781982
1209 	 4.342090606689453
1210 	 4.335384845733643
1211 	 4.55960750579834
1212 	 4.438327789306641
1213 	 4.5487236976623535
1214 	 4.338908672332764
1215 	 4.390054702758789
1216 	 4.216403007507324
1217 	 4.328550815582275
1218 	 4.346559047698975
1219 	 4.459415435791016
1220 	 4.35489559173584
1221 	 4.359474182128906
1222 	 4.4419355392456055
1223 	 4.496038436889648
1224 	 4.397958278656006
1225 	 4.517985820770264
1226 	 4.184876441955566
1227 	 4.312158584594727
1228 	 4.367986679077148
1229 	 4.491739273071289
1230 	 4.40090274810791
1231 	 4.622221946716309
1232 	 4.735379695892334
1233 	 4.476215839385986
1234 	 4.460571765899658
1235 	 4.3140764236450195
1236 	 4.409336090087891
1237 	 4.604483127593994
1238 	 4.474107265472412
1239 	 4.517654895782471
1240 	 4.576468467712402
1241 	 4.337405681610107
1242 	 4.369256973266602
1243 	 4.313109397888184
1244 	 4.46417236328125
1245 	 4.515201091766357
1246 	 4.402674674987793
1247 	 4.631072998046875
1248 	 4.49664831161499
1249 	 4.504968166351318
1250 	 4.662491798400879
1251 	 4.2713422775268555
1252 	 4.502670764923096
1253 	 4.652911186218262
1254 	 4.416985034942627
1255 	 4.386598587036133
1256 	 4.5659918785095215
1257 	 4.247220039367676
1258 	 4.493687152862549
1259 	 4.41214656829834
1260 	 4.723556995391846
1261 	 4.521240711212158
1262 	 4.343220233917236
1263 	 4.571713924407959
1264 	 4.579374313354492
1265 	 4.832627296447754
1266 	 4.560026168823242
1267 	 4.786645412445068
1268 	 4.704728126525879
1269 	 4.606961727142334
1270 	 4.651253700256348
1271 	 4.717185974121094
1272 	 4.615630149841309
1273 	 4.556686878204346
1274 	 4.467608451843262
1275 	 4.446906566619873
1276 	 4.303164482116699
1277 	 4.178457736968994
1278 	 4.200453281402588
1279 	 4.2770466804504395
1280 	 4.202015399932861
1281 	 4.448790550231934
1282 	 4.117735385894775
1283 	 4.363352298736572
1284 	 4.5690460205078125
1285 	 4.734724044799805
1286 	 4.567866802215576
1287 	 4.4027605056762695
1288 	 4.427796363830566
1289 	 4.212128162384033
1290 	 4.504974365234375
1291 	 4.5045037269592285
1292 	 4.298255920410156
1293 	 4.280814170837402
1294 	 4.347995758056641
1295 	 4.429010391235352
1296 	 4.376738548278809
1297 	 4.3131937980651855
1298 	 4.417250633239746
1299 	 4.363031387329102
1300 	 4.242023944854736
1301 	 4.486751079559326
1302 	 4.308772563934326
1303 	 4.267388343811035
1304 	 4.527340888977051
1305 	 4.411104202270508
1306 	 4.615744113922119
1307 	 4.448725700378418
1308 	 4.4240641593933105
1309 	 4.4694504737854
1310 	 4.313990592956543
1311 	 4.42803955078125
1312 	 4.3393144607543945
1313 	 4.292646408081055
1314 	 4.3962531089782715
1315 	 4.316373348236084
1316 	 4.381775379180908
1317 	 4.356058597564697
1318 	 4.468287467956543
1319 	 4.360720157623291
1320 	 4.302453994750977
1321 	 4.398313045501709
1322 	 4.22976016998291
1323 	 4.419851303100586
1324 	 4.3700947761535645
1325 	 4.011450290679932
1326 	 4.2867021560668945
1327 	 4.237475872039795
1328 	 4.189935684204102
1329 	 4.536377906799316
1330 	 4.266841888427734
1331 	 4.416865348815918
1332 	 4.30667781829834
1333 	 4.3126068115234375
1334 	 4.422567367553711
1335 	 4.623556137084961
1336 	 4.357709884643555
1337 	 4.50278377532959
1338 	 4.3213300704956055
1339 	 4.5093278884887695
1340 	 4.189483165740967
1341 	 4.059735298156738
1342 	 4.282707214355469
1343 	 4.1618733406066895
1344 	 4.156091690063477
1345 	 4.345666408538818
1346 	 4.207446575164795
1347 	 4.18537712097168
1348 	 4.483822345733643
1349 	 4.2351508140563965
1350 	 4.547918319702148
1351 	 4.583735466003418
1352 	 4.515222549438477
1353 	 4.520832538604736
1354 	 4.58678674697876
1355 	 4.572129726409912
1356 	 4.442960739135742
1357 	 4.379068851470947
1358 	 4.545001983642578
1359 	 4.54449462890625
1360 	 4.323279857635498
1361 	 4.256646156311035
1362 	 4.55479621887207
1363 	 4.590399742126465
1364 	 4.293605804443359
1365 	 4.49091100692749
1366 	 4.504052639007568
1367 	 4.59084939956665
1368 	 4.524080753326416
1369 	 4.453930377960205
1370 	 4.355356216430664
1371 	 4.32912015914917
1372 	 4.475405693054199
1373 	 4.285750389099121
1374 	 4.221699237823486
1375 	 4.234050750732422
1376 	 4.454433917999268
1377 	 4.376887321472168
1378 	 4.423549175262451
1379 	 4.183873176574707
1380 	 4.169628143310547
1381 	 4.33948278427124
1382 	 4.149860858917236
1383 	 4.125430107116699
1384 	 4.220709800720215
1385 	 4.433541774749756
1386 	 4.430200099945068
1387 	 4.27712345123291
1388 	 4.138501167297363
1389 	 4.32004976272583
1390 	 4.411843299865723
1391 	 4.328386306762695
1392 	 4.678282260894775
1393 	 4.450071334838867
1394 	 4.530782699584961
1395 	 4.638089656829834
1396 	 4.577444076538086
1397 	 4.428930282592773
1398 	 4.381383895874023
1399 	 4.412267208099365
1400 	 4.394053936004639
1401 	 4.383366584777832
1402 	 4.474828243255615
1403 	 4.61283540725708
1404 	 4.397213459014893
1405 	 4.475716590881348
1406 	 4.354798316955566
1407 	 4.332896709442139
1408 	 4.529397010803223
1409 	 4.439271926879883
1410 	 4.344031810760498
1411 	 4.325028896331787
1412 	 4.641503810882568
1413 	 4.538287162780762
1414 	 4.5634050369262695
1415 	 4.6695756912231445
1416 	 4.414340019226074
1417 	 4.330925941467285
1418 	 4.607938289642334
1419 	 4.473280429840088
1420 	 4.533422470092773
1421 	 4.490499973297119
1422 	 4.444777965545654
1423 	 4.304912567138672
1424 	 4.440621852874756
1425 	 4.877568244934082
1426 	 4.624104976654053
1427 	 4.493027210235596
1428 	 4.307729244232178
1429 	 4.301548957824707
1430 	 4.295741558074951
1431 	 4.355203151702881
1432 	 4.429688930511475
1433 	 4.438103675842285
1434 	 4.453457832336426
1435 	 4.268467426300049
1436 	 4.053282260894775
1437 	 3.9933793544769287
1438 	 4.127739429473877
1439 	 4.238733291625977
1440 	 4.246516227722168
1441 	 4.54524564743042
1442 	 4.181034564971924
1443 	 4.430259704589844
1444 	 4.458210468292236
1445 	 4.3321452140808105
1446 	 4.217082977294922
1447 	 4.403379917144775
1448 	 4.24719762802124
1449 	 4.271485805511475
1450 	 4.3517656326293945
1451 	 4.416394233703613
1452 	 4.629079818725586
1453 	 4.593388557434082
1454 	 4.497621536254883
1455 	 4.377408981323242
1456 	 4.460343837738037
1457 	 4.254202365875244
1458 	 4.363272190093994
1459 	 4.3147807121276855
1460 	 4.368702411651611
1461 	 4.265807151794434
1462 	 4.447235584259033
1463 	 4.620986461639404
1464 	 4.3043317794799805
1465 	 4.473355770111084
1466 	 4.392998218536377
1467 	 4.277298450469971
1468 	 4.503893852233887
1469 	 4.303072929382324
1470 	 4.209420204162598
1471 	 4.350740432739258
1472 	 4.344130516052246
1473 	 4.537296772003174
1474 	 4.187305927276611
1475 	 4.349843978881836
1476 	 4.636662006378174
1477 	 4.290918350219727
1478 	 4.102940559387207
1479 	 4.1253509521484375
1480 	 4.408105373382568
1481 	 4.37539005279541
1482 	 4.4238128662109375
1483 	 4.663547992706299
1484 	 4.988553047180176
1485 	 4.601566314697266
1486 	 4.636142730712891
1487 	 4.630890369415283
1488 	 4.775239944458008
1489 	 4.609017848968506
1490 	 4.627623081207275
1491 	 4.476413249969482
1492 	 4.676535606384277
1493 	 4.377704620361328
1494 	 4.250459671020508
1495 	 4.380175590515137
1496 	 4.296416759490967
1497 	 4.514814853668213
1498 	 4.579078674316406
1499 	 4.527737617492676
1500 	 4.502561569213867
1501 	 4.7315168380737305
1502 	 4.564474582672119
1503 	 4.42794942855835
1504 	 4.300612926483154
1505 	 4.690365791320801
1506 	 4.3450541496276855
1507 	 4.411654949188232
1508 	 4.3584465980529785
1509 	 4.535742282867432
1510 	 4.549870014190674
1511 	 4.576723098754883
1512 	 4.121552467346191
1513 	 4.334282875061035
1514 	 4.375787734985352
1515 	 4.534454822540283
1516 	 4.627677917480469
1517 	 4.481042385101318
1518 	 4.183520317077637
1519 	 4.575079917907715
1520 	 4.524196624755859
1521 	 4.514496803283691
1522 	 4.254961967468262
1523 	 4.612534523010254
1524 	 4.384794235229492
1525 	 4.336583614349365
1526 	 4.70237922668457
1527 	 4.3119916915893555
1528 	 4.479153156280518
1529 	 4.342016220092773
1530 	 4.442227840423584
1531 	 4.519959449768066
1532 	 4.378844261169434
1533 	 4.465603351593018
1534 	 4.503576278686523
1535 	 4.50260591506958
1536 	 4.143011569976807
1537 	 4.291463375091553
1538 	 4.348957061767578
1539 	 4.148292541503906
1540 	 4.2737836837768555
1541 	 4.296385288238525
1542 	 4.364119052886963
1543 	 4.388917922973633
1544 	 4.5265984535217285
1545 	 4.314600944519043
1546 	 4.399643898010254
1547 	 4.260572910308838
1548 	 4.582618236541748
1549 	 4.605160236358643
1550 	 4.523125171661377
1551 	 4.478172302246094
1552 	 4.640051364898682
1553 	 4.401002407073975
1554 	 4.441893100738525
1555 	 4.36850118637085
1556 	 4.430148601531982
1557 	 4.258487224578857
1558 	 4.421250820159912
1559 	 4.327178001403809
1560 	 4.385616302490234
1561 	 4.340995788574219
1562 	 4.4094061851501465
1563 	 4.6065568923950195
1564 	 4.684747695922852
1565 	 4.533257961273193
1566 	 4.385335445404053
1567 	 4.3780837059021
1568 	 4.2178874015808105
1569 	 4.392317295074463
1570 	 4.399194717407227
1571 	 4.55927038192749
1572 	 4.434544563293457
1573 	 4.464191913604736
1574 	 4.5306878089904785
1575 	 4.37286901473999
1576 	 4.451692581176758
1577 	 4.458199501037598
1578 	 4.42041540145874
1579 	 4.386534214019775
1580 	 4.370571613311768
1581 	 4.453380584716797
1582 	 4.250422954559326
1583 	 4.446703910827637
1584 	 4.295445919036865
1585 	 4.2082343101501465
1586 	 4.342736721038818
1587 	 4.302065372467041
1588 	 4.500207424163818
1589 	 4.518346786499023
1590 	 4.328210353851318
1591 	 4.397449493408203
1592 	 4.395521640777588
1593 	 4.289310932159424
1594 	 4.48472785949707
1595 	 4.38905143737793
1596 	 4.402613162994385
1597 	 4.617691993713379
1598 	 4.39068603515625
1599 	 4.487441539764404
1600 	 4.364824295043945
1601 	 4.223752498626709
1602 	 4.582512378692627
1603 	 4.420192718505859
1604 	 4.467100620269775
1605 	 4.127750873565674
1606 	 4.456425666809082
1607 	 4.558431625366211
1608 	 4.504472732543945
1609 	 4.3696417808532715
1610 	 4.391937732696533
1611 	 4.361284255981445
1612 	 4.347224235534668
1613 	 4.325813293457031
1614 	 4.240734100341797
1615 	 4.326292037963867
1616 	 4.240173816680908
1617 	 4.326679706573486
1618 	 4.305544853210449
1619 	 4.486740589141846
1620 	 4.353758335113525
1621 	 4.206185340881348
1622 	 4.3921074867248535
1623 	 4.552955627441406
1624 	 4.2029900550842285
1625 	 4.497032165527344
1626 	 4.476259231567383
1627 	 4.485898017883301
1628 	 4.307997703552246
1629 	 4.570991039276123
1630 	 4.447399616241455
1631 	 4.3260498046875
1632 	 4.318856716156006
1633 	 4.235412120819092
1634 	 4.084986209869385
1635 	 4.064426422119141
1636 	 4.546212673187256
1637 	 4.206796169281006
1638 	 4.205361366271973
1639 	 4.51581335067749
1640 	 4.522536754608154
1641 	 4.161074161529541
1642 	 4.5970330238342285
1643 	 4.194041728973389
1644 	 4.073629856109619
1645 	 4.47398042678833
1646 	 4.2482404708862305
1647 	 4.372360706329346
1648 	 4.321255683898926
1649 	 4.307277202606201
1650 	 4.465033531188965
1651 	 4.3368916511535645
1652 	 4.24259090423584
1653 	 4.4339189529418945
1654 	 4.436092376708984
1655 	 4.592107772827148
1656 	 4.607787132263184
1657 	 4.554755687713623
1658 	 4.452284812927246
1659 	 4.47199821472168
1660 	 4.48871374130249
1661 	 4.4342827796936035
1662 	 4.442117214202881
1663 	 4.421660423278809
1664 	 4.505983352661133
1665 	 4.489448547363281
1666 	 4.1674394607543945
1667 	 4.391915321350098
1668 	 4.185347557067871
1669 	 4.44335412979126
1670 	 4.339900016784668
1671 	 4.315739154815674
1672 	 4.228172302246094
1673 	 4.2687530517578125
1674 	 4.401840686798096
1675 	 4.233265399932861
1676 	 4.423593521118164
1677 	 4.305602073669434
1678 	 4.1988205909729
1679 	 4.419437885284424
1680 	 4.57383918762207
1681 	 4.128225326538086
1682 	 4.276423454284668
1683 	 4.203329563140869
1684 	 4.438701629638672
1685 	 4.363323211669922
1686 	 4.384158134460449
1687 	 4.277495861053467
1688 	 4.377434730529785
1689 	 4.287426471710205
1690 	 4.1887359619140625
1691 	 4.335843086242676
1692 	 4.262072563171387
1693 	 4.287644386291504
1694 	 4.109522342681885
1695 	 4.030048370361328
1696 	 4.329010486602783
1697 	 4.232972621917725
1698 	 4.364019393920898
1699 	 4.13927698135376
1700 	 4.380978107452393
1701 	 4.286131858825684
1702 	 4.15865421295166
1703 	 4.368181228637695
1704 	 4.171098232269287
1705 	 4.088824272155762
1706 	 4.353037357330322
1707 	 4.4200310707092285
1708 	 4.36076545715332
1709 	 4.200229167938232
1710 	 4.074163436889648
1711 	 4.206833362579346
1712 	 4.241361618041992
1713 	 4.42061710357666
1714 	 4.117265224456787
1715 	 4.015191555023193
1716 	 3.959878921508789
1717 	 4.205172538757324
1718 	 4.039542198181152
1719 	 4.343515872955322
1720 	 4.4055585861206055
1721 	 4.253229141235352
1722 	 4.547843933105469
1723 	 4.391635894775391
1724 	 4.219705104827881
1725 	 4.273173809051514
1726 	 4.566983222961426
1727 	 4.369324684143066
1728 	 4.397185802459717
1729 	 4.372189521789551
1730 	 4.392492294311523
1731 	 4.310877799987793
1732 	 4.358689308166504
1733 	 4.218515872955322
1734 	 4.4665045738220215
1735 	 4.45880126953125
1736 	 4.2913923263549805
1737 	 4.4044342041015625
1738 	 4.34420919418335
1739 	 4.478648662567139
1740 	 4.628014087677002
1741 	 4.496577739715576
1742 	 4.482431888580322
1743 	 4.498531818389893
1744 	 4.457385063171387
1745 	 4.4317522048950195
1746 	 4.484425067901611
1747 	 4.722000598907471
1748 	 4.668088436126709
1749 	 4.50553035736084
