0 	 0.0
1 	 1.6187793016433716
2 	 1.6993180513381958
3 	 2.0257253646850586
4 	 1.6825008392333984
5 	 2.031015157699585
6 	 1.7751929759979248
7 	 2.1031718254089355
8 	 2.008780002593994
9 	 2.2004587650299072
10 	 1.9277317523956299
11 	 1.985404133796692
12 	 2.462247133255005
13 	 1.9920920133590698
14 	 1.5921716690063477
15 	 1.6071001291275024
16 	 1.5435676574707031
17 	 1.754388689994812
18 	 1.7967772483825684
19 	 2.1968088150024414
20 	 2.289625644683838
21 	 2.603238344192505
22 	 2.260021924972534
23 	 2.645329475402832
24 	 2.238605499267578
25 	 2.296584129333496
26 	 2.161222457885742
27 	 1.653164267539978
28 	 1.9823544025421143
29 	 2.635439872741699
30 	 1.7023228406906128
31 	 1.857986569404602
32 	 1.7479127645492554
33 	 1.6723027229309082
34 	 2.173842430114746
35 	 1.6495099067687988
36 	 1.5524156093597412
37 	 1.2216147184371948
38 	 1.6704177856445312
39 	 2.1149251461029053
40 	 2.1808993816375732
41 	 2.0244598388671875
42 	 2.0874569416046143
43 	 2.064725637435913
44 	 2.2877986431121826
45 	 2.630338430404663
46 	 2.5693295001983643
47 	 2.4893758296966553
48 	 1.6240400075912476
49 	 1.4718154668807983
50 	 2.074150562286377
51 	 2.578469753265381
52 	 2.028839111328125
53 	 2.0835936069488525
54 	 2.1291542053222656
55 	 2.7755520343780518
56 	 2.186920404434204
57 	 2.0596065521240234
58 	 2.3284988403320312
59 	 2.1954448223114014
60 	 1.8294726610183716
61 	 1.1203986406326294
62 	 1.047945499420166
63 	 0.99201899766922
64 	 1.5176087617874146
65 	 1.0528746843338013
66 	 1.198845624923706
67 	 2.39199161529541
68 	 2.52231764793396
69 	 2.152670383453369
70 	 2.260756015777588
71 	 1.9954298734664917
72 	 1.6721270084381104
73 	 1.556205153465271
74 	 1.5677410364151
75 	 2.0508182048797607
76 	 1.8738558292388916
77 	 1.88787043094635
78 	 2.0607564449310303
79 	 2.239423990249634
80 	 2.729797840118408
81 	 1.7496821880340576
82 	 1.7690365314483643
83 	 1.943922996520996
84 	 1.9039647579193115
85 	 1.8403488397598267
86 	 2.2576403617858887
87 	 2.0832741260528564
88 	 2.3740179538726807
89 	 2.1137776374816895
90 	 1.8898042440414429
91 	 2.354423761367798
92 	 1.6424375772476196
93 	 1.475666880607605
94 	 1.4393888711929321
95 	 1.5056167840957642
96 	 1.5005841255187988
97 	 1.3969261646270752
98 	 1.5603837966918945
99 	 1.148642659187317
100 	 1.375026822090149
101 	 1.5783601999282837
102 	 1.6130361557006836
103 	 1.6709094047546387
104 	 1.6422078609466553
105 	 1.8353742361068726
106 	 1.4081077575683594
107 	 1.615631341934204
108 	 1.7071807384490967
109 	 1.5547497272491455
110 	 1.764069676399231
111 	 1.4942437410354614
112 	 1.6861801147460938
113 	 1.4212366342544556
114 	 1.540136694908142
115 	 1.4981647729873657
116 	 1.6431970596313477
117 	 2.061373710632324
118 	 1.6668871641159058
119 	 1.3471736907958984
120 	 1.393316388130188
121 	 1.3144428730010986
122 	 2.0043654441833496
123 	 2.0676822662353516
124 	 2.4087142944335938
125 	 2.2292661666870117
126 	 1.8379837274551392
127 	 1.8976061344146729
128 	 1.8742259740829468
129 	 1.9021857976913452
130 	 2.0175912380218506
131 	 2.2237205505371094
132 	 2.0661838054656982
133 	 1.8627312183380127
134 	 2.256226062774658
135 	 2.472506523132324
136 	 2.5523810386657715
137 	 2.1768600940704346
138 	 1.9973607063293457
139 	 2.287198066711426
140 	 2.392512083053589
141 	 2.1812872886657715
142 	 1.7705479860305786
143 	 1.6288681030273438
144 	 1.3555705547332764
145 	 1.5169280767440796
146 	 1.537661075592041
147 	 1.1628572940826416
148 	 1.3647561073303223
149 	 1.3274526596069336
150 	 1.4300333261489868
151 	 2.1726412773132324
152 	 1.3215521574020386
153 	 1.3882642984390259
154 	 1.5119093656539917
155 	 1.620560646057129
156 	 2.115966558456421
157 	 2.433931827545166
158 	 2.2621920108795166
159 	 2.5300769805908203
160 	 2.4606740474700928
161 	 2.530914306640625
162 	 2.706601619720459
163 	 3.0485713481903076
164 	 3.1511878967285156
165 	 2.757000207901001
166 	 1.944366216659546
167 	 2.4446158409118652
168 	 2.5659968852996826
169 	 2.6726326942443848
170 	 2.2328994274139404
171 	 2.4508275985717773
172 	 1.9723033905029297
173 	 2.3088083267211914
174 	 1.8644263744354248
175 	 1.7443130016326904
176 	 1.7895677089691162
177 	 1.974643349647522
178 	 1.6311986446380615
179 	 1.1968618631362915
180 	 1.1520918607711792
181 	 1.1900017261505127
182 	 1.1815181970596313
183 	 1.4555480480194092
184 	 1.1272218227386475
185 	 0.9602854251861572
186 	 1.9766050577163696
187 	 2.3427159786224365
188 	 2.0142974853515625
189 	 2.3340940475463867
190 	 1.9520946741104126
191 	 1.768937587738037
192 	 1.8791077136993408
193 	 1.8761398792266846
194 	 1.5752732753753662
195 	 1.465855360031128
196 	 2.0472967624664307
197 	 1.8987293243408203
198 	 2.0411083698272705
199 	 2.1970107555389404
200 	 3.0214827060699463
201 	 1.9592900276184082
202 	 1.65522038936615
203 	 1.895485758781433
204 	 1.8689260482788086
205 	 1.5947351455688477
206 	 1.9525305032730103
207 	 1.7346326112747192
208 	 1.486472249031067
209 	 1.7116930484771729
210 	 1.6619625091552734
211 	 1.8709543943405151
212 	 1.5163962841033936
213 	 1.5791877508163452
214 	 1.6644166707992554
215 	 1.6239246129989624
216 	 1.6023242473602295
217 	 2.5452561378479004
218 	 2.651496410369873
219 	 1.9364076852798462
220 	 2.44388747215271
221 	 2.272610902786255
222 	 2.738430976867676
223 	 2.8703622817993164
224 	 3.130507469177246
225 	 2.411405324935913
226 	 2.286541700363159
227 	 2.2524075508117676
228 	 2.205991506576538
229 	 2.292198896408081
230 	 2.434992790222168
231 	 2.5013294219970703
232 	 2.510005235671997
233 	 2.433727502822876
234 	 2.2164931297302246
235 	 2.43686842918396
236 	 2.5706121921539307
237 	 1.5274401903152466
238 	 1.5783482789993286
239 	 1.6102015972137451
240 	 1.6886305809020996
241 	 1.8661366701126099
242 	 1.4752010107040405
243 	 1.306751012802124
244 	 1.2463302612304688
245 	 1.5596083402633667
246 	 1.6194262504577637
247 	 1.618895173072815
248 	 1.1580711603164673
249 	 1.557173490524292
250 	 1.678963541984558
251 	 1.5960410833358765
252 	 1.729695200920105
253 	 1.5154139995574951
254 	 1.52776300907135
255 	 1.6642141342163086
256 	 1.1055530309677124
257 	 1.572944164276123
258 	 1.5435010194778442
259 	 1.975887417793274
260 	 1.9118813276290894
261 	 1.9677194356918335
262 	 2.3847601413726807
263 	 1.819557547569275
264 	 2.749124050140381
265 	 2.033299446105957
266 	 2.063417434692383
267 	 2.4815826416015625
268 	 2.4412760734558105
269 	 3.14711856842041
270 	 3.0894603729248047
271 	 2.856764316558838
272 	 1.84322190284729
273 	 1.8712587356567383
274 	 1.6765722036361694
275 	 1.3532384634017944
276 	 1.3864740133285522
277 	 1.2476965188980103
278 	 1.3388423919677734
279 	 1.3799494504928589
280 	 1.2079895734786987
281 	 1.498589277267456
282 	 1.438970923423767
283 	 1.4935444593429565
284 	 1.4232230186462402
285 	 1.2928880453109741
286 	 1.6889554262161255
287 	 1.7349698543548584
288 	 1.896359920501709
289 	 1.8828710317611694
290 	 2.1029210090637207
291 	 2.0156993865966797
292 	 1.74858558177948
293 	 2.123790979385376
294 	 1.2834683656692505
295 	 1.4556665420532227
296 	 1.1468485593795776
297 	 1.2842005491256714
298 	 1.3813661336898804
299 	 1.481931447982788
300 	 1.2926459312438965
301 	 1.285401701927185
302 	 1.0945523977279663
303 	 0.9617491364479065
304 	 1.4810388088226318
305 	 1.061724305152893
306 	 1.2159123420715332
307 	 1.4379651546478271
308 	 1.1908221244812012
309 	 1.2826968431472778
310 	 1.6463494300842285
311 	 1.2017512321472168
312 	 1.144707202911377
313 	 1.5939829349517822
314 	 2.612548351287842
315 	 2.8251633644104004
316 	 2.9357409477233887
317 	 2.9410104751586914
318 	 3.1707587242126465
319 	 2.745647430419922
320 	 2.5593111515045166
321 	 2.342806339263916
322 	 2.51810884475708
323 	 2.429765462875366
324 	 2.519684314727783
325 	 2.57175874710083
326 	 2.280334949493408
327 	 2.7157442569732666
328 	 2.5766823291778564
329 	 2.495877504348755
330 	 2.843748092651367
331 	 2.444127082824707
332 	 2.7219455242156982
333 	 2.505889892578125
334 	 2.9401185512542725
335 	 2.8436214923858643
336 	 2.7223734855651855
337 	 2.527278184890747
338 	 2.626800060272217
339 	 2.490419626235962
340 	 2.491858720779419
341 	 2.701331377029419
342 	 2.4463047981262207
343 	 2.647678852081299
344 	 2.559028148651123
345 	 2.685178756713867
346 	 2.5164403915405273
347 	 2.3670289516448975
348 	 2.5125679969787598
349 	 2.6019814014434814
350 	 2.6114118099212646
351 	 2.632742404937744
352 	 2.49676513671875
353 	 2.582594633102417
354 	 2.6727490425109863
355 	 3.0827853679656982
356 	 2.713226795196533
357 	 2.520695209503174
358 	 2.6003592014312744
359 	 2.4471991062164307
360 	 2.9889273643493652
361 	 3.1472320556640625
362 	 3.028144359588623
363 	 2.9345154762268066
364 	 2.802361488342285
365 	 2.890080451965332
366 	 2.8112473487854004
367 	 2.6082801818847656
368 	 2.670227289199829
369 	 2.6269402503967285
370 	 2.6384787559509277
371 	 2.5283355712890625
372 	 2.788264513015747
373 	 2.986478328704834
374 	 2.8933987617492676
375 	 3.0975499153137207
376 	 2.783555030822754
377 	 2.779391050338745
378 	 3.0979580879211426
379 	 2.994292736053467
380 	 3.040520191192627
381 	 3.0940163135528564
382 	 3.1646921634674072
383 	 3.5282530784606934
384 	 3.645699977874756
385 	 3.588069200515747
386 	 3.8323404788970947
387 	 3.739102840423584
388 	 3.764434337615967
389 	 3.7062535285949707
390 	 3.61547589302063
391 	 3.8002309799194336
392 	 3.7404110431671143
393 	 3.8143951892852783
394 	 3.672337293624878
395 	 3.676712989807129
396 	 3.7146944999694824
397 	 3.719585418701172
398 	 3.7041513919830322
399 	 3.642688274383545
400 	 3.7097225189208984
401 	 3.6139111518859863
402 	 3.9736881256103516
403 	 4.038387298583984
404 	 3.987534999847412
405 	 3.804629325866699
406 	 3.855164051055908
407 	 3.8274335861206055
408 	 4.032054901123047
409 	 3.934431552886963
410 	 3.829672336578369
411 	 3.834198474884033
412 	 3.920523166656494
413 	 3.6637051105499268
414 	 3.647840738296509
415 	 3.685041666030884
416 	 3.5943450927734375
417 	 3.6937015056610107
418 	 3.6244020462036133
419 	 3.800287961959839
420 	 3.791952610015869
421 	 3.804813861846924
422 	 3.8248000144958496
423 	 3.8667173385620117
424 	 3.8625876903533936
425 	 3.9203734397888184
426 	 3.8318159580230713
427 	 3.89843487739563
428 	 3.8153622150421143
429 	 3.832974433898926
430 	 3.7747044563293457
431 	 3.6632297039031982
432 	 3.6641838550567627
433 	 3.700305700302124
434 	 3.600325345993042
435 	 3.5645411014556885
436 	 3.694115400314331
437 	 3.8219499588012695
438 	 3.6555323600769043
439 	 3.7301018238067627
440 	 3.759791851043701
441 	 3.6333353519439697
442 	 3.7085676193237305
443 	 3.8478052616119385
444 	 3.6809401512145996
445 	 3.6789698600769043
446 	 3.6664352416992188
447 	 3.6281661987304688
448 	 3.7084803581237793
449 	 3.733696222305298
450 	 3.7703638076782227
451 	 3.64775013923645
452 	 3.9154322147369385
453 	 3.8079240322113037
454 	 3.8178484439849854
455 	 3.9177863597869873
456 	 4.085744380950928
457 	 4.127076625823975
458 	 4.0568718910217285
459 	 3.8153252601623535
460 	 3.991887331008911
461 	 3.9521498680114746
462 	 3.8329994678497314
463 	 3.9509453773498535
464 	 4.060650825500488
465 	 4.042820453643799
466 	 4.134646892547607
467 	 4.035855770111084
468 	 3.9833037853240967
469 	 4.014693260192871
470 	 4.058853626251221
471 	 4.009256839752197
472 	 4.074853420257568
473 	 4.056219100952148
474 	 3.9089696407318115
475 	 4.008119583129883
476 	 4.072193145751953
477 	 4.127820014953613
478 	 4.110321521759033
479 	 4.045302867889404
480 	 4.018089294433594
481 	 3.9644083976745605
482 	 3.9938552379608154
483 	 3.831712484359741
484 	 3.9239821434020996
485 	 4.0626702308654785
486 	 4.047614574432373
487 	 3.9841392040252686
488 	 3.9270288944244385
489 	 4.050857067108154
490 	 3.9684529304504395
491 	 4.1835761070251465
492 	 4.058707237243652
493 	 4.116978645324707
494 	 4.0966362953186035
495 	 4.041617393493652
496 	 4.130565166473389
497 	 4.072632312774658
498 	 4.099837779998779
499 	 4.329267978668213
500 	 4.054695129394531
501 	 4.084627628326416
502 	 4.109671592712402
503 	 4.2381157875061035
504 	 4.082060813903809
505 	 4.004936695098877
506 	 3.9719626903533936
507 	 3.9738221168518066
508 	 4.088898181915283
509 	 4.050631999969482
510 	 3.954329490661621
511 	 3.7939352989196777
512 	 4.039215564727783
513 	 4.015649795532227
514 	 4.024747848510742
515 	 4.013335704803467
516 	 3.9755451679229736
517 	 3.8945748805999756
518 	 3.9940643310546875
519 	 4.025874614715576
520 	 3.9383914470672607
521 	 3.9973089694976807
522 	 3.9282867908477783
523 	 3.946286678314209
524 	 3.7840797901153564
525 	 4.059437274932861
526 	 4.063723564147949
527 	 4.027409076690674
528 	 3.8882434368133545
529 	 4.039884090423584
530 	 4.045175075531006
531 	 3.9469547271728516
532 	 3.9868686199188232
533 	 3.998814344406128
534 	 3.7923076152801514
535 	 3.9877283573150635
536 	 4.017039775848389
537 	 3.740422010421753
538 	 3.920142889022827
539 	 4.039341926574707
540 	 4.000738143920898
541 	 3.8552465438842773
542 	 4.105666160583496
543 	 3.9467978477478027
544 	 3.866175889968872
545 	 3.9376132488250732
546 	 3.8251287937164307
547 	 4.052905082702637
548 	 4.031740665435791
549 	 4.000258445739746
550 	 4.133787155151367
551 	 4.0822553634643555
552 	 4.079089641571045
553 	 4.282439708709717
554 	 4.0623626708984375
555 	 4.026483058929443
556 	 4.039183616638184
557 	 4.0397515296936035
558 	 4.03582239151001
559 	 3.918316125869751
560 	 3.9905474185943604
561 	 4.010544776916504
562 	 3.8811240196228027
563 	 3.8826589584350586
564 	 4.038690090179443
565 	 3.8778107166290283
566 	 4.050327301025391
567 	 3.8574090003967285
568 	 4.1441426277160645
569 	 3.966604232788086
570 	 4.081189155578613
571 	 4.011005401611328
572 	 3.9842634201049805
573 	 4.000567436218262
574 	 4.0341997146606445
575 	 4.058613300323486
576 	 4.038742542266846
577 	 4.09794807434082
578 	 3.9778332710266113
579 	 4.022430419921875
580 	 4.168847560882568
581 	 3.9994330406188965
582 	 3.9054973125457764
583 	 3.6560566425323486
584 	 3.8155808448791504
585 	 3.749969244003296
586 	 3.758779525756836
587 	 3.8863143920898438
588 	 3.9684600830078125
589 	 3.8802857398986816
590 	 3.972759485244751
591 	 3.7873284816741943
592 	 3.754178285598755
593 	 3.7909040451049805
594 	 3.815135955810547
595 	 3.790343761444092
596 	 3.8963253498077393
597 	 4.01052713394165
598 	 3.9838099479675293
599 	 3.9360196590423584
600 	 4.094027042388916
601 	 3.8526124954223633
602 	 3.9555516242980957
603 	 4.086864471435547
604 	 3.9261374473571777
605 	 3.8999385833740234
606 	 3.8699285984039307
607 	 3.72360897064209
608 	 4.054372787475586
609 	 4.0795979499816895
610 	 4.084765911102295
611 	 4.118027687072754
612 	 3.9621167182922363
613 	 3.9977097511291504
614 	 3.9460482597351074
615 	 4.061951637268066
616 	 3.9039714336395264
617 	 3.98958420753479
618 	 4.06282901763916
619 	 4.135809898376465
620 	 3.850649118423462
621 	 3.8395161628723145
622 	 4.051657676696777
623 	 3.967829704284668
624 	 4.0903730392456055
625 	 4.140941619873047
626 	 4.050676345825195
627 	 3.9454352855682373
628 	 3.993379831314087
629 	 4.0271382331848145
630 	 4.108969688415527
631 	 3.931774854660034
632 	 4.105512619018555
633 	 4.027102947235107
634 	 4.044571876525879
635 	 3.9478116035461426
636 	 3.9490342140197754
637 	 4.218237400054932
638 	 4.06489372253418
639 	 3.924614191055298
640 	 4.170801639556885
641 	 3.9798946380615234
642 	 4.237578868865967
643 	 4.133089065551758
644 	 4.065097332000732
645 	 4.059406757354736
646 	 4.110833644866943
647 	 4.112061023712158
648 	 4.303343772888184
649 	 4.125567436218262
650 	 4.1576995849609375
651 	 4.298587799072266
652 	 4.171076774597168
653 	 4.208388328552246
654 	 4.09794282913208
655 	 4.13861083984375
656 	 4.203433990478516
657 	 4.21838903427124
658 	 3.9928524494171143
659 	 4.204990863800049
660 	 4.055476665496826
661 	 4.041074275970459
662 	 4.01789665222168
663 	 3.9215943813323975
664 	 3.7377469539642334
665 	 4.111845970153809
666 	 3.872004270553589
667 	 3.8607664108276367
668 	 4.135068416595459
669 	 3.9156742095947266
670 	 3.9675612449645996
671 	 4.009134292602539
672 	 4.109141826629639
673 	 3.9650211334228516
674 	 3.8955631256103516
675 	 4.140498638153076
676 	 4.113111972808838
677 	 4.0141215324401855
678 	 4.02925968170166
679 	 3.9293758869171143
680 	 4.023358345031738
681 	 4.068582057952881
682 	 4.01472282409668
683 	 3.962416887283325
684 	 3.9565699100494385
685 	 3.9457600116729736
686 	 4.254954814910889
687 	 4.030320167541504
688 	 4.030745506286621
689 	 4.041627407073975
690 	 4.065855026245117
691 	 3.9250032901763916
692 	 4.125763416290283
693 	 4.047991752624512
694 	 3.908604860305786
695 	 3.9996602535247803
696 	 3.9956884384155273
697 	 4.086395263671875
698 	 4.14939546585083
699 	 4.113894462585449
700 	 4.108564853668213
701 	 3.9667303562164307
702 	 4.096487998962402
703 	 3.9731860160827637
704 	 3.817389965057373
705 	 4.152396202087402
706 	 3.9575774669647217
707 	 3.9670870304107666
708 	 4.091197967529297
709 	 4.045105934143066
710 	 4.089870452880859
711 	 3.9975502490997314
712 	 4.031713485717773
713 	 3.8070342540740967
714 	 3.9558093547821045
715 	 4.007106781005859
716 	 3.9359817504882812
717 	 4.197592735290527
718 	 3.9983632564544678
719 	 4.0154924392700195
720 	 3.9363086223602295
721 	 4.044138431549072
722 	 4.046292781829834
723 	 4.053481578826904
724 	 3.923644542694092
725 	 3.921945571899414
726 	 4.0673441886901855
727 	 3.960913896560669
728 	 3.990893602371216
729 	 3.97932767868042
730 	 3.9692609310150146
731 	 3.9100942611694336
732 	 4.0714311599731445
733 	 4.023745059967041
734 	 4.021970272064209
735 	 4.115856170654297
736 	 4.078239440917969
737 	 4.320187568664551
738 	 4.154069900512695
739 	 4.160488128662109
740 	 4.151435852050781
741 	 4.076873779296875
742 	 4.0404276847839355
743 	 4.083490371704102
744 	 4.140087604522705
745 	 4.224483013153076
746 	 4.077877521514893
747 	 4.216537952423096
748 	 4.128180503845215
749 	 4.196065425872803
750 	 4.160041332244873
751 	 4.0415496826171875
752 	 3.9481208324432373
753 	 3.7953152656555176
754 	 3.9524710178375244
755 	 3.8629205226898193
756 	 4.122954845428467
757 	 3.950422763824463
758 	 4.033505916595459
759 	 3.8127543926239014
760 	 3.751924991607666
761 	 3.9251067638397217
762 	 3.826254367828369
763 	 4.053561210632324
764 	 3.898083448410034
765 	 4.091841220855713
766 	 4.007675647735596
767 	 4.0869975090026855
768 	 4.139674186706543
769 	 4.1845574378967285
770 	 3.991795539855957
771 	 4.1115617752075195
772 	 4.026759147644043
773 	 4.025547981262207
774 	 4.029264450073242
775 	 3.981830358505249
776 	 4.024886131286621
777 	 3.9898159503936768
778 	 3.8527798652648926
779 	 4.042508602142334
780 	 4.096224308013916
781 	 4.0735344886779785
782 	 4.05220890045166
783 	 3.635225296020508
784 	 3.7902016639709473
785 	 3.8545420169830322
786 	 3.758510112762451
787 	 3.8756678104400635
788 	 4.072327613830566
789 	 4.002684116363525
790 	 3.9830636978149414
791 	 4.072921276092529
792 	 3.9719905853271484
793 	 4.120837688446045
794 	 3.95912766456604
795 	 3.9144110679626465
796 	 4.000437259674072
797 	 3.9288082122802734
798 	 4.004826545715332
799 	 3.9671883583068848
800 	 4.077264308929443
801 	 4.132716178894043
802 	 4.063431262969971
803 	 4.084222793579102
804 	 3.8426990509033203
805 	 3.948573350906372
806 	 4.038930416107178
807 	 3.9619553089141846
808 	 3.965096950531006
809 	 3.8691153526306152
810 	 4.07384729385376
811 	 3.9773013591766357
812 	 3.889458656311035
813 	 4.060868263244629
814 	 3.9677722454071045
815 	 4.02612829208374
816 	 4.1107611656188965
817 	 3.94156551361084
818 	 4.168464183807373
819 	 4.214969158172607
820 	 4.126991271972656
821 	 4.177450180053711
822 	 4.1310296058654785
823 	 4.18756628036499
824 	 4.016175746917725
825 	 3.898547649383545
826 	 3.728398561477661
827 	 3.876555919647217
828 	 4.083695411682129
829 	 3.835095167160034
830 	 3.7672905921936035
831 	 4.039487361907959
832 	 3.998574733734131
833 	 4.071171283721924
834 	 4.133432388305664
835 	 3.899625539779663
836 	 3.8380229473114014
837 	 3.901209831237793
838 	 3.9373316764831543
839 	 3.5993521213531494
840 	 3.763888359069824
841 	 3.872671365737915
842 	 3.774324893951416
843 	 3.6439623832702637
844 	 3.860168695449829
845 	 3.790393114089966
846 	 3.9054644107818604
847 	 4.049152851104736
848 	 4.002722263336182
849 	 4.008572101593018
850 	 4.026857376098633
851 	 4.109675884246826
852 	 4.027463912963867
853 	 3.9701921939849854
854 	 4.122593402862549
855 	 3.9107861518859863
856 	 3.770446300506592
857 	 4.022946357727051
858 	 4.063440322875977
859 	 4.038471221923828
860 	 4.019071102142334
861 	 4.1913933753967285
862 	 4.064931869506836
863 	 3.9744069576263428
864 	 4.011986255645752
865 	 3.9600696563720703
866 	 4.008656978607178
867 	 4.0627055168151855
868 	 3.997377634048462
869 	 4.049936771392822
870 	 4.006864070892334
871 	 3.9872965812683105
872 	 4.01832914352417
873 	 3.963822603225708
874 	 4.074927806854248
875 	 3.9905619621276855
876 	 4.044129371643066
877 	 4.128870487213135
878 	 4.024938583374023
879 	 4.033247947692871
880 	 3.8718032836914062
881 	 3.828324556350708
882 	 3.9083473682403564
883 	 3.990283489227295
884 	 3.8833656311035156
885 	 4.069066524505615
886 	 4.11276388168335
887 	 3.8890151977539062
888 	 3.776007652282715
889 	 4.095424175262451
890 	 3.9024877548217773
891 	 3.9548377990722656
892 	 3.898209810256958
893 	 4.086441993713379
894 	 3.923222303390503
895 	 3.7735435962677
896 	 3.8360307216644287
897 	 3.8143088817596436
898 	 3.9852137565612793
899 	 3.9084718227386475
900 	 4.020235061645508
901 	 4.034744739532471
902 	 3.9184741973876953
903 	 4.125194072723389
904 	 3.928870439529419
905 	 3.8494269847869873
906 	 3.99556040763855
907 	 4.103358268737793
908 	 4.020119667053223
909 	 3.8327159881591797
910 	 4.090343952178955
911 	 4.02944278717041
912 	 4.034634590148926
913 	 4.143659591674805
914 	 4.12252140045166
915 	 4.179995536804199
916 	 4.0157647132873535
917 	 4.0569658279418945
918 	 4.27554988861084
919 	 4.137748718261719
920 	 4.186247825622559
921 	 3.9897830486297607
922 	 4.053749084472656
923 	 4.112838268280029
924 	 4.136460304260254
925 	 3.8616182804107666
926 	 4.195401668548584
927 	 4.046720504760742
928 	 4.053954601287842
929 	 3.9792113304138184
930 	 4.205348014831543
931 	 4.025374412536621
932 	 4.022158622741699
933 	 3.860889434814453
934 	 3.957789421081543
935 	 4.0858330726623535
936 	 4.214483261108398
937 	 4.008020877838135
938 	 3.947099208831787
939 	 4.056995868682861
940 	 4.028057098388672
941 	 3.9763612747192383
942 	 3.754040479660034
943 	 3.8286995887756348
944 	 3.7776317596435547
945 	 3.7674574851989746
946 	 3.734928607940674
947 	 3.694213390350342
948 	 4.043650150299072
949 	 3.7137715816497803
950 	 3.9502041339874268
951 	 3.7836997509002686
952 	 4.3378682136535645
953 	 4.092104911804199
954 	 4.114020824432373
955 	 3.916923999786377
956 	 3.994420051574707
957 	 3.7708542346954346
958 	 3.897010326385498
959 	 3.833436965942383
960 	 3.962993621826172
961 	 4.0541090965271
962 	 3.9444777965545654
963 	 3.849846124649048
964 	 4.1462812423706055
965 	 3.938014507293701
966 	 3.9931492805480957
967 	 4.041068077087402
968 	 4.004173755645752
969 	 3.8081142902374268
970 	 3.8574090003967285
971 	 3.9370779991149902
972 	 3.7411670684814453
973 	 3.6136980056762695
974 	 3.864224433898926
975 	 3.7451746463775635
976 	 3.7368600368499756
977 	 3.6914429664611816
978 	 3.976539373397827
979 	 3.9504597187042236
980 	 3.974661350250244
981 	 4.14275598526001
982 	 4.011338233947754
983 	 3.965139627456665
984 	 4.154358386993408
985 	 3.8962152004241943
986 	 3.9610021114349365
987 	 3.9413750171661377
988 	 3.929486036300659
989 	 3.984588146209717
990 	 4.006666660308838
991 	 3.9800853729248047
992 	 3.9826009273529053
993 	 3.9251210689544678
994 	 4.036171913146973
995 	 4.0414719581604
996 	 4.107397556304932
997 	 4.085531234741211
998 	 4.114375591278076
999 	 4.009450435638428
1000 	 3.938480854034424
1001 	 3.916877508163452
1002 	 3.9008381366729736
1003 	 3.925138235092163
1004 	 4.0551018714904785
1005 	 3.833718776702881
1006 	 3.8563246726989746
1007 	 3.992929458618164
1008 	 4.158506870269775
1009 	 3.896591901779175
1010 	 3.9810678958892822
1011 	 4.103122234344482
1012 	 4.02653694152832
1013 	 3.9684410095214844
1014 	 4.133604526519775
1015 	 4.155426979064941
1016 	 3.880462646484375
1017 	 3.9116945266723633
1018 	 3.948542356491089
1019 	 4.134853363037109
1020 	 3.971531629562378
1021 	 3.955686092376709
1022 	 4.037044525146484
1023 	 3.9748823642730713
1024 	 4.104954242706299
1025 	 3.9146904945373535
1026 	 3.865030527114868
1027 	 3.8971614837646484
1028 	 3.907475233078003
1029 	 4.094801425933838
1030 	 3.9468672275543213
1031 	 3.905902862548828
1032 	 4.072178840637207
1033 	 4.0325541496276855
1034 	 3.9940550327301025
1035 	 4.107872009277344
1036 	 3.7928154468536377
1037 	 4.056117057800293
1038 	 3.974809408187866
1039 	 4.1422319412231445
1040 	 4.019869804382324
1041 	 4.134981632232666
1042 	 4.084856986999512
1043 	 4.033008575439453
1044 	 3.9073853492736816
1045 	 3.9958081245422363
1046 	 3.9263761043548584
1047 	 3.9057395458221436
1048 	 3.9457755088806152
1049 	 4.068142890930176
1050 	 4.049360752105713
1051 	 4.008421421051025
1052 	 4.150477409362793
1053 	 4.003531455993652
1054 	 3.9339487552642822
1055 	 3.9401328563690186
1056 	 4.054750919342041
1057 	 4.088299751281738
1058 	 4.112979888916016
1059 	 4.059884548187256
1060 	 4.121600151062012
1061 	 3.918539524078369
1062 	 3.7905285358428955
1063 	 3.8523781299591064
1064 	 3.9575042724609375
1065 	 3.9027137756347656
1066 	 4.1371941566467285
1067 	 4.115912437438965
1068 	 4.015984535217285
1069 	 4.092552185058594
1070 	 4.101860046386719
1071 	 4.169389724731445
1072 	 4.0658416748046875
1073 	 4.063767910003662
1074 	 4.0501909255981445
1075 	 4.0755534172058105
1076 	 4.051952838897705
1077 	 4.175498962402344
1078 	 4.088711738586426
1079 	 4.114935398101807
1080 	 4.179128646850586
1081 	 4.139774322509766
1082 	 3.925525188446045
1083 	 3.9439468383789062
1084 	 3.9362802505493164
1085 	 4.120297908782959
1086 	 3.896559715270996
1087 	 4.2071661949157715
1088 	 4.062857627868652
1089 	 3.9542787075042725
1090 	 4.09385871887207
1091 	 4.129001140594482
1092 	 4.105735778808594
1093 	 3.9572322368621826
1094 	 4.006906509399414
1095 	 4.018416881561279
1096 	 3.9706366062164307
1097 	 4.111183166503906
1098 	 4.0549726486206055
1099 	 4.202636241912842
1100 	 4.009577751159668
1101 	 4.053946018218994
1102 	 4.052275657653809
1103 	 4.041374206542969
1104 	 4.154277324676514
1105 	 3.9815690517425537
1106 	 4.1501383781433105
1107 	 4.078215599060059
1108 	 4.000510215759277
1109 	 4.060600757598877
1110 	 4.104310035705566
1111 	 4.015878200531006
1112 	 4.009020805358887
1113 	 4.003260135650635
1114 	 3.95202374458313
1115 	 4.052628993988037
1116 	 4.05169153213501
1117 	 3.9287919998168945
1118 	 3.9588570594787598
1119 	 3.9627091884613037
1120 	 3.9764153957366943
1121 	 4.00540018081665
1122 	 3.9949018955230713
1123 	 3.731863260269165
1124 	 3.9366252422332764
1125 	 4.132180690765381
1126 	 3.9537529945373535
1127 	 3.91348934173584
1128 	 3.913179636001587
1129 	 3.7206478118896484
1130 	 4.111179828643799
1131 	 3.9427075386047363
1132 	 4.002047061920166
1133 	 4.083161354064941
1134 	 4.09540319442749
1135 	 3.961045026779175
1136 	 3.9527196884155273
1137 	 3.9430465698242188
1138 	 4.005475044250488
1139 	 3.9138689041137695
1140 	 4.168544769287109
1141 	 3.952603578567505
1142 	 4.170969009399414
1143 	 3.967992067337036
1144 	 3.9733688831329346
1145 	 3.9955317974090576
1146 	 4.09754753112793
1147 	 4.004490375518799
1148 	 4.0018815994262695
1149 	 3.972416639328003
1150 	 4.060515880584717
1151 	 4.058747291564941
1152 	 3.9872536659240723
1153 	 4.014737129211426
1154 	 4.104969024658203
1155 	 4.2247209548950195
1156 	 4.331511974334717
1157 	 4.138073921203613
1158 	 4.169283866882324
1159 	 4.067174434661865
1160 	 4.169027805328369
1161 	 3.9351656436920166
1162 	 3.9800937175750732
1163 	 3.9267945289611816
1164 	 4.019846439361572
1165 	 4.079588890075684
1166 	 4.09733772277832
1167 	 4.06621789932251
1168 	 3.9521379470825195
1169 	 3.9687585830688477
1170 	 4.082293510437012
1171 	 4.0226664543151855
1172 	 3.899705171585083
1173 	 3.848037004470825
1174 	 4.05987548828125
1175 	 4.0569353103637695
1176 	 4.0419769287109375
1177 	 3.924564838409424
1178 	 3.9230966567993164
1179 	 3.6128945350646973
1180 	 3.7112207412719727
1181 	 3.742973804473877
1182 	 3.8976292610168457
1183 	 4.046841621398926
1184 	 4.148171901702881
1185 	 4.189589977264404
1186 	 4.054703235626221
1187 	 4.132418155670166
1188 	 4.093157768249512
1189 	 4.147373676300049
1190 	 3.7888967990875244
1191 	 3.997140884399414
1192 	 4.108738422393799
1193 	 3.8729536533355713
1194 	 3.740346908569336
1195 	 3.7595713138580322
1196 	 3.8036749362945557
1197 	 3.8760571479797363
1198 	 3.972599506378174
1199 	 4.07035493850708
1200 	 4.055770397186279
1201 	 3.984788656234741
1202 	 4.125354766845703
1203 	 4.043445110321045
1204 	 4.048771381378174
1205 	 4.061800956726074
1206 	 4.101946830749512
1207 	 3.573744535446167
1208 	 3.859222173690796
1209 	 3.980794906616211
1210 	 3.9692764282226562
1211 	 3.8655617237091064
1212 	 3.739718198776245
1213 	 3.6437599658966064
1214 	 4.008977890014648
1215 	 3.859163522720337
1216 	 3.900949716567993
1217 	 4.0148396492004395
1218 	 3.8917486667633057
1219 	 3.910569190979004
1220 	 3.81423020362854
1221 	 4.028259754180908
1222 	 4.267515182495117
1223 	 4.1125569343566895
1224 	 3.9864766597747803
1225 	 4.079963684082031
1226 	 3.8759636878967285
1227 	 4.086424350738525
1228 	 4.017025947570801
1229 	 3.9865963459014893
1230 	 4.041060447692871
1231 	 4.095893383026123
1232 	 4.132962703704834
1233 	 4.089997291564941
1234 	 3.892441749572754
1235 	 3.8801026344299316
1236 	 3.9934134483337402
1237 	 4.173753261566162
1238 	 4.079315185546875
1239 	 3.9886465072631836
1240 	 4.042219161987305
1241 	 3.929368734359741
1242 	 4.161828517913818
1243 	 4.098250389099121
1244 	 4.08516788482666
1245 	 4.190827369689941
1246 	 4.121014595031738
1247 	 3.8510677814483643
1248 	 3.743298053741455
1249 	 3.843026638031006
