0 	 0.0
1 	 1.852827787399292
2 	 2.0585854053497314
3 	 2.676865816116333
4 	 3.878737688064575
5 	 2.376389265060425
6 	 1.9541218280792236
7 	 2.4849681854248047
8 	 3.5291881561279297
9 	 3.930112838745117
10 	 4.40635347366333
11 	 3.9803380966186523
12 	 4.362738609313965
13 	 4.114391326904297
14 	 3.8699307441711426
15 	 4.029148101806641
16 	 3.8892407417297363
17 	 3.6793367862701416
18 	 3.2587132453918457
19 	 4.09694242477417
20 	 3.88543701171875
21 	 3.901442766189575
22 	 3.826903820037842
23 	 4.239182949066162
24 	 4.2160844802856445
25 	 4.102892875671387
26 	 4.196944713592529
27 	 4.1666669845581055
28 	 4.353599548339844
29 	 4.115110397338867
30 	 3.789158582687378
31 	 3.513723611831665
32 	 4.25834846496582
33 	 3.81870174407959
34 	 4.097720623016357
35 	 4.033658504486084
36 	 4.129185199737549
37 	 4.481317043304443
38 	 4.181460380554199
39 	 3.966240882873535
40 	 4.129687309265137
41 	 4.179800510406494
42 	 4.181454181671143
43 	 4.271224021911621
44 	 4.168738842010498
45 	 4.05840539932251
46 	 4.383439064025879
47 	 3.9045934677124023
48 	 4.162115573883057
49 	 4.036255836486816
50 	 4.110538482666016
51 	 4.214295387268066
52 	 4.19462776184082
53 	 4.1409912109375
54 	 4.2342047691345215
55 	 4.199512958526611
56 	 4.195556163787842
57 	 3.9204506874084473
58 	 4.270374774932861
59 	 4.043423652648926
60 	 4.1406049728393555
61 	 3.9868040084838867
62 	 4.139606952667236
63 	 4.279230117797852
64 	 4.275842189788818
65 	 4.036883354187012
66 	 4.131917476654053
67 	 4.0055670738220215
68 	 4.0798444747924805
69 	 4.011772155761719
70 	 4.235205173492432
71 	 3.858933448791504
72 	 3.9890315532684326
73 	 4.232333660125732
74 	 4.624626159667969
75 	 4.548064708709717
76 	 4.571446895599365
77 	 4.417286396026611
78 	 4.283487796783447
79 	 4.381637096405029
80 	 4.4762282371521
81 	 4.4807047843933105
82 	 4.589869022369385
83 	 4.353762626647949
84 	 4.31052303314209
85 	 4.30635929107666
86 	 4.237262725830078
87 	 4.231873989105225
88 	 4.222914218902588
89 	 4.264934539794922
90 	 4.268505573272705
91 	 4.526137828826904
92 	 4.379755020141602
93 	 4.213774681091309
94 	 4.138585090637207
95 	 4.0850419998168945
96 	 4.324087142944336
97 	 4.261416912078857
98 	 4.201955795288086
99 	 4.429041862487793
100 	 4.252771377563477
101 	 3.8479790687561035
102 	 4.091255187988281
103 	 3.903693437576294
104 	 3.950817823410034
105 	 4.1234331130981445
106 	 4.189158916473389
107 	 3.8192179203033447
108 	 4.203392028808594
109 	 4.037289142608643
110 	 4.121139049530029
111 	 4.000694274902344
112 	 4.444859027862549
113 	 4.672555446624756
114 	 4.421236991882324
115 	 4.186806678771973
116 	 4.423834800720215
117 	 4.598570823669434
118 	 4.340744972229004
119 	 4.14851713180542
120 	 4.0680036544799805
121 	 4.111225128173828
122 	 4.425577640533447
123 	 4.585458278656006
124 	 4.6726508140563965
125 	 4.626899719238281
126 	 4.617706298828125
127 	 4.538698196411133
128 	 4.6302385330200195
129 	 4.083961009979248
130 	 3.8940024375915527
131 	 4.286333084106445
132 	 4.14067268371582
133 	 4.192641258239746
134 	 4.554861545562744
135 	 4.5470499992370605
136 	 4.142104625701904
137 	 4.666080474853516
138 	 4.40285062789917
139 	 4.347879886627197
140 	 4.396101951599121
141 	 4.487545490264893
142 	 4.323835849761963
143 	 4.3024139404296875
144 	 4.224174499511719
145 	 4.195282936096191
146 	 4.059896469116211
147 	 4.1805243492126465
148 	 4.244373321533203
149 	 4.066043376922607
150 	 3.776400327682495
151 	 3.802755355834961
152 	 3.9355013370513916
153 	 3.8605477809906006
154 	 4.055287837982178
155 	 3.953152894973755
156 	 3.9440460205078125
157 	 4.069029808044434
158 	 3.771153688430786
159 	 3.608933210372925
160 	 3.9208362102508545
161 	 3.8011302947998047
162 	 3.8928515911102295
163 	 4.059119701385498
164 	 3.679025411605835
165 	 3.7981274127960205
166 	 3.7966949939727783
167 	 3.9729418754577637
168 	 3.8537650108337402
169 	 4.074762344360352
170 	 3.9368784427642822
171 	 3.8443429470062256
172 	 3.8949174880981445
173 	 3.502863645553589
174 	 3.2796597480773926
175 	 3.3701281547546387
176 	 3.159093141555786
177 	 3.9180545806884766
178 	 3.8080856800079346
179 	 3.7941477298736572
180 	 3.529189348220825
181 	 3.734598159790039
182 	 3.982555627822876
183 	 3.974764823913574
184 	 3.982800006866455
185 	 4.099735260009766
186 	 3.8903582096099854
187 	 3.7290573120117188
188 	 3.596353530883789
189 	 3.392928123474121
190 	 3.480968713760376
191 	 3.5480802059173584
192 	 3.9357750415802
193 	 4.091315269470215
194 	 3.8575973510742188
195 	 3.9276320934295654
196 	 3.56803297996521
197 	 3.7232837677001953
198 	 3.7866411209106445
199 	 3.8623831272125244
200 	 4.158654689788818
201 	 4.128621578216553
202 	 4.003938674926758
203 	 3.894785165786743
204 	 3.7796518802642822
205 	 3.892024517059326
206 	 3.9306488037109375
207 	 3.6155381202697754
208 	 4.042261600494385
209 	 3.5132391452789307
210 	 3.8965508937835693
211 	 3.6489973068237305
212 	 3.7588000297546387
213 	 3.8511874675750732
214 	 3.6891372203826904
215 	 3.8864805698394775
216 	 3.7909693717956543
217 	 3.888545274734497
218 	 3.9424283504486084
219 	 3.8484134674072266
220 	 4.03853178024292
221 	 3.68839430809021
222 	 3.7645280361175537
223 	 3.9270377159118652
224 	 4.192716598510742
225 	 4.1193695068359375
226 	 3.9790725708007812
227 	 3.9635977745056152
228 	 4.510091781616211
229 	 4.234572887420654
230 	 4.033995628356934
231 	 3.912104845046997
232 	 4.1852707862854
233 	 4.120105266571045
234 	 3.934690237045288
235 	 3.610539197921753
236 	 3.573362350463867
237 	 3.636223077774048
238 	 3.5606186389923096
239 	 3.7773146629333496
240 	 3.8477814197540283
241 	 3.965132236480713
242 	 3.8068997859954834
243 	 4.199604034423828
244 	 4.0029191970825195
245 	 3.8438878059387207
246 	 3.8980770111083984
247 	 3.7754454612731934
248 	 3.534761905670166
249 	 4.008559703826904
250 	 4.073981285095215
251 	 4.0817155838012695
252 	 3.812453269958496
253 	 4.059446334838867
254 	 4.023133754730225
255 	 3.934764862060547
256 	 3.3569488525390625
257 	 3.6757748126983643
258 	 3.9032130241394043
259 	 3.810929298400879
260 	 3.761556625366211
261 	 3.5049784183502197
262 	 3.8524489402770996
263 	 3.4690709114074707
264 	 3.4903154373168945
265 	 3.4887192249298096
266 	 3.5435051918029785
267 	 3.911837100982666
268 	 3.9345338344573975
269 	 3.7838022708892822
270 	 3.790742874145508
271 	 3.64088773727417
272 	 3.4989380836486816
273 	 3.808119773864746
274 	 3.7901110649108887
275 	 3.834933042526245
276 	 4.088904857635498
277 	 3.9564812183380127
278 	 4.012129783630371
279 	 3.660576105117798
280 	 3.2676897048950195
281 	 3.356661558151245
282 	 3.4570860862731934
283 	 3.6672472953796387
284 	 3.380479335784912
285 	 3.7791717052459717
286 	 3.6729071140289307
287 	 3.611206293106079
288 	 3.633643388748169
289 	 3.919175386428833
290 	 3.743166446685791
291 	 3.8589494228363037
292 	 3.568713903427124
293 	 3.745593786239624
294 	 3.7657158374786377
295 	 3.8880741596221924
296 	 4.016750335693359
297 	 3.7949349880218506
298 	 3.9047927856445312
299 	 4.141552925109863
300 	 3.678126335144043
301 	 3.6483399868011475
302 	 3.9208972454071045
303 	 3.9669711589813232
304 	 3.997525691986084
305 	 4.224057197570801
306 	 3.975994825363159
307 	 4.046448707580566
308 	 3.902963638305664
309 	 3.8779473304748535
310 	 3.769585609436035
311 	 3.889711380004883
312 	 3.5133376121520996
313 	 3.887756109237671
314 	 4.101888179779053
315 	 3.9213998317718506
316 	 4.077070236206055
317 	 4.088990688323975
318 	 3.9674832820892334
319 	 4.027120113372803
320 	 3.904539108276367
321 	 3.8813469409942627
322 	 3.7951347827911377
323 	 3.8184072971343994
324 	 4.0051093101501465
325 	 3.6992828845977783
326 	 3.6977715492248535
327 	 3.5796561241149902
328 	 3.8339037895202637
329 	 3.857329845428467
330 	 3.7331409454345703
331 	 3.786212921142578
332 	 3.617936611175537
333 	 3.7673699855804443
334 	 3.961449146270752
335 	 3.6425282955169678
336 	 3.755603313446045
337 	 3.871870517730713
338 	 3.862427234649658
339 	 4.158285140991211
340 	 4.131145000457764
341 	 3.8341684341430664
342 	 4.016397953033447
343 	 3.9984304904937744
344 	 3.759348154067993
345 	 3.523158073425293
346 	 3.808272123336792
347 	 3.949795961380005
348 	 3.9685192108154297
349 	 3.7307167053222656
350 	 3.964714288711548
351 	 3.8640854358673096
352 	 3.9497170448303223
353 	 3.965787410736084
354 	 3.735435962677002
355 	 3.922974109649658
356 	 3.8750319480895996
357 	 3.7524302005767822
358 	 3.655853271484375
359 	 3.6943416595458984
360 	 3.7739670276641846
361 	 3.4537160396575928
362 	 3.1777184009552
363 	 3.551076650619507
364 	 3.7105278968811035
365 	 3.5745158195495605
366 	 3.756580114364624
367 	 3.718012571334839
368 	 3.7971129417419434
369 	 3.7363646030426025
370 	 3.885801315307617
371 	 3.9719462394714355
372 	 3.8314783573150635
373 	 3.789628267288208
374 	 4.048036098480225
375 	 4.085156440734863
376 	 4.079323768615723
377 	 4.217357158660889
378 	 4.133968830108643
379 	 3.7772176265716553
380 	 4.071557998657227
381 	 3.6917009353637695
382 	 3.790341377258301
383 	 3.941307544708252
384 	 3.875007390975952
385 	 3.925257444381714
386 	 4.034049987792969
387 	 4.018600940704346
388 	 4.053030967712402
389 	 3.972450017929077
390 	 3.8978943824768066
391 	 3.5541622638702393
392 	 3.9446871280670166
393 	 3.674135446548462
394 	 3.761181592941284
395 	 3.5001587867736816
396 	 3.8361966609954834
397 	 3.5723586082458496
398 	 3.7436835765838623
399 	 3.767987012863159
400 	 3.624818801879883
401 	 3.717960834503174
402 	 3.763787269592285
403 	 3.987232208251953
404 	 3.848222017288208
405 	 3.991010904312134
406 	 4.03273344039917
407 	 3.9215426445007324
408 	 3.6621005535125732
409 	 4.02154016494751
410 	 4.1081390380859375
411 	 3.6886937618255615
412 	 4.0792412757873535
413 	 4.05605936050415
414 	 4.06813383102417
415 	 3.882269859313965
416 	 3.855496406555176
417 	 3.497049331665039
418 	 3.490435838699341
419 	 3.690993309020996
420 	 3.5549464225769043
421 	 3.683608293533325
422 	 3.70749831199646
423 	 3.6629645824432373
424 	 3.721252202987671
425 	 3.9235401153564453
426 	 4.0661420822143555
427 	 3.9572346210479736
428 	 3.863807439804077
429 	 4.067583084106445
430 	 3.4336884021759033
431 	 3.6652305126190186
432 	 3.3151321411132812
433 	 3.505000114440918
434 	 3.6664867401123047
435 	 3.8924944400787354
436 	 3.4771289825439453
437 	 3.6613240242004395
438 	 3.7330596446990967
439 	 3.432279586791992
440 	 3.5596163272857666
441 	 3.6881396770477295
442 	 3.594294309616089
443 	 3.8532121181488037
444 	 3.93428897857666
445 	 4.007704257965088
446 	 3.782557249069214
447 	 3.5976247787475586
448 	 3.6575889587402344
449 	 3.464869737625122
450 	 3.711700201034546
451 	 3.9258530139923096
452 	 3.599292039871216
453 	 3.7396223545074463
454 	 3.7381749153137207
455 	 4.025182247161865
456 	 3.6783511638641357
457 	 4.003448963165283
458 	 3.7114126682281494
459 	 3.8371338844299316
460 	 4.241294860839844
461 	 4.073812961578369
462 	 3.8411428928375244
463 	 4.084550380706787
464 	 4.099523544311523
465 	 4.138112545013428
466 	 3.942002296447754
467 	 3.8954427242279053
468 	 3.7323243618011475
469 	 3.9334819316864014
470 	 3.705383062362671
471 	 3.460423231124878
472 	 3.9831178188323975
473 	 4.022364616394043
474 	 4.085404872894287
475 	 3.720165729522705
476 	 3.743921995162964
477 	 3.9345133304595947
478 	 3.8751864433288574
479 	 3.5632240772247314
480 	 3.8369803428649902
481 	 4.044383525848389
482 	 3.9409334659576416
483 	 3.624336004257202
484 	 3.912581205368042
485 	 3.506035089492798
486 	 3.85646915435791
487 	 3.8622586727142334
488 	 3.9293136596679688
489 	 3.759120464324951
490 	 3.9967713356018066
491 	 4.05615234375
492 	 3.742666006088257
493 	 3.975843906402588
494 	 3.8709049224853516
495 	 3.9590020179748535
496 	 4.111250877380371
497 	 3.8056302070617676
498 	 4.1722517013549805
499 	 3.870011806488037
500 	 3.9863474369049072
501 	 3.998265504837036
502 	 4.045059680938721
503 	 3.7895617485046387
504 	 3.761126756668091
505 	 3.853332042694092
506 	 3.8668675422668457
507 	 3.6524548530578613
508 	 3.6562066078186035
509 	 3.9008500576019287
510 	 3.719635248184204
511 	 3.9445109367370605
512 	 3.7820982933044434
513 	 3.599423885345459
514 	 3.3356738090515137
515 	 3.1967222690582275
516 	 3.7249293327331543
517 	 3.4404079914093018
518 	 3.429860830307007
519 	 3.7316031455993652
520 	 3.7795825004577637
521 	 3.7163026332855225
522 	 3.947561025619507
523 	 4.1055908203125
524 	 3.9705443382263184
525 	 3.847907304763794
526 	 4.125139236450195
527 	 3.9722635746002197
528 	 3.9846723079681396
529 	 3.784424304962158
530 	 3.6820614337921143
531 	 3.9478092193603516
532 	 4.023067951202393
533 	 4.006601333618164
534 	 4.164505958557129
535 	 4.10115909576416
536 	 3.8524253368377686
537 	 3.764359712600708
538 	 3.654541492462158
539 	 3.7393839359283447
540 	 3.717745065689087
541 	 3.949559211730957
542 	 4.092878341674805
543 	 3.9715073108673096
544 	 4.025601387023926
545 	 3.661147356033325
546 	 3.555206775665283
547 	 3.6948659420013428
548 	 3.8527417182922363
549 	 3.6364190578460693
550 	 3.8044822216033936
551 	 3.967371940612793
552 	 3.5088164806365967
553 	 3.6370744705200195
554 	 3.698805332183838
555 	 3.604672908782959
556 	 3.8705461025238037
557 	 3.983609676361084
558 	 4.011592864990234
559 	 3.961935520172119
560 	 3.740139961242676
561 	 3.6323812007904053
562 	 3.947157859802246
563 	 3.923698902130127
564 	 3.884338617324829
565 	 3.7699923515319824
566 	 3.797757625579834
567 	 4.106989860534668
568 	 4.0159077644348145
569 	 3.3085381984710693
570 	 3.826817035675049
571 	 3.5936765670776367
572 	 3.9116456508636475
573 	 3.7586002349853516
574 	 3.8669354915618896
575 	 3.7893195152282715
576 	 3.7944557666778564
577 	 3.700160026550293
578 	 4.146913051605225
579 	 3.494809865951538
580 	 3.716949462890625
581 	 3.697293519973755
582 	 3.828151226043701
583 	 4.040918827056885
584 	 4.0962724685668945
585 	 3.9316749572753906
586 	 3.8401505947113037
587 	 3.777371406555176
588 	 3.9776248931884766
589 	 4.044888973236084
590 	 3.4728965759277344
591 	 4.195305824279785
592 	 4.069382190704346
593 	 3.78424334526062
594 	 4.132099628448486
595 	 3.703932285308838
596 	 3.719862461090088
597 	 3.454660654067993
598 	 3.662342071533203
599 	 3.787871837615967
600 	 4.050987243652344
601 	 3.9061732292175293
602 	 4.140706539154053
603 	 3.9970357418060303
604 	 4.484615802764893
605 	 4.339622974395752
606 	 3.8750319480895996
607 	 3.9740712642669678
608 	 3.9861154556274414
609 	 3.3717761039733887
610 	 3.6813957691192627
611 	 3.5464999675750732
612 	 3.606705665588379
613 	 3.3071234226226807
614 	 3.345808982849121
615 	 3.5747487545013428
616 	 3.698073625564575
617 	 3.886887550354004
618 	 3.9664204120635986
619 	 3.7319557666778564
620 	 3.779907464981079
621 	 3.5157828330993652
622 	 3.9524335861206055
623 	 4.04299259185791
624 	 3.910896062850952
625 	 3.5952346324920654
626 	 4.073117733001709
627 	 4.093852996826172
628 	 3.6679348945617676
629 	 3.871896982192993
630 	 3.6242949962615967
631 	 3.4573326110839844
632 	 3.9417312145233154
633 	 3.8154356479644775
634 	 3.9367284774780273
635 	 3.804238796234131
636 	 3.591010570526123
637 	 3.8199074268341064
638 	 3.5478551387786865
639 	 3.9800848960876465
640 	 3.966662645339966
641 	 3.819653034210205
642 	 3.857879161834717
643 	 4.122572422027588
644 	 3.8075904846191406
645 	 4.088745594024658
646 	 4.17108678817749
647 	 4.058135986328125
648 	 3.8143880367279053
649 	 4.434006214141846
650 	 4.392816066741943
651 	 4.364226818084717
652 	 4.449239253997803
653 	 4.323812007904053
654 	 4.144127368927002
655 	 3.9461705684661865
656 	 4.127863883972168
657 	 4.071994304656982
658 	 3.7696316242218018
659 	 3.933051347732544
660 	 3.97212815284729
661 	 3.7833335399627686
662 	 4.127445220947266
663 	 3.9476006031036377
664 	 4.158145427703857
665 	 3.776418447494507
666 	 4.158827781677246
667 	 4.142340660095215
668 	 3.8639233112335205
669 	 4.184497356414795
670 	 4.1022443771362305
671 	 4.00970983505249
672 	 4.071272850036621
673 	 4.509387493133545
674 	 4.292541980743408
675 	 4.104053497314453
676 	 3.984265089035034
677 	 4.4878764152526855
678 	 4.107439041137695
679 	 4.230739593505859
680 	 3.9383230209350586
681 	 4.057967185974121
682 	 3.8027992248535156
683 	 4.038224697113037
684 	 4.04854154586792
685 	 3.955899953842163
686 	 3.9416637420654297
687 	 4.129183292388916
688 	 4.325815200805664
689 	 4.13188362121582
690 	 4.384525299072266
691 	 4.439870357513428
692 	 4.125772476196289
693 	 4.405337810516357
694 	 4.138868808746338
695 	 4.178001880645752
696 	 4.528837203979492
697 	 4.453533172607422
698 	 4.273509979248047
699 	 3.8958115577697754
700 	 3.5999701023101807
701 	 3.5137715339660645
702 	 3.5187227725982666
703 	 3.5409493446350098
704 	 3.5542986392974854
705 	 3.339280843734741
706 	 3.3130955696105957
707 	 3.1749839782714844
708 	 3.1992013454437256
709 	 3.0910165309906006
710 	 2.9432454109191895
711 	 3.323676586151123
712 	 3.4808669090270996
713 	 3.753934144973755
714 	 3.5167763233184814
715 	 3.4761006832122803
716 	 3.093721389770508
717 	 3.1852707862854004
718 	 3.4288406372070312
719 	 3.39094614982605
720 	 3.421205520629883
721 	 3.700651168823242
722 	 3.759049654006958
723 	 3.6671698093414307
724 	 3.6720590591430664
725 	 3.26393723487854
726 	 2.8465280532836914
727 	 3.051772356033325
728 	 3.1600072383880615
729 	 3.405734062194824
730 	 3.1902573108673096
731 	 3.018791675567627
732 	 3.029782295227051
733 	 2.6589608192443848
734 	 2.864410400390625
735 	 3.248663902282715
736 	 3.2905702590942383
737 	 2.9607021808624268
738 	 3.0404531955718994
739 	 3.1547954082489014
740 	 3.501441717147827
741 	 3.093465566635132
742 	 2.933103322982788
743 	 2.687772512435913
744 	 2.932926654815674
745 	 3.0332655906677246
746 	 3.062694787979126
747 	 2.7174935340881348
748 	 2.9587795734405518
749 	 3.001551628112793
750 	 2.902005672454834
751 	 2.695028066635132
752 	 3.083829641342163
753 	 3.1572868824005127
754 	 3.1990151405334473
755 	 3.129879951477051
756 	 3.298407793045044
757 	 3.2808547019958496
758 	 3.0603175163269043
759 	 2.8732590675354004
760 	 2.8600070476531982
761 	 3.2201192378997803
762 	 3.048053741455078
763 	 3.057137966156006
764 	 3.085256814956665
765 	 3.003887891769409
766 	 3.0848116874694824
767 	 2.9294416904449463
768 	 2.961754560470581
769 	 3.1993110179901123
770 	 3.031038999557495
771 	 3.3856329917907715
772 	 2.9969799518585205
773 	 3.5567448139190674
774 	 2.9899227619171143
775 	 3.7064571380615234
776 	 3.88179087638855
777 	 3.8581528663635254
778 	 3.9731132984161377
779 	 3.9102365970611572
780 	 3.9054694175720215
781 	 3.994337558746338
782 	 3.7373995780944824
783 	 3.9496212005615234
784 	 3.866533041000366
785 	 3.7945027351379395
786 	 3.3265457153320312
787 	 3.4644863605499268
788 	 3.4522323608398438
789 	 3.262803554534912
790 	 3.6317124366760254
791 	 3.5715413093566895
792 	 3.6010096073150635
793 	 3.231734275817871
794 	 3.690086841583252
795 	 3.8582489490509033
796 	 3.9563512802124023
797 	 3.8260698318481445
798 	 3.7471940517425537
799 	 3.81844162940979
800 	 3.72560977935791
801 	 3.813645601272583
802 	 3.6297333240509033
803 	 3.956733226776123
804 	 3.830108404159546
805 	 4.056637287139893
806 	 3.830059289932251
807 	 3.5410220623016357
808 	 3.9808249473571777
809 	 3.9389655590057373
810 	 3.878227472305298
811 	 3.941892385482788
812 	 3.643217086791992
813 	 4.010432720184326
814 	 3.889315605163574
815 	 3.8461556434631348
816 	 3.7625675201416016
817 	 3.6302061080932617
818 	 3.8257455825805664
819 	 4.038534641265869
820 	 3.953920602798462
821 	 3.678833246231079
822 	 3.916734218597412
823 	 3.8910911083221436
824 	 4.070857524871826
825 	 3.819591760635376
826 	 3.9479494094848633
827 	 3.8515803813934326
828 	 3.9460999965667725
829 	 3.7663116455078125
830 	 3.72316575050354
831 	 3.775871753692627
832 	 3.934687376022339
833 	 3.957951068878174
834 	 3.8936305046081543
835 	 4.021792888641357
836 	 3.8069357872009277
837 	 3.722245454788208
838 	 3.7631094455718994
839 	 3.7778127193450928
840 	 3.779127359390259
841 	 3.4490737915039062
842 	 3.795182228088379
843 	 3.7536821365356445
844 	 3.8553714752197266
845 	 3.7386720180511475
846 	 3.9172534942626953
847 	 3.755902051925659
848 	 3.635319948196411
849 	 3.9414405822753906
850 	 3.9710280895233154
851 	 4.005884170532227
852 	 3.904933214187622
853 	 3.9185962677001953
854 	 3.9387104511260986
855 	 4.023122787475586
856 	 4.089221954345703
857 	 3.9356141090393066
858 	 3.905763864517212
859 	 3.948428153991699
860 	 3.9180052280426025
861 	 4.095597743988037
862 	 3.8734493255615234
863 	 3.8600361347198486
864 	 3.863231658935547
865 	 3.8245322704315186
866 	 3.930178165435791
867 	 4.080738067626953
868 	 3.9414308071136475
869 	 4.041671276092529
870 	 4.056999683380127
871 	 3.937732696533203
872 	 3.9319353103637695
873 	 3.9723212718963623
874 	 3.993110418319702
875 	 3.9296107292175293
876 	 4.009141445159912
877 	 3.9873361587524414
878 	 3.9562408924102783
879 	 3.565594434738159
880 	 3.8736774921417236
881 	 4.0490803718566895
882 	 3.719032049179077
883 	 4.073483943939209
884 	 3.8111281394958496
885 	 3.8828184604644775
886 	 3.8625364303588867
887 	 3.8954520225524902
888 	 3.9823076725006104
889 	 3.994546890258789
890 	 3.9588379859924316
891 	 4.024379730224609
892 	 3.5966556072235107
893 	 3.91670298576355
894 	 4.0707478523254395
895 	 4.057530403137207
896 	 3.8256826400756836
897 	 3.7736034393310547
898 	 3.9518938064575195
899 	 3.779524326324463
900 	 3.8835229873657227
901 	 3.9210212230682373
902 	 3.7106685638427734
903 	 3.8958017826080322
904 	 3.992809534072876
905 	 3.8840014934539795
906 	 4.137686729431152
907 	 4.028839111328125
908 	 3.9718172550201416
909 	 3.746490716934204
910 	 3.8299455642700195
911 	 3.2048404216766357
912 	 3.7738447189331055
913 	 3.983466386795044
914 	 3.753866672515869
915 	 3.788963556289673
916 	 4.185401916503906
917 	 3.941861867904663
918 	 3.6977643966674805
919 	 3.854090690612793
920 	 3.9542934894561768
921 	 3.5581040382385254
922 	 3.7816379070281982
923 	 3.989391565322876
924 	 3.6897997856140137
925 	 3.650512456893921
926 	 3.8278234004974365
927 	 3.819779396057129
928 	 3.648653507232666
929 	 3.338001251220703
930 	 3.689086437225342
931 	 4.167266845703125
932 	 4.044220447540283
933 	 3.6016900539398193
934 	 3.6828644275665283
935 	 4.056556224822998
936 	 3.743208646774292
937 	 3.773879051208496
938 	 3.7977242469787598
939 	 3.717033863067627
940 	 4.130244255065918
941 	 4.048316955566406
942 	 3.7493984699249268
943 	 3.7710413932800293
944 	 3.7309556007385254
945 	 3.769207715988159
946 	 3.8737704753875732
947 	 3.9182047843933105
948 	 3.8824024200439453
949 	 3.8816440105438232
950 	 3.840024948120117
951 	 3.8078091144561768
952 	 3.8351783752441406
953 	 3.4418978691101074
954 	 3.9271318912506104
955 	 3.791703701019287
956 	 3.3696603775024414
957 	 3.296462297439575
958 	 3.3052401542663574
959 	 3.7463185787200928
960 	 3.7921149730682373
961 	 3.792022466659546
962 	 4.031657695770264
963 	 3.7162487506866455
964 	 3.9936368465423584
965 	 3.6088404655456543
966 	 3.9050707817077637
967 	 3.8508236408233643
968 	 3.579061269760132
969 	 3.5546133518218994
970 	 3.905647039413452
971 	 3.9215164184570312
972 	 4.064459323883057
973 	 3.927027940750122
974 	 3.9277124404907227
975 	 3.919381856918335
976 	 3.8118300437927246
977 	 3.7988953590393066
978 	 3.7133054733276367
979 	 3.711188316345215
980 	 3.574525833129883
981 	 3.8126423358917236
982 	 3.7913081645965576
983 	 4.100741386413574
984 	 3.8207449913024902
985 	 3.810107946395874
986 	 4.024528503417969
987 	 3.9384403228759766
988 	 3.998075008392334
989 	 3.966277599334717
990 	 3.988147258758545
991 	 3.9397220611572266
992 	 3.999279737472534
993 	 3.9961423873901367
994 	 3.949084520339966
995 	 3.9204366207122803
996 	 4.087657451629639
997 	 4.049485683441162
998 	 3.8482613563537598
999 	 4.04112434387207
1000 	 4.057118892669678
1001 	 3.8689143657684326
1002 	 3.648268938064575
1003 	 3.7000112533569336
1004 	 3.674476385116577
1005 	 3.8045895099639893
1006 	 3.7103819847106934
1007 	 3.89890456199646
1008 	 3.8419501781463623
1009 	 3.595099449157715
1010 	 3.6761116981506348
1011 	 3.8326003551483154
1012 	 3.564840793609619
1013 	 3.6003451347351074
1014 	 3.872655153274536
1015 	 3.634397029876709
1016 	 3.5118987560272217
1017 	 3.8847062587738037
1018 	 3.840895891189575
1019 	 3.3524208068847656
1020 	 3.9287919998168945
1021 	 3.791952133178711
1022 	 3.3911421298980713
1023 	 3.786409854888916
1024 	 3.641220808029175
1025 	 3.9400908946990967
1026 	 3.9765872955322266
1027 	 3.8964757919311523
1028 	 3.7181458473205566
1029 	 3.9498653411865234
1030 	 3.8582770824432373
1031 	 3.983341932296753
1032 	 3.903501510620117
1033 	 3.799940347671509
1034 	 3.4315664768218994
1035 	 4.003813743591309
1036 	 3.6525461673736572
1037 	 3.771512508392334
1038 	 3.8374853134155273
1039 	 3.8722925186157227
1040 	 3.802293300628662
1041 	 3.7190475463867188
1042 	 4.0275774002075195
1043 	 4.052043914794922
1044 	 4.029595375061035
1045 	 3.8868520259857178
1046 	 3.916703701019287
1047 	 4.029905319213867
1048 	 4.003359317779541
1049 	 4.1447224617004395
1050 	 3.7952277660369873
1051 	 3.7906429767608643
1052 	 3.569766044616699
1053 	 3.5174379348754883
1054 	 3.413555383682251
1055 	 3.7362873554229736
1056 	 3.4949700832366943
1057 	 3.704326868057251
1058 	 3.7104504108428955
1059 	 3.7560691833496094
1060 	 4.011393070220947
1061 	 4.049103736877441
1062 	 3.9778192043304443
1063 	 3.916323661804199
1064 	 3.9863266944885254
1065 	 3.8592231273651123
1066 	 3.908262014389038
1067 	 3.861713409423828
1068 	 4.084531307220459
1069 	 3.656912088394165
1070 	 3.599837064743042
1071 	 4.163853168487549
1072 	 3.830919027328491
1073 	 4.006836414337158
1074 	 3.9159348011016846
1075 	 3.80680775642395
1076 	 3.8933393955230713
1077 	 3.2962467670440674
1078 	 4.262003421783447
1079 	 3.9708595275878906
1080 	 4.023774147033691
1081 	 4.143172264099121
1082 	 3.9511451721191406
1083 	 3.9801275730133057
1084 	 4.160373210906982
1085 	 3.8280186653137207
1086 	 4.304025650024414
1087 	 4.1431097984313965
1088 	 3.4381256103515625
1089 	 3.5901198387145996
1090 	 3.927790641784668
1091 	 4.294142723083496
1092 	 4.077436923980713
1093 	 4.247954368591309
1094 	 4.043816089630127
1095 	 4.118189334869385
1096 	 4.253675937652588
1097 	 4.217347145080566
1098 	 4.159597873687744
1099 	 4.358268737792969
1100 	 4.384759902954102
1101 	 4.029212474822998
1102 	 3.969566822052002
1103 	 3.740828514099121
1104 	 3.8314030170440674
1105 	 3.9281554222106934
1106 	 3.7230494022369385
1107 	 3.910364866256714
1108 	 4.025832653045654
1109 	 3.745527982711792
1110 	 3.74267578125
1111 	 3.681063175201416
1112 	 3.7348527908325195
1113 	 3.882340431213379
1114 	 3.6594290733337402
1115 	 3.687506675720215
1116 	 3.5431861877441406
1117 	 3.5749166011810303
1118 	 3.543743371963501
1119 	 3.981879949569702
1120 	 3.875337600708008
1121 	 3.8174209594726562
1122 	 3.8710110187530518
1123 	 3.9901247024536133
1124 	 3.9623706340789795
1125 	 4.133491039276123
1126 	 4.356452465057373
1127 	 4.015168190002441
1128 	 4.012404441833496
1129 	 3.881967306137085
1130 	 4.033039093017578
1131 	 4.274785995483398
1132 	 4.327094554901123
1133 	 4.017241954803467
1134 	 4.002625465393066
1135 	 4.050561904907227
1136 	 3.747514247894287
1137 	 4.115607261657715
1138 	 3.8414220809936523
1139 	 3.8130180835723877
1140 	 3.481292963027954
1141 	 3.751070022583008
1142 	 4.046680927276611
1143 	 3.917438507080078
1144 	 4.010359287261963
1145 	 3.949334144592285
1146 	 4.0154523849487305
1147 	 4.084550380706787
1148 	 4.0231194496154785
1149 	 3.8939919471740723
1150 	 3.9287538528442383
1151 	 3.8327345848083496
1152 	 3.877920627593994
1153 	 3.9921741485595703
1154 	 4.208934307098389
1155 	 4.278126239776611
1156 	 4.124770164489746
1157 	 4.260268211364746
1158 	 3.9658753871917725
1159 	 3.8933277130126953
1160 	 3.9106197357177734
1161 	 4.256707668304443
1162 	 4.0199503898620605
1163 	 3.9474306106567383
1164 	 3.880492925643921
1165 	 3.8668603897094727
1166 	 4.161224842071533
1167 	 4.262975215911865
1168 	 4.005223274230957
1169 	 3.915050983428955
1170 	 3.7937729358673096
1171 	 4.060649394989014
1172 	 3.814584732055664
1173 	 3.995323419570923
1174 	 3.6881282329559326
1175 	 3.713407278060913
1176 	 3.9531090259552
1177 	 3.979154586791992
1178 	 3.7565715312957764
1179 	 3.7133591175079346
1180 	 4.101779937744141
1181 	 4.1231560707092285
1182 	 4.170065402984619
1183 	 4.4153337478637695
1184 	 4.473987102508545
1185 	 4.121511459350586
1186 	 4.251706123352051
1187 	 4.100569725036621
1188 	 3.9377312660217285
1189 	 4.265921592712402
1190 	 3.702622890472412
1191 	 3.73903226852417
1192 	 3.893322229385376
1193 	 3.8621490001678467
1194 	 4.059915542602539
1195 	 4.00233793258667
1196 	 3.9250636100769043
1197 	 4.276145935058594
1198 	 3.9392497539520264
1199 	 4.088993549346924
1200 	 4.563285827636719
1201 	 4.055620193481445
1202 	 4.374551773071289
1203 	 4.537725448608398
1204 	 4.306851863861084
1205 	 4.437887668609619
1206 	 4.165783405303955
1207 	 4.09403657913208
1208 	 4.107224464416504
1209 	 3.963773488998413
1210 	 3.871372699737549
1211 	 4.402848243713379
1212 	 4.195152759552002
1213 	 4.135776042938232
1214 	 4.01653528213501
1215 	 4.148200511932373
1216 	 4.0935468673706055
1217 	 4.261071681976318
1218 	 4.244779586791992
1219 	 3.8631324768066406
1220 	 3.936276435852051
1221 	 3.918881416320801
1222 	 4.244195461273193
1223 	 3.9986319541931152
1224 	 4.022592067718506
1225 	 4.0681281089782715
1226 	 4.33053731918335
1227 	 4.286995887756348
1228 	 4.155309677124023
1229 	 4.030641555786133
1230 	 4.044575214385986
1231 	 4.478944778442383
1232 	 4.179855823516846
1233 	 4.16835880279541
1234 	 4.370617866516113
1235 	 4.266579627990723
1236 	 4.409640789031982
1237 	 4.3913798332214355
1238 	 4.248711109161377
1239 	 4.207725524902344
1240 	 4.025842189788818
1241 	 3.9207675457000732
1242 	 3.887458086013794
1243 	 4.135235786437988
1244 	 3.7700753211975098
1245 	 3.853994846343994
1246 	 4.012848854064941
1247 	 3.8695778846740723
1248 	 3.963773250579834
1249 	 3.8177549839019775
1250 	 3.619755506515503
1251 	 3.5556137561798096
1252 	 3.693307876586914
1253 	 3.882173538208008
1254 	 3.400247812271118
1255 	 3.338404655456543
1256 	 3.26751971244812
1257 	 3.6138763427734375
1258 	 3.5275380611419678
1259 	 3.3764076232910156
1260 	 3.4081320762634277
1261 	 3.3791778087615967
1262 	 3.4643516540527344
1263 	 3.5224609375
1264 	 3.386584520339966
1265 	 3.3429553508758545
1266 	 3.3941457271575928
1267 	 3.6777231693267822
1268 	 3.481760263442993
1269 	 3.8592073917388916
1270 	 3.4050354957580566
1271 	 3.199005126953125
1272 	 3.594501256942749
1273 	 3.8289387226104736
1274 	 3.7518362998962402
1275 	 3.6804583072662354
1276 	 3.759227752685547
1277 	 3.831041097640991
1278 	 4.0074238777160645
1279 	 3.737478733062744
1280 	 3.4622981548309326
1281 	 3.699517011642456
1282 	 3.6382546424865723
1283 	 3.6603097915649414
1284 	 3.839651584625244
1285 	 3.3968119621276855
1286 	 3.4354703426361084
1287 	 3.6407463550567627
1288 	 3.434272050857544
1289 	 3.3254597187042236
1290 	 3.2685413360595703
1291 	 3.635920524597168
1292 	 3.5804059505462646
1293 	 3.8205013275146484
1294 	 3.812272548675537
1295 	 3.731548547744751
1296 	 3.7598700523376465
1297 	 3.7683780193328857
1298 	 4.014660835266113
1299 	 3.6419565677642822
1300 	 4.004702091217041
1301 	 3.803560733795166
1302 	 3.641157627105713
1303 	 3.7451236248016357
1304 	 3.398069143295288
1305 	 3.4095828533172607
1306 	 3.5348496437072754
1307 	 3.389866590499878
1308 	 3.310720205307007
1309 	 3.7911815643310547
1310 	 4.146210670471191
1311 	 4.211857795715332
1312 	 3.876305341720581
1313 	 3.888531446456909
1314 	 3.9911155700683594
1315 	 3.7856526374816895
1316 	 3.9208600521087646
1317 	 3.897465229034424
1318 	 3.814920425415039
1319 	 3.710275650024414
1320 	 3.6846628189086914
1321 	 3.4898428916931152
1322 	 4.031854152679443
1323 	 3.994807243347168
1324 	 3.821483850479126
1325 	 3.802506923675537
1326 	 3.5679681301116943
1327 	 3.4289166927337646
1328 	 3.989438533782959
1329 	 3.35215163230896
1330 	 3.632097005844116
1331 	 3.5350828170776367
1332 	 3.612272262573242
1333 	 3.528562307357788
1334 	 3.677997589111328
1335 	 4.055896759033203
1336 	 3.97883939743042
1337 	 4.112707138061523
1338 	 4.013022422790527
1339 	 4.065211772918701
1340 	 4.050734043121338
1341 	 4.056797504425049
1342 	 4.1072845458984375
1343 	 3.7475054264068604
1344 	 4.005577087402344
1345 	 3.7917215824127197
1346 	 3.6888327598571777
1347 	 3.608370065689087
1348 	 3.5846974849700928
1349 	 3.445483446121216
1350 	 3.5034890174865723
1351 	 3.91790509223938
1352 	 3.922973394393921
1353 	 4.063429832458496
1354 	 3.9630961418151855
1355 	 3.9459404945373535
1356 	 3.99749755859375
1357 	 3.9504215717315674
1358 	 4.153470993041992
1359 	 4.042987823486328
1360 	 4.0069780349731445
1361 	 3.844816207885742
1362 	 3.6591837406158447
1363 	 3.5867714881896973
1364 	 3.7486417293548584
1365 	 3.513437032699585
1366 	 4.000418186187744
1367 	 3.9639129638671875
1368 	 3.5260488986968994
1369 	 3.581965208053589
1370 	 3.640582323074341
1371 	 3.6643006801605225
1372 	 3.80830717086792
1373 	 3.636348009109497
1374 	 3.81950306892395
1375 	 3.690340518951416
1376 	 3.787165641784668
1377 	 3.823939323425293
1378 	 3.7931182384490967
1379 	 4.137477874755859
1380 	 3.885432720184326
1381 	 3.589071273803711
1382 	 4.0493483543396
1383 	 4.123788356781006
1384 	 4.0639777183532715
1385 	 4.003427028656006
1386 	 3.9530751705169678
1387 	 3.8375399112701416
1388 	 3.9316325187683105
1389 	 4.122002124786377
1390 	 4.032405376434326
1391 	 4.07150936126709
1392 	 4.072636604309082
1393 	 4.022082328796387
1394 	 4.001777648925781
1395 	 4.0342254638671875
1396 	 4.1965413093566895
1397 	 4.014219760894775
1398 	 3.8013200759887695
1399 	 4.268085956573486
1400 	 3.780322790145874
1401 	 4.164767265319824
1402 	 4.195656776428223
1403 	 4.6949944496154785
1404 	 4.1356520652771
1405 	 4.169531345367432
1406 	 3.9663126468658447
1407 	 4.087600231170654
1408 	 3.6336636543273926
1409 	 3.704979658126831
1410 	 4.078070163726807
1411 	 4.27086877822876
1412 	 4.204394817352295
1413 	 3.9210045337677
1414 	 4.011660575866699
1415 	 4.025290012359619
1416 	 3.7694928646087646
1417 	 4.138498783111572
1418 	 4.174471378326416
1419 	 4.002679347991943
1420 	 4.1631622314453125
1421 	 3.984252452850342
1422 	 4.084927558898926
1423 	 4.001524448394775
1424 	 4.207149028778076
1425 	 3.9775161743164062
1426 	 3.8128225803375244
1427 	 3.768306255340576
1428 	 3.918980121612549
1429 	 4.0464396476745605
1430 	 3.912217378616333
1431 	 3.9417293071746826
1432 	 3.826427936553955
1433 	 3.938218355178833
1434 	 3.9758856296539307
1435 	 3.9571139812469482
1436 	 3.8091681003570557
1437 	 4.249146938323975
1438 	 3.764531373977661
1439 	 3.42470645904541
1440 	 3.2118024826049805
1441 	 3.7467803955078125
1442 	 3.6149139404296875
1443 	 3.82563853263855
1444 	 3.804393768310547
1445 	 3.2860355377197266
1446 	 3.755512237548828
1447 	 3.7773494720458984
1448 	 3.921410322189331
1449 	 3.799638271331787
1450 	 3.5987730026245117
1451 	 4.020633697509766
1452 	 3.8923089504241943
1453 	 3.788292646408081
1454 	 3.991943359375
1455 	 3.8361737728118896
1456 	 3.765087127685547
1457 	 3.5455238819122314
1458 	 3.8185501098632812
1459 	 3.965334415435791
1460 	 3.8465540409088135
1461 	 4.029295921325684
1462 	 3.9789299964904785
1463 	 4.135098457336426
1464 	 4.025452136993408
1465 	 4.22597599029541
1466 	 4.185194969177246
1467 	 4.069748401641846
1468 	 4.234748840332031
1469 	 4.004121780395508
1470 	 4.145744800567627
1471 	 3.9286391735076904
1472 	 3.731041431427002
1473 	 3.4816529750823975
1474 	 3.2327380180358887
1475 	 3.69112229347229
1476 	 3.7409486770629883
1477 	 4.026750087738037
1478 	 3.6841812133789062
1479 	 3.7257320880889893
1480 	 3.6587929725646973
1481 	 3.4380245208740234
1482 	 3.6023330688476562
1483 	 3.3603975772857666
1484 	 3.652212381362915
1485 	 3.610905647277832
1486 	 3.7824506759643555
1487 	 4.061894416809082
1488 	 4.118719100952148
1489 	 4.007635116577148
1490 	 3.8769986629486084
1491 	 3.8025128841400146
1492 	 3.901735305786133
1493 	 3.58223819732666
1494 	 3.757842540740967
1495 	 3.598473072052002
1496 	 3.73820161819458
1497 	 4.028960704803467
1498 	 3.0868568420410156
1499 	 3.203683376312256
1500 	 3.2808125019073486
1501 	 3.8891780376434326
1502 	 3.848572254180908
1503 	 4.0223259925842285
1504 	 3.6020102500915527
1505 	 3.829956531524658
1506 	 3.5575263500213623
1507 	 4.238533020019531
1508 	 3.9806392192840576
1509 	 4.033505916595459
1510 	 4.27728271484375
1511 	 4.424734115600586
1512 	 3.8591160774230957
1513 	 4.039835453033447
1514 	 4.172410011291504
1515 	 3.92867112159729
1516 	 3.915647268295288
1517 	 3.9347448348999023
1518 	 3.7658889293670654
1519 	 3.9074947834014893
1520 	 4.122757434844971
1521 	 4.14839506149292
1522 	 3.8364524841308594
1523 	 4.162335395812988
1524 	 3.903010845184326
1525 	 4.056962013244629
1526 	 4.112419128417969
1527 	 4.045352935791016
1528 	 3.8142101764678955
1529 	 3.771047830581665
1530 	 4.0356831550598145
1531 	 3.7914018630981445
1532 	 3.7995386123657227
1533 	 4.096058368682861
1534 	 4.135369777679443
1535 	 4.031356334686279
1536 	 3.9954774379730225
1537 	 3.897167921066284
1538 	 4.013994216918945
1539 	 3.8867857456207275
1540 	 4.136358261108398
1541 	 3.8496947288513184
1542 	 3.874969959259033
1543 	 3.8992974758148193
1544 	 3.8463423252105713
1545 	 4.13723087310791
1546 	 3.9697868824005127
1547 	 4.048353672027588
1548 	 3.990915298461914
1549 	 3.776772975921631
1550 	 3.7706286907196045
1551 	 3.893101453781128
1552 	 3.78495717048645
1553 	 3.912921190261841
1554 	 3.901059627532959
1555 	 4.005258083343506
1556 	 4.1080732345581055
1557 	 3.8403892517089844
1558 	 3.9036917686462402
1559 	 3.949918270111084
1560 	 3.879814863204956
1561 	 3.9327027797698975
1562 	 3.9252636432647705
1563 	 4.303439617156982
1564 	 4.198051452636719
1565 	 4.291024684906006
1566 	 4.279895782470703
1567 	 4.113680839538574
1568 	 4.239518642425537
1569 	 4.335119724273682
1570 	 4.111702919006348
1571 	 4.059556007385254
1572 	 4.1578593254089355
1573 	 3.9082436561584473
1574 	 3.5461974143981934
1575 	 3.7515735626220703
1576 	 3.9361536502838135
1577 	 3.8188703060150146
1578 	 3.9027016162872314
1579 	 3.7011027336120605
1580 	 3.9239063262939453
1581 	 4.182341575622559
1582 	 4.107298374176025
1583 	 4.260785102844238
1584 	 4.119256973266602
1585 	 3.6191723346710205
1586 	 4.281729698181152
1587 	 4.003137111663818
1588 	 4.188122749328613
1589 	 3.9766018390655518
1590 	 3.9697911739349365
1591 	 4.027960300445557
1592 	 4.103233814239502
1593 	 4.200387477874756
1594 	 4.0572638511657715
1595 	 4.085198402404785
1596 	 4.064310550689697
1597 	 4.013439178466797
1598 	 4.095268249511719
1599 	 3.97280216217041
1600 	 4.205615997314453
1601 	 3.9572031497955322
1602 	 3.8512020111083984
1603 	 4.021500587463379
1604 	 4.064406871795654
1605 	 3.9557676315307617
1606 	 4.1460490226745605
1607 	 4.061945915222168
1608 	 4.112498760223389
1609 	 3.8966286182403564
1610 	 4.017078876495361
1611 	 4.004435062408447
1612 	 4.06817102432251
1613 	 4.1107563972473145
1614 	 4.041611194610596
1615 	 3.933800458908081
1616 	 3.8059916496276855
1617 	 3.9104902744293213
1618 	 4.263111114501953
1619 	 4.311448574066162
1620 	 4.224758625030518
1621 	 3.973928689956665
1622 	 3.8220367431640625
1623 	 4.2241034507751465
1624 	 4.035775184631348
1625 	 3.995410680770874
1626 	 4.18446159362793
1627 	 4.0661396980285645
1628 	 3.943437337875366
1629 	 4.170953750610352
1630 	 4.023443698883057
1631 	 3.6289591789245605
1632 	 3.659710645675659
1633 	 3.7084639072418213
1634 	 3.79508638381958
1635 	 3.7970454692840576
1636 	 3.861449956893921
1637 	 3.788449764251709
1638 	 3.6131949424743652
1639 	 4.019161224365234
1640 	 3.9130473136901855
1641 	 3.7778878211975098
1642 	 3.8588452339172363
1643 	 3.8718202114105225
1644 	 3.865365743637085
1645 	 3.8370490074157715
1646 	 4.148629188537598
1647 	 3.9672274589538574
1648 	 3.8346199989318848
1649 	 3.9536375999450684
1650 	 3.888173818588257
1651 	 3.433450222015381
1652 	 3.892596960067749
1653 	 3.770500659942627
1654 	 3.8155362606048584
1655 	 3.6807096004486084
1656 	 3.9339330196380615
1657 	 3.8678460121154785
1658 	 4.141351699829102
1659 	 4.061240196228027
1660 	 3.68705153465271
1661 	 3.9578897953033447
1662 	 3.6693286895751953
1663 	 3.5437042713165283
1664 	 4.062248229980469
1665 	 3.9049363136291504
1666 	 3.9198014736175537
1667 	 4.138145923614502
1668 	 3.890974521636963
1669 	 3.955169677734375
1670 	 3.882840633392334
1671 	 4.085579872131348
1672 	 4.069969177246094
1673 	 3.9545047283172607
1674 	 3.962247848510742
1675 	 3.9227089881896973
1676 	 3.9360921382904053
1677 	 3.9339773654937744
1678 	 3.6955578327178955
1679 	 4.103916168212891
1680 	 3.8594212532043457
1681 	 4.133500576019287
1682 	 3.99172306060791
1683 	 3.5897207260131836
1684 	 3.5551259517669678
1685 	 3.8130104541778564
1686 	 3.8718934059143066
1687 	 4.101288318634033
1688 	 4.045632362365723
1689 	 3.963160991668701
1690 	 4.082979202270508
1691 	 4.227553844451904
1692 	 4.22660493850708
1693 	 4.056369304656982
1694 	 3.894897937774658
1695 	 4.047126293182373
1696 	 4.081086158752441
1697 	 4.115048408508301
1698 	 4.126101493835449
1699 	 4.313819885253906
1700 	 3.944751024246216
1701 	 3.860333204269409
1702 	 3.654972553253174
1703 	 4.056499004364014
1704 	 3.8553273677825928
1705 	 3.9677894115448
1706 	 3.551259994506836
1707 	 3.6863632202148438
1708 	 3.3038666248321533
1709 	 3.13576340675354
1710 	 3.379638910293579
1711 	 3.500882148742676
1712 	 3.8055083751678467
1713 	 3.2413883209228516
1714 	 3.287616729736328
1715 	 3.472532033920288
1716 	 3.732738971710205
1717 	 3.9946393966674805
1718 	 3.898869514465332
1719 	 4.208995342254639
1720 	 4.116611957550049
1721 	 4.178441047668457
1722 	 4.228633880615234
1723 	 4.0387444496154785
1724 	 3.96449875831604
1725 	 4.073714733123779
1726 	 4.093026161193848
1727 	 4.296930313110352
1728 	 4.0731987953186035
1729 	 3.8590967655181885
1730 	 4.218552589416504
1731 	 4.0933122634887695
1732 	 4.047152996063232
1733 	 3.6802597045898438
1734 	 3.691357374191284
1735 	 3.805170774459839
1736 	 3.8349318504333496
1737 	 3.789308786392212
1738 	 3.4852941036224365
1739 	 3.987314224243164
1740 	 3.8096678256988525
1741 	 4.105292320251465
1742 	 4.046758651733398
1743 	 3.955937385559082
1744 	 3.9236950874328613
1745 	 3.984762668609619
1746 	 4.020168304443359
1747 	 4.021857738494873
1748 	 3.8562171459198
1749 	 3.9186785221099854
