0 	 0.0
1 	 0.7110748291015625
2 	 0.8727990984916687
3 	 1.127362847328186
4 	 1.1567652225494385
5 	 1.3133610486984253
6 	 1.2037278413772583
7 	 1.533891201019287
8 	 1.478156328201294
9 	 1.7990561723709106
10 	 1.3923242092132568
11 	 1.0088855028152466
12 	 0.9572171568870544
13 	 1.6132357120513916
14 	 2.190891981124878
15 	 2.2250711917877197
16 	 1.6944503784179688
17 	 2.012781858444214
18 	 1.9782264232635498
19 	 1.5481030941009521
20 	 1.749406337738037
21 	 1.5875674486160278
22 	 2.1669366359710693
23 	 2.1015419960021973
24 	 1.5301333665847778
25 	 1.9533123970031738
26 	 1.180328607559204
27 	 1.086313009262085
28 	 1.0511635541915894
29 	 1.1240589618682861
30 	 1.252632975578308
31 	 1.6451029777526855
32 	 1.2844973802566528
33 	 1.5335417985916138
34 	 1.7571332454681396
35 	 1.0983197689056396
36 	 1.3209055662155151
37 	 1.585925817489624
38 	 1.9542967081069946
39 	 1.8432652950286865
40 	 1.6147915124893188
41 	 1.2925294637680054
42 	 1.607346534729004
43 	 1.8058006763458252
44 	 1.6815731525421143
45 	 1.4573893547058105
46 	 1.8526630401611328
47 	 1.511948585510254
48 	 1.1506561040878296
49 	 1.3616176843643188
50 	 1.8371456861495972
51 	 1.4727550745010376
52 	 1.7290804386138916
53 	 1.4180623292922974
54 	 1.3608776330947876
55 	 1.44831383228302
56 	 1.1053494215011597
57 	 1.1578176021575928
58 	 1.0234097242355347
59 	 1.4955700635910034
60 	 2.231109142303467
61 	 2.5138235092163086
62 	 1.5578850507736206
63 	 1.3816819190979004
64 	 1.7236042022705078
65 	 1.6867815256118774
66 	 1.9880788326263428
67 	 1.6866302490234375
68 	 1.3533250093460083
69 	 2.176048755645752
70 	 1.5858875513076782
71 	 1.9912151098251343
72 	 1.339473009109497
73 	 1.5436903238296509
74 	 1.9094918966293335
75 	 1.9246889352798462
76 	 1.1608529090881348
77 	 1.2964571714401245
78 	 1.5282474756240845
79 	 1.7724602222442627
80 	 1.3988630771636963
81 	 1.5945883989334106
82 	 1.3550481796264648
83 	 1.5872365236282349
84 	 1.945016622543335
85 	 1.7598512172698975
86 	 1.7050820589065552
87 	 1.3325165510177612
88 	 1.41652512550354
89 	 1.6073087453842163
90 	 1.9239389896392822
91 	 2.109995126724243
92 	 1.563460111618042
93 	 1.1124907732009888
94 	 1.4946998357772827
95 	 1.5308001041412354
96 	 1.5001775026321411
97 	 2.0143582820892334
98 	 1.7508528232574463
99 	 2.2744758129119873
100 	 2.2996413707733154
101 	 1.80255925655365
102 	 1.945690393447876
103 	 1.9215564727783203
104 	 2.2331583499908447
105 	 1.9229141473770142
106 	 1.9062983989715576
107 	 2.121634006500244
108 	 1.9748679399490356
109 	 2.0920612812042236
110 	 1.7213600873947144
111 	 1.897391438484192
112 	 2.001741647720337
113 	 1.838097333908081
114 	 1.6288244724273682
115 	 2.146239757537842
116 	 1.1811097860336304
117 	 1.4729864597320557
118 	 1.1496106386184692
119 	 1.691438913345337
120 	 1.5561569929122925
121 	 1.4872517585754395
122 	 1.4290697574615479
123 	 1.6174362897872925
124 	 1.211664080619812
125 	 1.3505260944366455
126 	 1.2537829875946045
127 	 1.9250974655151367
128 	 1.598312497138977
129 	 2.138082504272461
130 	 1.7820179462432861
131 	 1.927031397819519
132 	 1.785847544670105
133 	 1.5871204137802124
134 	 1.5285834074020386
135 	 1.3142880201339722
136 	 1.7553040981292725
137 	 1.9220362901687622
138 	 1.8270930051803589
139 	 1.5745470523834229
140 	 1.9135713577270508
141 	 1.8825581073760986
142 	 1.8812577724456787
143 	 1.7062281370162964
144 	 1.839845895767212
145 	 1.5864999294281006
146 	 2.4952330589294434
147 	 2.042928457260132
148 	 1.7058672904968262
149 	 2.190753698348999
150 	 2.376192092895508
151 	 2.3897831439971924
152 	 2.273183584213257
153 	 2.420804500579834
154 	 2.0926854610443115
155 	 2.1468985080718994
156 	 1.9586009979248047
157 	 2.092818021774292
158 	 1.8562313318252563
159 	 2.1345670223236084
160 	 1.9267841577529907
161 	 2.549813985824585
162 	 2.4436891078948975
163 	 2.9351680278778076
164 	 2.6986353397369385
165 	 2.092318296432495
166 	 2.3810055255889893
167 	 2.3767247200012207
168 	 1.894945502281189
169 	 2.0298404693603516
170 	 2.054405927658081
171 	 1.999044418334961
172 	 2.065204620361328
173 	 2.2093207836151123
174 	 2.0259170532226562
175 	 2.4377167224884033
176 	 2.3493781089782715
177 	 2.6472668647766113
178 	 2.723283529281616
179 	 2.317950963973999
180 	 2.1625521183013916
181 	 2.183958053588867
182 	 2.0299854278564453
183 	 2.046696901321411
184 	 2.1538357734680176
185 	 1.9502850770950317
186 	 1.8807129859924316
187 	 2.2076706886291504
188 	 1.9998193979263306
189 	 2.0081276893615723
190 	 2.476840019226074
191 	 2.2196197509765625
192 	 1.9678664207458496
193 	 2.422212839126587
194 	 2.21274733543396
195 	 2.447125196456909
196 	 3.0713679790496826
197 	 2.7779088020324707
198 	 2.6134231090545654
199 	 2.5156469345092773
200 	 2.6041507720947266
201 	 2.7880940437316895
202 	 2.648376941680908
203 	 2.822631597518921
204 	 2.586547613143921
205 	 3.2177164554595947
206 	 3.4849636554718018
207 	 3.2345168590545654
208 	 2.9216854572296143
209 	 3.117291212081909
210 	 3.01300311088562
211 	 2.600800037384033
212 	 2.3994786739349365
213 	 2.524684429168701
214 	 2.7206368446350098
215 	 2.817880868911743
216 	 2.606699228286743
217 	 2.8887550830841064
218 	 3.358701229095459
219 	 3.2552287578582764
220 	 2.9311110973358154
221 	 3.032954454421997
222 	 2.724762439727783
223 	 2.531355142593384
224 	 3.0203607082366943
225 	 3.20084547996521
226 	 3.137134075164795
227 	 3.2671709060668945
228 	 2.984801769256592
229 	 2.8494210243225098
230 	 2.5677902698516846
231 	 2.7942426204681396
232 	 2.9369468688964844
233 	 2.9877631664276123
234 	 3.025621175765991
235 	 2.5980751514434814
236 	 2.6591668128967285
237 	 2.7674720287323
238 	 2.6652235984802246
239 	 2.970557689666748
240 	 2.9843835830688477
241 	 2.904820203781128
242 	 2.6019070148468018
243 	 3.0901153087615967
244 	 2.5036580562591553
245 	 2.7303264141082764
246 	 2.2943294048309326
247 	 2.646334171295166
248 	 2.7775967121124268
249 	 2.5935916900634766
250 	 2.7988131046295166
251 	 3.2871618270874023
252 	 3.014702320098877
253 	 2.792569160461426
254 	 2.742249011993408
255 	 2.8206043243408203
256 	 2.9622154235839844
257 	 2.78549861907959
258 	 3.0563037395477295
259 	 2.6266822814941406
260 	 2.825132369995117
261 	 2.89184308052063
262 	 2.7004778385162354
263 	 2.8457717895507812
264 	 2.76170015335083
265 	 2.8172695636749268
266 	 2.52356219291687
267 	 2.957038640975952
268 	 2.7588870525360107
269 	 3.1084604263305664
270 	 3.0247387886047363
271 	 3.1682686805725098
272 	 3.16325044631958
273 	 2.724973201751709
274 	 2.94512939453125
275 	 1.7773762941360474
276 	 1.933872103691101
277 	 1.959846019744873
278 	 1.8906415700912476
279 	 2.1352996826171875
280 	 2.329030990600586
281 	 3.1384494304656982
282 	 2.956782579421997
283 	 3.1756293773651123
284 	 3.2051868438720703
285 	 3.0769848823547363
286 	 3.027761936187744
287 	 2.940504312515259
288 	 3.046172618865967
289 	 3.14935040473938
290 	 2.818899631500244
291 	 2.9428746700286865
292 	 3.231322765350342
293 	 3.33290958404541
294 	 3.0262768268585205
295 	 3.4031100273132324
296 	 2.580934524536133
297 	 1.795375108718872
298 	 1.8348461389541626
299 	 2.0114145278930664
300 	 1.7280317544937134
301 	 1.793155312538147
302 	 1.6364891529083252
303 	 1.8529366254806519
304 	 1.7702120542526245
305 	 1.8762203454971313
306 	 1.8772512674331665
307 	 1.7863086462020874
308 	 1.9476878643035889
309 	 2.155738353729248
310 	 1.8438785076141357
311 	 1.9984484910964966
312 	 1.7937601804733276
313 	 2.0285654067993164
314 	 1.9377973079681396
315 	 1.8829755783081055
316 	 1.8428252935409546
317 	 1.828513741493225
318 	 2.317319631576538
319 	 2.4210479259490967
320 	 1.7454419136047363
321 	 2.138765335083008
322 	 2.4248383045196533
323 	 2.010026454925537
324 	 2.0341098308563232
325 	 1.8287525177001953
326 	 2.7869396209716797
327 	 2.2716822624206543
328 	 2.2178707122802734
329 	 1.9057576656341553
330 	 2.1367478370666504
331 	 1.7859785556793213
332 	 2.0293612480163574
333 	 1.9772740602493286
334 	 2.3646154403686523
335 	 2.1265153884887695
336 	 1.9705911874771118
337 	 2.002922534942627
338 	 1.9642759561538696
339 	 1.7136635780334473
340 	 2.0416667461395264
341 	 1.9745632410049438
342 	 2.1257972717285156
343 	 1.9985929727554321
344 	 1.9134341478347778
345 	 2.266176462173462
346 	 1.901788353919983
347 	 1.889447569847107
348 	 1.8738446235656738
349 	 2.0808420181274414
350 	 1.9970604181289673
351 	 1.801637053489685
352 	 1.6384334564208984
353 	 2.071674108505249
354 	 2.0862090587615967
355 	 2.4492440223693848
356 	 2.2039954662323
357 	 2.5926413536071777
358 	 2.3026087284088135
359 	 1.88936448097229
360 	 1.9039984941482544
361 	 1.659233808517456
362 	 1.7164148092269897
363 	 1.8253889083862305
364 	 1.3553122282028198
365 	 1.6240614652633667
366 	 1.6896727085113525
367 	 1.593917727470398
368 	 1.5100117921829224
369 	 2.172466278076172
370 	 1.9960293769836426
371 	 2.0700154304504395
372 	 1.9311294555664062
373 	 2.199315309524536
374 	 2.3728904724121094
375 	 2.3911356925964355
376 	 2.3613810539245605
377 	 2.1387217044830322
378 	 2.2929723262786865
379 	 1.9537181854248047
380 	 1.8508192300796509
381 	 1.7661336660385132
382 	 1.9849568605422974
383 	 2.999577045440674
384 	 2.4256591796875
385 	 1.7230933904647827
386 	 1.9862778186798096
387 	 1.9573991298675537
388 	 1.9141050577163696
389 	 2.093268632888794
390 	 1.906725287437439
391 	 2.321899890899658
392 	 2.274766683578491
393 	 1.847274661064148
394 	 1.4073139429092407
395 	 1.9706209897994995
396 	 1.4680277109146118
397 	 1.5472646951675415
398 	 1.2701109647750854
399 	 1.5346611738204956
400 	 1.316299557685852
401 	 1.3416492938995361
402 	 1.2815648317337036
403 	 1.4061566591262817
404 	 1.0923269987106323
405 	 1.3269884586334229
406 	 1.230617642402649
407 	 1.233893632888794
408 	 1.4897091388702393
409 	 1.926849126815796
410 	 2.003112554550171
411 	 2.3353188037872314
412 	 1.8397622108459473
413 	 1.5138366222381592
414 	 1.476023554801941
415 	 1.2069226503372192
416 	 1.7203716039657593
417 	 1.417270541191101
418 	 1.6228195428848267
419 	 1.5893440246582031
420 	 1.8709756135940552
421 	 1.6847525835037231
422 	 1.4080772399902344
423 	 1.8809243440628052
424 	 1.6145172119140625
425 	 1.471305251121521
426 	 1.3943394422531128
427 	 1.34432852268219
428 	 1.3838847875595093
429 	 1.9849227666854858
430 	 1.7622945308685303
431 	 2.0429630279541016
432 	 1.6107984781265259
433 	 2.0944631099700928
434 	 1.293961763381958
435 	 1.5052268505096436
436 	 1.2104051113128662
437 	 1.3490145206451416
438 	 1.886087417602539
439 	 1.6405136585235596
440 	 1.5738050937652588
441 	 1.582835078239441
442 	 1.381201982498169
443 	 1.3381690979003906
444 	 1.4560277462005615
445 	 1.5936845541000366
446 	 1.079081654548645
447 	 1.3705761432647705
448 	 1.8594766855239868
449 	 1.4780110120773315
450 	 1.2002794742584229
451 	 1.4741183519363403
452 	 1.3574706315994263
453 	 1.6801624298095703
454 	 1.3686447143554688
455 	 1.6518925428390503
456 	 2.1898834705352783
457 	 2.2506704330444336
458 	 2.3203201293945312
459 	 1.4007431268692017
460 	 1.258305549621582
461 	 1.2266279458999634
462 	 1.3954137563705444
463 	 1.617191195487976
464 	 1.21611487865448
465 	 1.4681403636932373
466 	 1.7957242727279663
467 	 1.6610143184661865
468 	 1.6912983655929565
469 	 1.8377797603607178
470 	 1.1989423036575317
471 	 1.0423896312713623
472 	 1.744351863861084
473 	 1.6143056154251099
474 	 1.3732259273529053
475 	 1.3143547773361206
476 	 1.822800636291504
477 	 1.1691257953643799
478 	 1.9512550830841064
479 	 1.4851402044296265
480 	 1.2849457263946533
481 	 1.5070301294326782
482 	 1.5713475942611694
483 	 1.6022655963897705
484 	 1.1661553382873535
485 	 1.268442153930664
486 	 1.428888201713562
487 	 1.5334869623184204
488 	 1.319042444229126
489 	 1.1491522789001465
490 	 1.424477219581604
491 	 1.2360715866088867
492 	 0.9692677855491638
493 	 1.4613933563232422
494 	 1.1904666423797607
495 	 1.4166837930679321
496 	 1.5591318607330322
497 	 1.4930832386016846
498 	 1.0202760696411133
499 	 1.3086856603622437
500 	 1.3666664361953735
501 	 1.4886343479156494
502 	 2.1056976318359375
503 	 1.3895065784454346
504 	 1.5539547204971313
505 	 1.7198798656463623
506 	 1.5107940435409546
507 	 1.5171533823013306
508 	 1.8534889221191406
509 	 1.7992758750915527
510 	 1.8479171991348267
511 	 1.470391869544983
512 	 1.7869532108306885
513 	 1.6658209562301636
514 	 1.5443589687347412
515 	 1.6317483186721802
516 	 1.9567643404006958
517 	 1.7169547080993652
518 	 1.7229232788085938
519 	 1.8605599403381348
520 	 1.23060941696167
521 	 1.3789188861846924
522 	 2.012451648712158
523 	 1.4844098091125488
524 	 1.6495572328567505
525 	 1.1081056594848633
526 	 1.1263055801391602
527 	 1.383135437965393
528 	 1.3723231554031372
529 	 1.1512154340744019
530 	 1.0467616319656372
531 	 1.1744991540908813
532 	 1.0480798482894897
533 	 1.4003969430923462
534 	 1.833395004272461
535 	 1.4584839344024658
536 	 1.1752560138702393
537 	 1.3627651929855347
538 	 2.0513875484466553
539 	 2.125971555709839
540 	 2.1500308513641357
541 	 1.9861156940460205
542 	 1.5176005363464355
543 	 1.3782174587249756
544 	 1.4039440155029297
545 	 1.7494198083877563
546 	 1.7357187271118164
547 	 1.5514487028121948
548 	 1.3271985054016113
549 	 1.7097315788269043
550 	 1.2882139682769775
551 	 2.094986915588379
552 	 2.3151679039001465
553 	 2.1094672679901123
554 	 2.224112033843994
555 	 1.739342451095581
556 	 2.001206159591675
557 	 1.4145575761795044
558 	 1.3702572584152222
559 	 1.3735800981521606
560 	 1.6459864377975464
561 	 1.7066539525985718
562 	 1.4195494651794434
563 	 1.4054523706436157
564 	 1.55825674533844
565 	 1.0623730421066284
566 	 1.3159111738204956
567 	 1.5151362419128418
568 	 2.0646893978118896
569 	 2.022899866104126
570 	 1.7119513750076294
571 	 2.043200969696045
572 	 2.1747488975524902
573 	 1.994997501373291
574 	 1.644474744796753
575 	 1.6720147132873535
576 	 1.7000004053115845
577 	 1.8619792461395264
578 	 1.424418330192566
579 	 1.2852897644042969
580 	 1.2200466394424438
581 	 1.4912675619125366
582 	 1.949981689453125
583 	 2.002047061920166
584 	 2.0124106407165527
585 	 1.9508816003799438
586 	 2.276186466217041
587 	 1.8677232265472412
588 	 1.8893674612045288
589 	 2.052701473236084
590 	 2.1776673793792725
591 	 1.9695926904678345
592 	 1.9966979026794434
593 	 2.20279598236084
594 	 2.0843780040740967
595 	 2.1038098335266113
596 	 2.1240811347961426
597 	 2.178975820541382
598 	 2.141183376312256
599 	 2.130568742752075
600 	 2.566636562347412
601 	 1.9253047704696655
602 	 1.30655038356781
603 	 1.6904470920562744
604 	 1.528679609298706
605 	 1.7146843671798706
606 	 1.297814130783081
607 	 1.6711742877960205
608 	 1.5850393772125244
609 	 1.4661169052124023
610 	 2.474337577819824
611 	 1.6586318016052246
612 	 1.6981223821640015
613 	 1.703964114189148
614 	 1.7963958978652954
615 	 1.9762030839920044
616 	 1.8223048448562622
617 	 1.6699451208114624
618 	 1.8548740148544312
619 	 1.6832929849624634
620 	 1.667384147644043
621 	 2.1214075088500977
622 	 2.1600747108459473
623 	 1.956752061843872
624 	 1.8554304838180542
625 	 2.016601085662842
626 	 2.024623155593872
627 	 1.7453666925430298
628 	 2.2606332302093506
629 	 2.190384864807129
630 	 1.8701883554458618
631 	 2.097797393798828
632 	 2.1830291748046875
633 	 2.053086519241333
634 	 2.1474642753601074
635 	 2.126331329345703
636 	 2.1869356632232666
637 	 2.241126298904419
638 	 2.4015369415283203
639 	 2.2147510051727295
640 	 2.0544772148132324
641 	 1.4138134717941284
642 	 1.4026942253112793
643 	 1.4562538862228394
644 	 2.049044370651245
645 	 1.8500494956970215
646 	 2.1147220134735107
647 	 1.7055423259735107
648 	 1.6769601106643677
649 	 1.449626088142395
650 	 1.1120131015777588
651 	 1.562860131263733
652 	 1.376306176185608
653 	 1.1073812246322632
654 	 2.149242877960205
655 	 1.9932010173797607
656 	 1.8832030296325684
657 	 2.048384189605713
658 	 1.4806067943572998
659 	 1.6196211576461792
660 	 1.3941330909729004
661 	 1.8205270767211914
662 	 2.0910067558288574
663 	 1.5747506618499756
664 	 2.094855785369873
665 	 1.6422957181930542
666 	 2.019442558288574
667 	 1.8736399412155151
668 	 1.4914393424987793
669 	 1.2324140071868896
670 	 1.2799535989761353
671 	 1.96437668800354
672 	 1.6824578046798706
673 	 2.068286657333374
674 	 1.7112029790878296
675 	 1.5629551410675049
676 	 1.1860703229904175
677 	 1.0388805866241455
678 	 1.169009804725647
679 	 1.5436851978302002
680 	 1.8072501420974731
681 	 1.8028112649917603
682 	 2.0413155555725098
683 	 2.0667295455932617
684 	 2.154644012451172
685 	 1.9902712106704712
686 	 2.0584075450897217
687 	 1.9605823755264282
688 	 2.1067912578582764
689 	 1.9596363306045532
690 	 2.25917387008667
691 	 2.4207494258880615
692 	 2.0567140579223633
693 	 1.894494891166687
694 	 2.134417772293091
695 	 1.9208173751831055
696 	 2.025665521621704
697 	 2.022660255432129
698 	 2.341017484664917
699 	 2.2908194065093994
700 	 3.0134050846099854
701 	 2.2990424633026123
702 	 1.992558479309082
703 	 2.694185495376587
704 	 1.9558874368667603
705 	 2.133521795272827
706 	 2.23376202583313
707 	 1.887255311012268
708 	 1.9139680862426758
709 	 1.905187726020813
710 	 2.0633957386016846
711 	 1.950363039970398
712 	 2.289785385131836
713 	 2.1642167568206787
714 	 2.499652147293091
715 	 2.144019365310669
716 	 2.144587755203247
717 	 2.480576992034912
718 	 2.5822465419769287
719 	 1.9286770820617676
720 	 1.8625653982162476
721 	 2.1360397338867188
722 	 1.8991974592208862
723 	 2.084900140762329
724 	 2.4227712154388428
725 	 2.2725284099578857
726 	 2.103142023086548
727 	 2.208512544631958
728 	 1.7646470069885254
729 	 1.8583295345306396
730 	 1.9957945346832275
731 	 2.3040401935577393
732 	 1.9615023136138916
733 	 1.9114539623260498
734 	 1.8942549228668213
735 	 2.036478042602539
736 	 2.2404913902282715
737 	 2.2265350818634033
738 	 2.119568109512329
739 	 2.0338473320007324
740 	 2.090667963027954
741 	 1.9516397714614868
742 	 1.1956753730773926
743 	 1.5003454685211182
744 	 1.487714171409607
745 	 1.3007253408432007
746 	 1.5015716552734375
747 	 1.3100073337554932
748 	 1.489280104637146
749 	 1.6140172481536865
750 	 1.4211231470108032
751 	 1.5704885721206665
752 	 1.6590030193328857
753 	 1.7026501893997192
754 	 1.9647594690322876
755 	 2.0399274826049805
756 	 2.0316598415374756
757 	 1.7935147285461426
758 	 1.8298039436340332
759 	 2.3715569972991943
760 	 2.1481528282165527
761 	 2.3006179332733154
762 	 2.4199931621551514
763 	 2.3122448921203613
764 	 2.402425765991211
765 	 2.3476192951202393
766 	 2.413790702819824
767 	 2.8066599369049072
768 	 2.1641199588775635
769 	 1.0726361274719238
770 	 2.4023659229278564
771 	 2.608147144317627
772 	 2.55017352104187
773 	 2.0215792655944824
774 	 2.0798490047454834
775 	 1.705772042274475
776 	 2.039818525314331
777 	 1.716499924659729
778 	 1.8721153736114502
779 	 2.3401834964752197
780 	 2.304389238357544
781 	 2.111802339553833
782 	 2.0757997035980225
783 	 2.158249855041504
784 	 1.6310895681381226
785 	 2.604179620742798
786 	 2.8503172397613525
787 	 2.2898452281951904
788 	 2.29506254196167
789 	 2.7875683307647705
790 	 3.0454299449920654
791 	 2.5254416465759277
792 	 2.053666114807129
793 	 2.266087055206299
794 	 2.3285272121429443
795 	 2.1036536693573
796 	 1.9738376140594482
797 	 1.789170742034912
798 	 1.2564661502838135
799 	 1.151904821395874
800 	 1.012739658355713
801 	 1.6878529787063599
802 	 1.6508150100708008
803 	 1.5696203708648682
804 	 2.0990421772003174
805 	 1.8471518754959106
806 	 1.9413862228393555
807 	 2.0063745975494385
808 	 1.8995693922042847
809 	 1.3281186819076538
810 	 1.3453260660171509
811 	 2.0049901008605957
812 	 1.5707224607467651
813 	 1.2177103757858276
814 	 1.4957857131958008
815 	 1.2454509735107422
816 	 1.28244149684906
817 	 1.151094675064087
818 	 1.1023080348968506
819 	 1.1877360343933105
820 	 1.7099608182907104
821 	 1.8913382291793823
822 	 1.3546031713485718
823 	 1.3680309057235718
824 	 1.366075873374939
825 	 1.3803603649139404
826 	 1.9206174612045288
827 	 1.7616370916366577
828 	 1.7734551429748535
829 	 1.8692359924316406
830 	 2.0152246952056885
831 	 1.5914841890335083
832 	 1.7404637336730957
833 	 1.5607479810714722
834 	 1.8932087421417236
835 	 1.6667994260787964
836 	 1.8244044780731201
837 	 1.556042194366455
838 	 1.41083562374115
839 	 1.7533705234527588
840 	 1.828683614730835
841 	 2.2863903045654297
842 	 2.0889880657196045
843 	 1.679727554321289
844 	 1.6999200582504272
845 	 1.4623578786849976
846 	 1.3163598775863647
847 	 1.587037444114685
848 	 1.5291712284088135
849 	 1.8359073400497437
850 	 1.6215683221817017
851 	 1.0798861980438232
852 	 1.04030179977417
853 	 1.587675929069519
854 	 1.79508638381958
855 	 1.0509859323501587
856 	 1.0256890058517456
857 	 1.6509166955947876
858 	 1.1877505779266357
859 	 1.7012856006622314
860 	 1.5503818988800049
861 	 1.9094599485397339
862 	 1.350433349609375
863 	 1.6824995279312134
864 	 1.9356991052627563
865 	 2.0562491416931152
866 	 1.723228931427002
867 	 1.607027530670166
868 	 1.9038621187210083
869 	 1.7323981523513794
870 	 2.2500524520874023
871 	 1.78956139087677
872 	 1.552060842514038
873 	 1.8516769409179688
874 	 2.038517951965332
875 	 1.790626049041748
876 	 2.370941638946533
877 	 2.6070804595947266
878 	 2.225647449493408
879 	 2.4574778079986572
880 	 2.3495211601257324
881 	 1.8849574327468872
882 	 1.9350732564926147
883 	 1.7690545320510864
884 	 1.3731915950775146
885 	 1.731329321861267
886 	 1.501859426498413
887 	 1.3963687419891357
888 	 1.578108787536621
889 	 1.885096788406372
890 	 2.0395991802215576
891 	 1.732968807220459
892 	 1.5190032720565796
893 	 1.6783181428909302
894 	 1.4841418266296387
895 	 1.8616081476211548
896 	 1.8690499067306519
897 	 2.1341450214385986
898 	 2.0385537147521973
899 	 1.7462407350540161
900 	 1.949272871017456
901 	 1.5701994895935059
902 	 1.8182828426361084
903 	 2.7782490253448486
904 	 1.685691475868225
905 	 1.8274216651916504
906 	 1.697792887687683
907 	 1.6914067268371582
908 	 1.5297538042068481
909 	 1.3381625413894653
910 	 1.421715497970581
911 	 1.4831804037094116
912 	 1.300196647644043
913 	 1.787656307220459
914 	 1.9194108247756958
915 	 1.4269936084747314
916 	 1.447700023651123
917 	 1.719927430152893
918 	 1.4058796167373657
919 	 1.6995770931243896
920 	 1.291516661643982
921 	 1.6225380897521973
922 	 1.4690766334533691
923 	 1.3323290348052979
924 	 1.6607332229614258
925 	 1.3160148859024048
926 	 2.090078115463257
927 	 1.486208438873291
928 	 1.6425424814224243
929 	 1.1555794477462769
930 	 1.5154941082000732
931 	 1.57832670211792
932 	 1.5602868795394897
933 	 1.9200602769851685
934 	 2.6383867263793945
935 	 2.3190255165100098
936 	 2.4105923175811768
937 	 2.4713568687438965
938 	 2.4389801025390625
939 	 2.308292865753174
940 	 3.011704444885254
941 	 2.779341220855713
942 	 2.5987870693206787
943 	 2.779914617538452
944 	 2.648061513900757
945 	 2.4434547424316406
946 	 2.5892369747161865
947 	 2.5297229290008545
948 	 2.491074323654175
949 	 2.46425199508667
950 	 2.25773024559021
951 	 2.520906686782837
952 	 2.6172168254852295
953 	 2.754148483276367
954 	 2.7104694843292236
955 	 2.488834857940674
956 	 2.4164435863494873
957 	 2.403099298477173
958 	 2.628063678741455
959 	 2.5859475135803223
960 	 2.4192113876342773
961 	 2.6817679405212402
962 	 2.3381640911102295
963 	 2.5778844356536865
964 	 2.5228664875030518
965 	 2.383866310119629
966 	 2.59421706199646
967 	 2.3521504402160645
968 	 2.6240127086639404
969 	 2.5421018600463867
970 	 2.4972193241119385
971 	 2.3818743228912354
972 	 2.4871983528137207
973 	 2.8212521076202393
974 	 2.8539955615997314
975 	 2.2876007556915283
976 	 2.190392017364502
977 	 2.435986042022705
978 	 2.502807140350342
979 	 2.3750452995300293
980 	 1.9910547733306885
981 	 2.4516842365264893
982 	 2.4284567832946777
983 	 2.630291700363159
984 	 2.461472511291504
985 	 2.4390032291412354
986 	 2.158416748046875
987 	 2.1310503482818604
988 	 1.632571816444397
989 	 2.1815309524536133
990 	 2.2455365657806396
991 	 1.9249122142791748
992 	 2.0299477577209473
993 	 1.962335228919983
994 	 2.2223474979400635
995 	 1.8839304447174072
996 	 1.611928939819336
997 	 1.7430227994918823
998 	 2.2971062660217285
999 	 2.8706307411193848
1000 	 2.7487878799438477
1001 	 2.0522239208221436
1002 	 1.9056518077850342
1003 	 1.8735926151275635
1004 	 1.8277655839920044
1005 	 1.6531407833099365
1006 	 2.3410844802856445
1007 	 2.043485641479492
1008 	 1.5775861740112305
1009 	 1.935599446296692
1010 	 2.5789618492126465
1011 	 2.5483760833740234
1012 	 1.3312337398529053
1013 	 1.2706735134124756
1014 	 1.5626649856567383
1015 	 1.2019697427749634
1016 	 1.458551049232483
1017 	 1.545598030090332
1018 	 1.7798551321029663
1019 	 1.4899990558624268
1020 	 1.518328309059143
1021 	 1.3245238065719604
1022 	 1.1780965328216553
1023 	 1.8309497833251953
1024 	 1.3305323123931885
1025 	 2.0295982360839844
1026 	 1.457055926322937
1027 	 1.4925974607467651
1028 	 1.25388765335083
1029 	 1.1871143579483032
1030 	 1.2876746654510498
1031 	 1.3095346689224243
1032 	 1.47125244140625
1033 	 1.7058120965957642
1034 	 2.082484006881714
1035 	 1.565136194229126
1036 	 1.490156650543213
1037 	 1.8206509351730347
1038 	 1.8661599159240723
1039 	 1.617522120475769
1040 	 1.9546830654144287
1041 	 1.2845089435577393
1042 	 1.3220250606536865
1043 	 1.3746720552444458
1044 	 1.3067824840545654
1045 	 1.5371757745742798
1046 	 1.3942170143127441
1047 	 1.538251519203186
1048 	 1.559215784072876
1049 	 1.1541167497634888
1050 	 1.4481946229934692
1051 	 1.6036800146102905
1052 	 1.5744606256484985
1053 	 1.4232831001281738
1054 	 1.590775966644287
1055 	 1.2606987953186035
1056 	 1.5448294878005981
1057 	 1.4026821851730347
1058 	 1.7011041641235352
1059 	 1.9732918739318848
1060 	 2.308840036392212
1061 	 2.3917698860168457
1062 	 1.9113357067108154
1063 	 2.6159114837646484
1064 	 2.6584088802337646
1065 	 3.1195263862609863
1066 	 2.565284252166748
1067 	 2.4693307876586914
1068 	 2.794254779815674
1069 	 2.7033393383026123
1070 	 2.232935667037964
1071 	 2.05354380607605
1072 	 2.1623756885528564
1073 	 2.120953321456909
1074 	 2.1958670616149902
1075 	 1.7921727895736694
1076 	 1.9451714754104614
1077 	 1.4787356853485107
1078 	 1.8220680952072144
1079 	 2.4046661853790283
1080 	 2.188248634338379
1081 	 1.9880523681640625
1082 	 1.8721200227737427
1083 	 1.7200677394866943
1084 	 1.9275535345077515
1085 	 2.0052385330200195
1086 	 1.999786376953125
1087 	 2.024759531021118
1088 	 1.9383156299591064
1089 	 1.6298694610595703
1090 	 2.1314210891723633
1091 	 2.409497022628784
1092 	 1.9667577743530273
1093 	 2.0801188945770264
1094 	 1.9243438243865967
1095 	 1.838592290878296
1096 	 1.8682928085327148
1097 	 1.9590240716934204
1098 	 1.9175055027008057
1099 	 1.921603798866272
1100 	 2.2459983825683594
1101 	 2.0681345462799072
1102 	 2.243260622024536
1103 	 2.2236487865448
1104 	 2.031001091003418
1105 	 2.044965982437134
1106 	 1.7263857126235962
1107 	 1.5377029180526733
1108 	 1.2954456806182861
1109 	 0.9683845043182373
1110 	 1.5267999172210693
1111 	 1.1805363893508911
1112 	 1.2602533102035522
1113 	 1.5969605445861816
1114 	 1.2432150840759277
1115 	 1.41148841381073
1116 	 1.2119536399841309
1117 	 1.61347496509552
1118 	 2.3454670906066895
1119 	 2.384392499923706
1120 	 2.2614383697509766
1121 	 2.251077890396118
1122 	 1.9324207305908203
1123 	 2.124922037124634
1124 	 1.749922513961792
1125 	 1.3895716667175293
1126 	 1.3252253532409668
1127 	 1.5443037748336792
1128 	 1.1204335689544678
1129 	 1.6377102136611938
1130 	 1.0331196784973145
1131 	 1.6771467924118042
1132 	 1.7671433687210083
1133 	 1.7855685949325562
1134 	 1.6719584465026855
1135 	 1.2060428857803345
1136 	 1.1786836385726929
1137 	 1.2741278409957886
1138 	 1.474475383758545
1139 	 1.5733190774917603
1140 	 1.4094018936157227
1141 	 1.4288305044174194
1142 	 1.306416392326355
1143 	 1.0111181735992432
1144 	 1.4000364542007446
1145 	 1.687780737876892
1146 	 2.01196026802063
1147 	 2.036745071411133
1148 	 1.5692261457443237
1149 	 1.715964913368225
1150 	 1.9345277547836304
1151 	 2.14705753326416
1152 	 1.7631731033325195
1153 	 2.0999815464019775
1154 	 1.681306004524231
1155 	 2.0271928310394287
1156 	 1.7094292640686035
1157 	 1.8568605184555054
1158 	 1.9633604288101196
1159 	 2.0037407875061035
1160 	 1.9505445957183838
1161 	 1.8686017990112305
1162 	 2.0760045051574707
1163 	 2.1176323890686035
1164 	 1.9200897216796875
1165 	 1.8691000938415527
1166 	 1.5638387203216553
1167 	 1.857582688331604
1168 	 2.0048582553863525
1169 	 1.4407504796981812
1170 	 1.7084062099456787
1171 	 1.9960259199142456
1172 	 1.4738457202911377
1173 	 1.5264122486114502
1174 	 1.3607046604156494
1175 	 1.3754549026489258
1176 	 1.348122239112854
1177 	 1.668794870376587
1178 	 1.66438627243042
1179 	 1.6006070375442505
1180 	 1.2082812786102295
1181 	 1.5100972652435303
1182 	 1.273193359375
1183 	 1.8110429048538208
1184 	 1.7461756467819214
1185 	 1.9143484830856323
1186 	 1.6932265758514404
1187 	 2.0027225017547607
1188 	 1.4869967699050903
1189 	 1.4047447443008423
1190 	 1.2953778505325317
1191 	 1.3882495164871216
1192 	 1.9607049226760864
1193 	 1.2249864339828491
1194 	 1.0020028352737427
1195 	 1.8064754009246826
1196 	 1.747640609741211
1197 	 2.1111388206481934
1198 	 2.050509214401245
1199 	 2.1874680519104004
1200 	 1.2260231971740723
1201 	 1.3870834112167358
1202 	 1.4360435009002686
1203 	 2.0330758094787598
1204 	 1.685849666595459
1205 	 1.56363844871521
1206 	 1.6935057640075684
1207 	 1.5314459800720215
1208 	 1.7369980812072754
1209 	 2.3834474086761475
1210 	 2.4919724464416504
1211 	 2.545647621154785
1212 	 0.7766042351722717
1213 	 2.850994110107422
1214 	 2.3062245845794678
1215 	 2.4833481311798096
1216 	 2.9401626586914062
1217 	 2.957817792892456
1218 	 2.7045958042144775
1219 	 2.628229856491089
1220 	 2.638164758682251
1221 	 2.5947959423065186
1222 	 2.546025514602661
1223 	 2.3263447284698486
1224 	 2.453709363937378
1225 	 2.4470794200897217
1226 	 2.449754476547241
1227 	 2.638631582260132
1228 	 2.5458691120147705
1229 	 2.4669768810272217
1230 	 2.4207170009613037
1231 	 2.5985898971557617
1232 	 2.8280680179595947
1233 	 3.0003468990325928
1234 	 3.009366750717163
1235 	 3.0974643230438232
1236 	 2.868380069732666
1237 	 2.603240728378296
1238 	 3.021807909011841
1239 	 2.829800605773926
1240 	 2.520420789718628
1241 	 2.5909042358398438
1242 	 2.550128936767578
1243 	 2.5490496158599854
1244 	 2.5847136974334717
1245 	 2.3266894817352295
1246 	 2.696362018585205
1247 	 2.7330949306488037
1248 	 2.7718400955200195
1249 	 2.3630211353302
