0 	 0.0
1 	 0.8590410947799683
2 	 1.0617737770080566
3 	 1.2122722864151
4 	 1.2396819591522217
5 	 1.5105664730072021
6 	 1.0597338676452637
7 	 1.2107082605361938
8 	 1.5080732107162476
9 	 1.2937084436416626
10 	 1.1620888710021973
11 	 1.1475939750671387
12 	 1.0719765424728394
13 	 1.4660626649856567
14 	 1.5606257915496826
15 	 1.513932228088379
16 	 1.811462163925171
17 	 1.7822514772415161
18 	 1.1288378238677979
19 	 1.3968459367752075
20 	 1.3521628379821777
21 	 1.369591474533081
22 	 1.5285701751708984
23 	 1.4346977472305298
24 	 1.252922773361206
25 	 1.4906272888183594
26 	 1.6626492738723755
27 	 1.4634909629821777
28 	 1.3678961992263794
29 	 1.2569500207901
30 	 1.5408220291137695
31 	 1.219652771949768
32 	 1.8121659755706787
33 	 1.6798315048217773
34 	 1.2656583786010742
35 	 0.9651455283164978
36 	 0.9557775259017944
37 	 1.115172028541565
38 	 1.0301679372787476
39 	 1.0516341924667358
40 	 1.2462105751037598
41 	 1.4007362127304077
42 	 1.4179061651229858
43 	 1.6898977756500244
44 	 1.8532154560089111
45 	 1.679848074913025
46 	 1.6274641752243042
47 	 1.7798516750335693
48 	 1.86320161819458
49 	 2.031186580657959
50 	 1.833818793296814
51 	 1.6869783401489258
52 	 1.7738019227981567
53 	 1.9071933031082153
54 	 1.9578741788864136
55 	 1.714536428451538
56 	 1.8234854936599731
57 	 1.972150444984436
58 	 1.5566833019256592
59 	 1.5686039924621582
60 	 1.435053825378418
61 	 1.41352117061615
62 	 1.2726436853408813
63 	 1.799391508102417
64 	 1.895544409751892
65 	 1.8255656957626343
66 	 1.4724684953689575
67 	 1.5326731204986572
68 	 1.4039860963821411
69 	 1.688568115234375
70 	 1.7091364860534668
71 	 1.0798286199569702
72 	 1.189038872718811
73 	 0.8074473738670349
74 	 0.919270396232605
75 	 1.2854118347167969
76 	 1.0314432382583618
77 	 1.5294138193130493
78 	 1.5712302923202515
79 	 1.7764519453048706
80 	 1.423120141029358
81 	 1.3246592283248901
82 	 1.289219617843628
83 	 1.2738656997680664
84 	 1.1304295063018799
85 	 1.1277177333831787
86 	 0.9493740200996399
87 	 1.7251347303390503
88 	 1.5922203063964844
89 	 1.635512113571167
90 	 1.4812068939208984
91 	 1.5867774486541748
92 	 1.3601155281066895
93 	 1.4478425979614258
94 	 1.4115937948226929
95 	 1.2692604064941406
96 	 1.3783634901046753
97 	 1.9373478889465332
98 	 1.7619678974151611
99 	 1.7660130262374878
100 	 1.5731719732284546
101 	 1.6400227546691895
102 	 1.8185282945632935
103 	 1.3347500562667847
104 	 1.5391420125961304
105 	 1.3282520771026611
106 	 1.7636057138442993
107 	 1.3521544933319092
108 	 1.247075080871582
109 	 1.569947600364685
110 	 1.4467545747756958
111 	 1.1257133483886719
112 	 1.0104849338531494
113 	 1.19977867603302
114 	 1.09223210811615
115 	 1.351683259010315
116 	 1.1881030797958374
117 	 1.281538724899292
118 	 1.9694486856460571
119 	 1.6274365186691284
120 	 1.8110718727111816
121 	 1.4372873306274414
122 	 1.5191774368286133
123 	 1.7892227172851562
124 	 1.6718814373016357
125 	 1.363399624824524
126 	 1.7923262119293213
127 	 2.0496888160705566
128 	 1.851223349571228
129 	 1.7401665449142456
130 	 1.3211361169815063
131 	 1.5374345779418945
132 	 1.5137689113616943
133 	 1.6813135147094727
134 	 1.9324843883514404
135 	 1.6972209215164185
136 	 1.504185438156128
137 	 1.85880446434021
138 	 1.9135867357254028
139 	 1.7499287128448486
140 	 1.7293623685836792
141 	 1.8162963390350342
142 	 1.5712600946426392
143 	 1.4647380113601685
144 	 1.6183382272720337
145 	 1.343449592590332
146 	 1.2135576009750366
147 	 1.1586235761642456
148 	 1.1358366012573242
149 	 1.732373595237732
150 	 1.5169731378555298
151 	 1.6942898035049438
152 	 1.4896876811981201
153 	 1.5670890808105469
154 	 1.7720482349395752
155 	 1.5386730432510376
156 	 1.5985463857650757
157 	 1.8344194889068604
158 	 1.676592469215393
159 	 1.627912163734436
160 	 1.6753665208816528
161 	 2.20684552192688
162 	 1.549618124961853
163 	 1.7041144371032715
164 	 1.639708161354065
165 	 1.5911352634429932
166 	 1.667808175086975
167 	 1.9218512773513794
168 	 1.9605306386947632
169 	 1.9648499488830566
170 	 1.7813422679901123
171 	 1.8738949298858643
172 	 1.3948445320129395
173 	 1.3194875717163086
174 	 1.4955850839614868
175 	 1.573738694190979
176 	 1.5554579496383667
177 	 1.6545898914337158
178 	 1.9123708009719849
179 	 1.9008729457855225
180 	 2.0980634689331055
181 	 2.04526686668396
182 	 1.8091470003128052
183 	 2.411146640777588
184 	 1.9788466691970825
185 	 1.892505407333374
186 	 1.7661545276641846
187 	 2.201960802078247
188 	 2.280472993850708
189 	 2.314420461654663
190 	 2.118830680847168
191 	 2.614083766937256
192 	 2.312246322631836
193 	 2.572511911392212
194 	 2.4519436359405518
195 	 2.632770538330078
196 	 2.721909523010254
197 	 2.480388879776001
198 	 2.3559179306030273
199 	 2.60583758354187
200 	 2.5033462047576904
201 	 2.7545154094696045
202 	 2.6507530212402344
203 	 2.630403518676758
204 	 2.7769758701324463
205 	 2.560969829559326
206 	 2.3854284286499023
207 	 2.188546657562256
208 	 2.1467912197113037
209 	 2.2267141342163086
210 	 2.6203315258026123
211 	 2.7645974159240723
212 	 2.721468687057495
213 	 2.57450008392334
214 	 2.6919357776641846
215 	 2.611933469772339
216 	 2.041032075881958
217 	 2.2997231483459473
218 	 2.436447858810425
219 	 2.5835726261138916
220 	 2.743527889251709
221 	 2.97497296333313
222 	 2.95123028755188
223 	 3.2514195442199707
224 	 2.9756922721862793
225 	 2.6468629837036133
226 	 2.615487813949585
227 	 2.698845863342285
228 	 2.8823015689849854
229 	 2.972886085510254
230 	 2.9307875633239746
231 	 2.563915967941284
232 	 2.596237897872925
233 	 2.314701795578003
234 	 2.6966207027435303
235 	 2.5065577030181885
236 	 2.3705880641937256
237 	 2.323107957839966
238 	 2.5090785026550293
239 	 3.1021456718444824
240 	 2.992271900177002
241 	 2.902366876602173
242 	 2.7356879711151123
243 	 2.3531246185302734
244 	 2.596513032913208
245 	 2.4887454509735107
246 	 2.511737823486328
247 	 2.5622172355651855
248 	 2.5783066749572754
249 	 2.505746364593506
250 	 2.6684677600860596
251 	 2.642378091812134
252 	 2.7555949687957764
253 	 2.8472402095794678
254 	 2.634894371032715
255 	 2.687053918838501
256 	 2.641806125640869
257 	 2.3517868518829346
258 	 2.515350580215454
259 	 2.3521761894226074
260 	 2.342012643814087
261 	 2.4547054767608643
262 	 2.59397292137146
263 	 2.592928886413574
264 	 2.3786091804504395
265 	 2.8853530883789062
266 	 2.6673498153686523
267 	 3.0045583248138428
268 	 3.16465163230896
269 	 2.8732895851135254
270 	 2.4651739597320557
271 	 2.525926113128662
272 	 2.692538022994995
273 	 2.133540153503418
274 	 2.6321918964385986
275 	 2.6178810596466064
276 	 2.6269681453704834
277 	 2.7252752780914307
278 	 2.650299549102783
279 	 2.5853428840637207
280 	 2.7276034355163574
281 	 2.644541025161743
282 	 2.614525079727173
283 	 2.5517992973327637
284 	 2.4655494689941406
285 	 2.4373550415039062
286 	 2.6945230960845947
287 	 2.5547542572021484
288 	 2.653900384902954
289 	 2.5986602306365967
290 	 2.2690927982330322
291 	 2.1389694213867188
292 	 2.0539841651916504
293 	 2.4305148124694824
294 	 2.600614547729492
295 	 2.2508113384246826
296 	 2.636963367462158
297 	 2.280613660812378
298 	 2.416027307510376
299 	 2.3842663764953613
300 	 2.8872904777526855
301 	 2.8960416316986084
302 	 2.8211920261383057
303 	 3.06900954246521
304 	 2.9751877784729004
305 	 2.6116108894348145
306 	 2.6022913455963135
307 	 2.89192795753479
308 	 2.4464478492736816
309 	 2.1343820095062256
310 	 2.7617290019989014
311 	 2.4477732181549072
312 	 2.8028087615966797
313 	 2.4769487380981445
314 	 2.694382667541504
315 	 2.443305730819702
316 	 2.728466033935547
317 	 2.5749025344848633
318 	 2.6100823879241943
319 	 2.584089994430542
320 	 2.5149857997894287
321 	 2.6690824031829834
322 	 2.7800803184509277
323 	 2.616853952407837
324 	 3.087963819503784
325 	 2.6960461139678955
326 	 2.969517230987549
327 	 2.862269401550293
328 	 2.7752227783203125
329 	 2.439586639404297
330 	 2.584820032119751
331 	 2.5833091735839844
332 	 2.905844211578369
333 	 2.194859266281128
334 	 2.3633196353912354
335 	 2.855302095413208
336 	 2.2992420196533203
337 	 2.582698106765747
338 	 2.8410110473632812
339 	 2.8959295749664307
340 	 2.811469793319702
341 	 2.665074110031128
342 	 2.711573362350464
343 	 2.421060085296631
344 	 2.5790607929229736
345 	 2.286597728729248
346 	 2.3378074169158936
347 	 2.241488456726074
348 	 2.291033983230591
349 	 1.9965744018554688
350 	 2.3228375911712646
351 	 2.356788158416748
352 	 2.555307149887085
353 	 2.4149768352508545
354 	 2.672842025756836
355 	 2.2673275470733643
356 	 2.070356607437134
357 	 2.0152385234832764
358 	 1.9444993734359741
359 	 2.0806667804718018
360 	 2.397069215774536
361 	 2.285768747329712
362 	 2.064807176589966
363 	 2.0685248374938965
364 	 1.8140647411346436
365 	 1.9077259302139282
366 	 1.9865351915359497
367 	 2.137822151184082
368 	 1.9227499961853027
369 	 2.4265496730804443
370 	 2.3400912284851074
371 	 2.4407007694244385
372 	 2.199366807937622
373 	 2.290156364440918
374 	 2.244951009750366
375 	 2.435690402984619
376 	 2.3678300380706787
377 	 2.5792622566223145
378 	 2.4814043045043945
379 	 2.312197685241699
380 	 2.3926806449890137
381 	 2.389725923538208
382 	 2.473494291305542
383 	 2.417353391647339
384 	 2.438612222671509
385 	 2.2627832889556885
386 	 2.1191506385803223
387 	 2.298931837081909
388 	 2.2988579273223877
389 	 2.4568350315093994
390 	 2.4508965015411377
391 	 2.4756879806518555
392 	 2.156437635421753
393 	 2.373154878616333
394 	 2.3083083629608154
395 	 2.4452996253967285
396 	 2.317298412322998
397 	 2.4165282249450684
398 	 2.3887546062469482
399 	 2.257901430130005
400 	 2.3767035007476807
401 	 2.2941038608551025
402 	 2.5102224349975586
403 	 2.325195074081421
404 	 2.1912102699279785
405 	 2.5271568298339844
406 	 2.4903762340545654
407 	 2.4380104541778564
408 	 2.3618979454040527
409 	 2.4784021377563477
410 	 2.216493844985962
411 	 2.0529417991638184
412 	 2.4193036556243896
413 	 2.3977746963500977
414 	 2.5266616344451904
415 	 2.366288661956787
416 	 2.39516544342041
417 	 2.4219489097595215
418 	 2.3529891967773438
419 	 2.411572217941284
420 	 2.123128652572632
421 	 2.147231101989746
422 	 2.360494613647461
423 	 2.290055274963379
424 	 2.457000255584717
425 	 2.5462090969085693
426 	 2.3816616535186768
427 	 2.4423670768737793
428 	 2.020503044128418
429 	 2.5394792556762695
430 	 2.0979413986206055
431 	 2.316225051879883
432 	 2.1008217334747314
433 	 2.153249979019165
434 	 2.220845937728882
435 	 2.2484512329101562
436 	 2.8262996673583984
437 	 2.9119338989257812
438 	 2.813944101333618
439 	 2.7811145782470703
440 	 2.719505786895752
441 	 2.885841131210327
442 	 2.683263063430786
443 	 2.8460171222686768
444 	 2.8693366050720215
445 	 2.8328163623809814
446 	 2.420337200164795
447 	 2.1751599311828613
448 	 2.228240489959717
449 	 2.285196542739868
450 	 2.338784694671631
451 	 2.3013126850128174
452 	 2.237201690673828
453 	 2.3819658756256104
454 	 2.35955810546875
455 	 2.3688814640045166
456 	 2.19952130317688
457 	 2.2217519283294678
458 	 2.4858851432800293
459 	 2.401522159576416
460 	 2.1861743927001953
461 	 2.586782693862915
462 	 2.2800581455230713
463 	 2.240400791168213
464 	 2.30717134475708
465 	 2.455594062805176
466 	 2.381190061569214
467 	 2.4267590045928955
468 	 2.2164182662963867
469 	 2.3063058853149414
470 	 2.623389482498169
471 	 2.468890428543091
472 	 2.4679927825927734
473 	 2.498506784439087
474 	 2.3877031803131104
475 	 2.5157291889190674
476 	 2.456678867340088
477 	 2.3945605754852295
478 	 2.157193660736084
479 	 2.4249539375305176
480 	 2.1890628337860107
481 	 2.5000030994415283
482 	 2.2208893299102783
483 	 3.0480542182922363
484 	 3.0209834575653076
485 	 3.0072567462921143
486 	 3.055415153503418
487 	 3.0398788452148438
488 	 2.9644508361816406
489 	 3.0092625617980957
490 	 2.934540271759033
491 	 2.88348650932312
492 	 3.0051920413970947
493 	 2.9010989665985107
494 	 2.8813531398773193
495 	 3.0544631481170654
496 	 3.04195499420166
497 	 2.841475248336792
498 	 2.9731616973876953
499 	 2.9509036540985107
500 	 2.9394936561584473
501 	 2.9102888107299805
502 	 3.030954599380493
503 	 3.0093085765838623
504 	 3.1932613849639893
505 	 3.088892936706543
506 	 3.002159833908081
507 	 2.926377773284912
508 	 3.088113307952881
509 	 3.179274559020996
510 	 3.1943111419677734
511 	 2.9143552780151367
512 	 3.0993809700012207
513 	 2.9759018421173096
514 	 3.111725330352783
515 	 3.1955630779266357
516 	 2.997032880783081
517 	 3.0054121017456055
518 	 3.1931393146514893
519 	 3.1583364009857178
520 	 2.959071397781372
521 	 2.9522106647491455
522 	 2.8976492881774902
523 	 2.916956663131714
524 	 2.8603150844573975
525 	 2.856868267059326
526 	 2.7544219493865967
527 	 2.8699140548706055
528 	 2.8639943599700928
529 	 2.9158198833465576
530 	 2.988784074783325
531 	 2.9130160808563232
532 	 2.9209976196289062
533 	 3.098299026489258
534 	 2.832714319229126
535 	 2.9426779747009277
536 	 2.84855055809021
537 	 2.933218002319336
538 	 2.8844757080078125
539 	 2.929605722427368
540 	 2.810337781906128
541 	 2.9520840644836426
542 	 2.895984649658203
543 	 3.0213873386383057
544 	 2.8628809452056885
545 	 2.8764431476593018
546 	 2.9759862422943115
547 	 2.944826364517212
548 	 2.9714105129241943
549 	 2.9050981998443604
550 	 2.8992719650268555
551 	 2.837568521499634
552 	 2.874084949493408
553 	 2.9487218856811523
554 	 2.9257166385650635
555 	 2.950927495956421
556 	 2.9613916873931885
557 	 2.980232000350952
558 	 3.070223331451416
559 	 3.008685827255249
560 	 2.871267557144165
561 	 2.9195213317871094
562 	 3.0082473754882812
563 	 3.0377745628356934
564 	 2.9484996795654297
565 	 2.9046757221221924
566 	 2.8587844371795654
567 	 2.880361557006836
568 	 2.7914247512817383
569 	 3.0019023418426514
570 	 2.8278796672821045
571 	 2.9714958667755127
572 	 2.9429235458374023
573 	 2.8804101943969727
574 	 2.913708448410034
575 	 2.973590135574341
576 	 2.8979246616363525
577 	 2.959702968597412
578 	 3.147681713104248
579 	 3.0153632164001465
580 	 2.840029239654541
581 	 2.972496509552002
582 	 2.7050058841705322
583 	 2.9230782985687256
584 	 2.919231653213501
585 	 2.952296495437622
586 	 2.9394736289978027
587 	 2.923175811767578
588 	 3.0607852935791016
589 	 3.1623570919036865
590 	 3.2019407749176025
591 	 3.065945863723755
592 	 3.2609457969665527
593 	 3.205922842025757
594 	 3.241236925125122
595 	 3.1122472286224365
596 	 3.078068971633911
597 	 3.1268513202667236
598 	 3.1072494983673096
599 	 3.1907999515533447
600 	 3.0291268825531006
601 	 3.1566925048828125
602 	 3.0628507137298584
603 	 2.965522289276123
604 	 3.05346941947937
605 	 3.160590648651123
606 	 3.2245705127716064
607 	 3.254474401473999
608 	 3.1801140308380127
609 	 2.9091594219207764
610 	 3.111541509628296
611 	 3.118086338043213
612 	 3.031092882156372
613 	 3.1258022785186768
614 	 3.116874933242798
615 	 3.0158884525299072
616 	 3.0171737670898438
617 	 3.231628894805908
618 	 3.257612705230713
619 	 3.0147414207458496
620 	 3.187668800354004
621 	 3.193831443786621
622 	 3.0828633308410645
623 	 3.081537961959839
624 	 3.223912000656128
625 	 3.1244797706604004
626 	 3.1978421211242676
627 	 3.1510226726531982
628 	 3.0788192749023438
629 	 3.1100213527679443
630 	 3.1751956939697266
631 	 3.2434868812561035
632 	 3.216794490814209
633 	 3.1758551597595215
634 	 3.145815849304199
635 	 3.112957715988159
636 	 2.9575934410095215
637 	 2.8798234462738037
638 	 2.9542763233184814
639 	 3.270504951477051
640 	 3.243570566177368
641 	 3.263559341430664
642 	 2.9994699954986572
643 	 2.915449857711792
644 	 2.870854139328003
645 	 2.999851942062378
646 	 2.9795496463775635
647 	 2.9660942554473877
648 	 3.129141330718994
649 	 3.1636722087860107
650 	 2.9768311977386475
651 	 2.9554219245910645
652 	 3.0518288612365723
653 	 3.140259265899658
654 	 3.1306450366973877
655 	 3.1504642963409424
656 	 3.0942702293395996
657 	 2.9924821853637695
658 	 3.054633140563965
659 	 3.043677568435669
660 	 3.1156697273254395
661 	 3.186678886413574
662 	 3.1728038787841797
663 	 3.0642831325531006
664 	 3.0388827323913574
665 	 3.135916233062744
666 	 3.329909324645996
667 	 3.3154397010803223
668 	 3.3180787563323975
669 	 3.1367814540863037
670 	 2.874768018722534
671 	 2.7340176105499268
672 	 2.7490358352661133
673 	 2.819213628768921
674 	 2.794502019882202
675 	 2.8428077697753906
676 	 2.9607865810394287
677 	 3.0923449993133545
678 	 3.0981032848358154
679 	 2.956195116043091
680 	 3.196895122528076
681 	 3.0575926303863525
682 	 2.947883367538452
683 	 2.9185755252838135
684 	 3.089533805847168
685 	 3.065352201461792
686 	 2.9944143295288086
687 	 3.1114442348480225
688 	 3.006965398788452
689 	 3.052852153778076
690 	 2.9796392917633057
691 	 2.6963346004486084
692 	 2.6562232971191406
693 	 2.838132619857788
694 	 2.6995606422424316
695 	 2.520921230316162
696 	 2.59407114982605
697 	 2.672931671142578
698 	 2.642503261566162
699 	 2.6457881927490234
700 	 2.6896793842315674
701 	 2.747215747833252
702 	 2.5263164043426514
703 	 2.561886787414551
704 	 2.7276179790496826
705 	 2.8192949295043945
706 	 2.706284761428833
707 	 2.7746219635009766
708 	 2.6291627883911133
709 	 2.5546000003814697
710 	 2.8621435165405273
711 	 2.7615737915039062
712 	 2.5809080600738525
713 	 2.687323808670044
714 	 2.697281837463379
715 	 2.6880264282226562
716 	 2.6404812335968018
717 	 2.765322208404541
718 	 2.7238571643829346
719 	 2.7591567039489746
720 	 2.7135462760925293
721 	 2.5380938053131104
722 	 2.615602493286133
723 	 2.7055516242980957
724 	 2.8478775024414062
725 	 2.776413917541504
726 	 2.7206406593322754
727 	 2.5835797786712646
728 	 2.863276243209839
729 	 2.672653913497925
730 	 2.727760076522827
731 	 2.737541675567627
732 	 2.7331647872924805
733 	 2.6851513385772705
734 	 2.5609800815582275
735 	 2.707294225692749
736 	 2.5849854946136475
737 	 2.528003454208374
738 	 2.823441982269287
739 	 2.5951786041259766
740 	 2.696094274520874
741 	 2.728351354598999
742 	 2.5975191593170166
743 	 2.7092690467834473
744 	 2.6382691860198975
745 	 2.7485015392303467
746 	 2.6204135417938232
747 	 2.806797981262207
748 	 2.5487582683563232
749 	 2.675666332244873
750 	 2.7170469760894775
751 	 2.8052978515625
752 	 2.6689939498901367
753 	 2.7586350440979004
754 	 2.7482380867004395
755 	 2.6614038944244385
756 	 2.8089892864227295
757 	 2.7379744052886963
758 	 2.693037509918213
759 	 2.6792547702789307
760 	 2.7132315635681152
761 	 2.5966789722442627
762 	 2.4745028018951416
763 	 2.5592429637908936
764 	 2.869422197341919
765 	 2.650765895843506
766 	 2.665931463241577
767 	 2.651130437850952
768 	 2.717174530029297
769 	 2.7719004154205322
770 	 2.527395009994507
771 	 2.7308905124664307
772 	 2.7325637340545654
773 	 2.9274628162384033
774 	 2.7130846977233887
775 	 2.7505595684051514
776 	 2.7610812187194824
777 	 2.6851725578308105
778 	 2.6691503524780273
779 	 2.7670257091522217
780 	 2.6628966331481934
781 	 2.703106641769409
782 	 2.5831282138824463
783 	 2.73543119430542
784 	 2.741762161254883
785 	 2.715019464492798
786 	 2.641404151916504
787 	 2.73331880569458
788 	 2.7016472816467285
789 	 2.7188127040863037
790 	 2.629331111907959
791 	 2.657430648803711
792 	 2.5248007774353027
793 	 2.7683963775634766
794 	 2.511035919189453
795 	 2.4877936840057373
796 	 2.897944450378418
797 	 2.7052810192108154
798 	 2.7518739700317383
799 	 2.4743988513946533
800 	 2.6097023487091064
801 	 2.618917465209961
802 	 2.731776237487793
803 	 2.426064968109131
804 	 2.548322916030884
805 	 2.737039566040039
806 	 2.531873941421509
807 	 2.7511215209960938
808 	 2.747576951980591
809 	 2.605560779571533
810 	 2.7673897743225098
811 	 2.853790283203125
812 	 2.5784499645233154
813 	 2.56563138961792
814 	 2.5359268188476562
815 	 2.770266532897949
816 	 2.6734137535095215
817 	 2.7127885818481445
818 	 2.7251107692718506
819 	 2.60367488861084
820 	 2.6724631786346436
821 	 2.53558349609375
822 	 2.7370760440826416
823 	 2.752187728881836
824 	 2.7686328887939453
825 	 2.57611346244812
826 	 2.496134042739868
827 	 2.777651786804199
828 	 2.4556422233581543
829 	 2.581918954849243
830 	 2.6534740924835205
831 	 2.506631851196289
832 	 2.638810157775879
833 	 2.846433162689209
834 	 2.704085350036621
835 	 2.68858003616333
836 	 2.691253423690796
837 	 2.830496311187744
838 	 2.6640708446502686
839 	 2.62721848487854
840 	 2.5987584590911865
841 	 2.600158929824829
842 	 2.5886666774749756
843 	 2.52787446975708
844 	 2.6392197608947754
845 	 2.771934747695923
846 	 2.5166549682617188
847 	 2.5582563877105713
848 	 2.7228150367736816
849 	 2.8558554649353027
850 	 2.396667003631592
851 	 2.5313456058502197
852 	 2.5183756351470947
853 	 2.6284430027008057
854 	 2.5700247287750244
855 	 2.6250102519989014
856 	 2.5938103199005127
857 	 2.705822229385376
858 	 2.6874544620513916
859 	 2.5768179893493652
860 	 2.6080684661865234
861 	 2.5893187522888184
862 	 2.554551601409912
863 	 2.4699742794036865
864 	 2.598987579345703
865 	 2.6984329223632812
866 	 2.5577287673950195
867 	 2.6928489208221436
868 	 2.658466339111328
869 	 2.6399741172790527
870 	 2.7754383087158203
871 	 2.515474319458008
872 	 2.7559359073638916
873 	 2.3997461795806885
874 	 2.6477701663970947
875 	 2.663783550262451
876 	 2.570639133453369
877 	 2.8372933864593506
878 	 2.7806806564331055
879 	 2.4551494121551514
880 	 2.682520866394043
881 	 2.6546850204467773
882 	 2.3875315189361572
883 	 2.5636229515075684
884 	 2.826719045639038
885 	 2.7737979888916016
886 	 2.763991117477417
887 	 2.500112295150757
888 	 2.7677502632141113
889 	 2.66861629486084
890 	 2.636946439743042
891 	 2.649724006652832
892 	 2.534684181213379
893 	 2.6618945598602295
894 	 2.608403205871582
895 	 2.6922547817230225
896 	 2.627182722091675
897 	 2.6278481483459473
898 	 2.7065484523773193
899 	 2.867846965789795
900 	 2.9400079250335693
901 	 2.727511167526245
902 	 2.4769959449768066
903 	 2.7207064628601074
904 	 2.816751480102539
905 	 2.717850923538208
906 	 2.5107529163360596
907 	 2.663109540939331
908 	 2.773855209350586
909 	 2.7354846000671387
910 	 2.85774564743042
911 	 2.8309273719787598
912 	 2.9182937145233154
913 	 2.6079537868499756
914 	 2.555743455886841
915 	 2.7262940406799316
916 	 2.5652198791503906
917 	 2.658949136734009
918 	 2.7601137161254883
919 	 2.675018310546875
920 	 2.506568670272827
921 	 2.7688956260681152
922 	 2.649324893951416
923 	 2.668182373046875
924 	 2.530461311340332
925 	 2.5405735969543457
926 	 2.6021459102630615
927 	 2.651854991912842
928 	 2.718059778213501
929 	 2.489643096923828
930 	 2.6930031776428223
931 	 2.563304901123047
932 	 2.6030924320220947
933 	 2.5347707271575928
934 	 2.7055773735046387
935 	 2.707944869995117
936 	 2.6870994567871094
937 	 2.625210762023926
938 	 2.72786545753479
939 	 2.673640727996826
940 	 2.711925506591797
941 	 2.7726988792419434
942 	 2.8323252201080322
943 	 2.7755515575408936
944 	 2.6961190700531006
945 	 2.6398918628692627
946 	 2.8610925674438477
947 	 2.564284563064575
948 	 2.4699032306671143
949 	 2.6499481201171875
950 	 2.7358644008636475
951 	 2.536708116531372
952 	 2.618405818939209
953 	 2.7149388790130615
954 	 2.7884602546691895
955 	 2.682664155960083
956 	 2.5651321411132812
957 	 2.7784674167633057
958 	 2.682833671569824
959 	 2.5106139183044434
960 	 2.646310567855835
961 	 2.627124309539795
962 	 2.6805315017700195
963 	 2.7214417457580566
964 	 2.6119391918182373
965 	 2.6819872856140137
966 	 2.6884450912475586
967 	 2.8524067401885986
968 	 2.643510103225708
969 	 2.765603542327881
970 	 2.6187822818756104
971 	 2.6742379665374756
972 	 2.680759906768799
973 	 2.5628342628479004
974 	 2.612551689147949
975 	 2.602144241333008
976 	 2.5634336471557617
977 	 2.5610861778259277
978 	 2.5625228881835938
979 	 2.580415725708008
980 	 2.58441424369812
981 	 2.7140207290649414
982 	 2.5802886486053467
983 	 2.7024729251861572
984 	 2.7100954055786133
985 	 2.6474854946136475
986 	 2.6735763549804688
987 	 2.4692652225494385
988 	 2.676715135574341
989 	 2.3715670108795166
990 	 2.657349109649658
991 	 2.5463743209838867
992 	 2.4714608192443848
993 	 2.6283137798309326
994 	 2.4872069358825684
995 	 2.6352763175964355
996 	 2.8319549560546875
997 	 2.6351661682128906
998 	 2.7510650157928467
999 	 2.630841016769409
1000 	 2.6290664672851562
1001 	 2.7380452156066895
1002 	 2.661759614944458
1003 	 2.6501896381378174
1004 	 2.810872793197632
1005 	 2.7858211994171143
1006 	 2.8107094764709473
1007 	 2.576301336288452
1008 	 2.6876258850097656
1009 	 2.4919722080230713
1010 	 2.6189932823181152
1011 	 2.7907402515411377
1012 	 2.763145685195923
1013 	 2.605898141860962
1014 	 2.818986415863037
1015 	 2.6889326572418213
1016 	 2.697253942489624
1017 	 2.8121085166931152
1018 	 2.5262372493743896
1019 	 2.668840169906616
1020 	 2.6905131340026855
1021 	 2.6894025802612305
1022 	 2.8492631912231445
1023 	 2.771589517593384
1024 	 2.7277116775512695
1025 	 2.6301450729370117
1026 	 2.619706869125366
1027 	 2.764946937561035
1028 	 2.641115427017212
1029 	 2.4179344177246094
1030 	 2.512082099914551
1031 	 2.7672133445739746
1032 	 2.647078275680542
1033 	 2.6473336219787598
1034 	 2.6320862770080566
1035 	 2.6813926696777344
1036 	 2.6335439682006836
1037 	 2.6629514694213867
1038 	 2.7250096797943115
1039 	 2.567009925842285
1040 	 2.997405767440796
1041 	 2.5471715927124023
1042 	 2.6144256591796875
1043 	 2.704493522644043
1044 	 2.7387118339538574
1045 	 2.6701340675354004
1046 	 2.6711413860321045
1047 	 2.7175509929656982
1048 	 2.666020631790161
1049 	 2.563044309616089
1050 	 2.664608955383301
1051 	 2.7991750240325928
1052 	 2.4971323013305664
1053 	 2.759539842605591
1054 	 2.6237945556640625
1055 	 2.498014450073242
1056 	 2.5839133262634277
1057 	 2.706648588180542
1058 	 2.7690446376800537
1059 	 2.792300224304199
1060 	 2.7389585971832275
1061 	 2.693089723587036
1062 	 2.7231497764587402
1063 	 2.741069793701172
1064 	 2.7702019214630127
1065 	 2.5947048664093018
1066 	 2.4971981048583984
1067 	 2.7348647117614746
1068 	 2.6030192375183105
1069 	 2.765958070755005
1070 	 2.6350936889648438
1071 	 2.6693387031555176
1072 	 2.775097608566284
1073 	 2.5348317623138428
1074 	 2.683912515640259
1075 	 2.689401388168335
1076 	 2.828301429748535
1077 	 2.658810615539551
1078 	 2.619574546813965
1079 	 2.7079849243164062
1080 	 2.5790040493011475
1081 	 2.717367649078369
1082 	 2.8907203674316406
1083 	 2.8287038803100586
1084 	 3.03914213180542
1085 	 2.5961873531341553
1086 	 2.6236956119537354
1087 	 2.6270029544830322
1088 	 2.6551806926727295
1089 	 2.6169068813323975
1090 	 2.56786847114563
1091 	 2.4751787185668945
1092 	 2.636106491088867
1093 	 2.817244529724121
1094 	 2.6434247493743896
1095 	 2.693002700805664
1096 	 2.693737506866455
1097 	 2.573669672012329
1098 	 2.6713573932647705
1099 	 2.630945920944214
1100 	 2.6826038360595703
1101 	 2.581313371658325
1102 	 2.8188717365264893
1103 	 2.8517069816589355
1104 	 2.6141371726989746
1105 	 2.897156000137329
1106 	 2.793044328689575
1107 	 2.8402538299560547
1108 	 2.7226951122283936
1109 	 2.463594913482666
1110 	 2.7402167320251465
1111 	 2.832167625427246
1112 	 2.665398597717285
1113 	 2.6653168201446533
1114 	 2.6486873626708984
1115 	 2.746544361114502
1116 	 2.5402767658233643
1117 	 2.8343706130981445
1118 	 2.6415233612060547
1119 	 2.5581445693969727
1120 	 2.5767529010772705
1121 	 2.6418299674987793
1122 	 2.6303012371063232
1123 	 2.6519410610198975
1124 	 2.433720588684082
1125 	 2.6341936588287354
1126 	 2.5701699256896973
1127 	 2.63545298576355
1128 	 2.740358829498291
1129 	 2.528329849243164
1130 	 2.418309211730957
1131 	 2.671043634414673
1132 	 2.7130024433135986
1133 	 2.5418641567230225
1134 	 2.5629899501800537
1135 	 2.792205572128296
1136 	 2.691678047180176
1137 	 2.52221941947937
1138 	 2.766008138656616
1139 	 2.8352019786834717
1140 	 2.6297671794891357
1141 	 2.7048707008361816
1142 	 2.747807502746582
1143 	 2.657757043838501
1144 	 2.6211931705474854
1145 	 2.561917543411255
1146 	 2.6652941703796387
1147 	 2.5927412509918213
1148 	 2.6734485626220703
1149 	 2.6866490840911865
1150 	 2.834242820739746
1151 	 2.680833101272583
1152 	 2.773543357849121
1153 	 2.580981731414795
1154 	 2.6658875942230225
1155 	 2.6667418479919434
1156 	 2.551971912384033
1157 	 2.5265121459960938
1158 	 2.7302045822143555
1159 	 2.552135944366455
1160 	 2.662771701812744
1161 	 2.5960335731506348
1162 	 2.73667049407959
1163 	 2.5532805919647217
1164 	 2.5756332874298096
1165 	 2.604422092437744
1166 	 2.7537145614624023
1167 	 2.597031354904175
1168 	 2.54763126373291
1169 	 2.516494035720825
1170 	 2.72491717338562
1171 	 2.740807294845581
1172 	 2.7945404052734375
1173 	 2.5497472286224365
1174 	 2.5682663917541504
1175 	 2.5965218544006348
1176 	 2.6377744674682617
1177 	 2.68222975730896
1178 	 2.761563301086426
1179 	 2.6588780879974365
1180 	 2.7695424556732178
1181 	 2.702390432357788
1182 	 2.58597731590271
1183 	 2.5081326961517334
1184 	 2.704723596572876
1185 	 2.6110999584198
1186 	 2.670212745666504
1187 	 2.5372819900512695
1188 	 2.566330909729004
1189 	 2.7753233909606934
1190 	 2.681966781616211
1191 	 2.7312865257263184
1192 	 2.690037965774536
1193 	 2.541217803955078
1194 	 2.6900997161865234
1195 	 2.7416553497314453
1196 	 2.643580675125122
1197 	 2.607186794281006
1198 	 2.6151316165924072
1199 	 2.811810255050659
1200 	 2.582677125930786
1201 	 2.5962181091308594
1202 	 3.174147367477417
1203 	 2.919311761856079
1204 	 2.798722267150879
1205 	 2.6932036876678467
1206 	 2.8735082149505615
1207 	 2.965256690979004
1208 	 2.633286237716675
1209 	 2.6799681186676025
1210 	 2.6686229705810547
1211 	 2.708719253540039
1212 	 2.607625961303711
1213 	 2.75373911857605
1214 	 2.6446168422698975
1215 	 2.7407000064849854
1216 	 2.6810591220855713
1217 	 2.5596861839294434
1218 	 2.4535484313964844
1219 	 2.5372748374938965
1220 	 2.4315478801727295
1221 	 2.55289888381958
1222 	 2.6162896156311035
1223 	 2.743135929107666
1224 	 2.8327808380126953
1225 	 2.707981586456299
1226 	 2.498164415359497
1227 	 2.753385066986084
1228 	 2.7092392444610596
1229 	 2.838264226913452
1230 	 2.645081043243408
1231 	 2.6544737815856934
1232 	 2.4740912914276123
1233 	 2.7710719108581543
1234 	 2.6250174045562744
1235 	 2.840914249420166
1236 	 2.618887424468994
1237 	 2.708890676498413
1238 	 2.709359645843506
1239 	 2.4632179737091064
1240 	 2.488452672958374
1241 	 2.467137575149536
1242 	 2.663646697998047
1243 	 2.509617567062378
1244 	 2.535877227783203
1245 	 2.67706298828125
1246 	 2.778472661972046
1247 	 2.6972732543945312
1248 	 2.7966837882995605
1249 	 2.6627728939056396
