0 	 0.0
1 	 1.2018481492996216
2 	 1.4363837242126465
3 	 1.3423728942871094
4 	 1.7281743288040161
5 	 1.6996365785598755
6 	 1.7885009050369263
7 	 3.160895586013794
8 	 2.516817092895508
9 	 2.774399995803833
10 	 2.7329201698303223
11 	 2.838223934173584
12 	 3.623082399368286
13 	 3.753652334213257
14 	 4.381548881530762
15 	 4.355362415313721
16 	 4.259115695953369
17 	 3.897357225418091
18 	 4.029452800750732
19 	 3.3585422039031982
20 	 3.7279279232025146
21 	 3.734576463699341
22 	 3.9768424034118652
23 	 4.163644790649414
24 	 3.6609344482421875
25 	 4.006594181060791
26 	 4.5225324630737305
27 	 3.3603947162628174
28 	 4.332728862762451
29 	 4.474775791168213
30 	 3.8910892009735107
31 	 4.070619106292725
32 	 3.5573813915252686
33 	 4.009925842285156
34 	 4.103369235992432
35 	 4.030451774597168
36 	 3.9467227458953857
37 	 4.156835556030273
38 	 4.1548075675964355
39 	 3.808593273162842
40 	 3.83430814743042
41 	 4.122288227081299
42 	 4.024799823760986
43 	 4.210062026977539
44 	 4.471019268035889
45 	 4.029115676879883
46 	 4.345193386077881
47 	 3.4951059818267822
48 	 3.3618743419647217
49 	 3.7537031173706055
50 	 4.286645412445068
51 	 3.74550724029541
52 	 3.153350830078125
53 	 3.5001089572906494
54 	 4.0836100578308105
55 	 4.1362810134887695
56 	 4.080967426300049
57 	 4.09805154800415
58 	 3.8983418941497803
59 	 4.052081108093262
60 	 4.2621049880981445
61 	 3.8396096229553223
62 	 4.057957172393799
63 	 3.948209047317505
64 	 3.785985231399536
65 	 3.968937397003174
66 	 4.2112321853637695
67 	 4.221057415008545
68 	 4.275191307067871
69 	 4.004622459411621
70 	 4.144649028778076
71 	 3.825981378555298
72 	 4.108033657073975
73 	 4.195658206939697
74 	 4.115501403808594
75 	 4.001287460327148
76 	 4.097867012023926
77 	 4.023764133453369
78 	 4.100689888000488
79 	 4.105047225952148
80 	 4.223237991333008
81 	 4.192617893218994
82 	 4.130080699920654
83 	 4.034079074859619
84 	 4.009054183959961
85 	 4.007743835449219
86 	 4.112560749053955
87 	 4.154501914978027
88 	 4.283698558807373
89 	 4.202494144439697
90 	 4.220591068267822
91 	 4.21997594833374
92 	 4.228168487548828
93 	 4.060610294342041
94 	 4.065790176391602
95 	 3.914870023727417
96 	 4.065926551818848
97 	 3.939894437789917
98 	 3.8645386695861816
99 	 4.287810325622559
100 	 4.305233478546143
101 	 4.319683074951172
102 	 4.02546501159668
103 	 3.7327256202697754
104 	 3.783287286758423
105 	 3.8451974391937256
106 	 4.2421793937683105
107 	 4.222220420837402
108 	 3.829033851623535
109 	 4.23087215423584
110 	 4.164785385131836
111 	 3.96034836769104
112 	 3.665134906768799
113 	 3.983731746673584
114 	 3.8514654636383057
115 	 4.020514011383057
116 	 3.9900736808776855
117 	 4.1738128662109375
118 	 4.080704689025879
119 	 4.355175971984863
120 	 4.378389358520508
121 	 4.176400184631348
122 	 3.9493489265441895
123 	 4.215905666351318
124 	 3.6855297088623047
125 	 3.600897789001465
126 	 3.6267237663269043
127 	 3.7340407371520996
128 	 3.905649185180664
129 	 3.6475002765655518
130 	 3.714088201522827
131 	 3.9533307552337646
132 	 3.9175164699554443
133 	 4.075583457946777
134 	 4.098597049713135
135 	 4.029648780822754
136 	 4.431114196777344
137 	 4.082177639007568
138 	 4.136999607086182
139 	 3.8688037395477295
140 	 4.191162586212158
141 	 3.982057809829712
142 	 4.472690582275391
143 	 3.785451650619507
144 	 3.760986328125
145 	 4.010624885559082
146 	 4.155077934265137
147 	 3.9893980026245117
148 	 4.231739044189453
149 	 4.137699604034424
150 	 3.688089370727539
151 	 3.8723249435424805
152 	 3.662227153778076
153 	 3.748835563659668
154 	 4.105238437652588
155 	 4.222141742706299
156 	 4.518412113189697
157 	 3.841459035873413
158 	 3.3212132453918457
159 	 3.6911327838897705
160 	 4.1712188720703125
161 	 4.632308483123779
162 	 4.370868682861328
163 	 4.3671417236328125
164 	 3.7213494777679443
165 	 3.8564302921295166
166 	 4.263304710388184
167 	 4.440213203430176
168 	 4.478863716125488
169 	 4.228821277618408
170 	 4.383217811584473
171 	 4.406729221343994
172 	 4.37732458114624
173 	 4.398784637451172
174 	 4.407899856567383
175 	 4.566455841064453
176 	 4.498510360717773
177 	 4.023004055023193
178 	 3.746647596359253
179 	 4.105774879455566
180 	 4.216248512268066
181 	 3.94537615776062
182 	 3.9459316730499268
183 	 4.251079082489014
184 	 4.091789245605469
185 	 4.236194133758545
186 	 3.9291164875030518
187 	 4.2941155433654785
188 	 4.066104412078857
189 	 3.927603006362915
190 	 4.016598224639893
191 	 3.9957504272460938
192 	 4.377161026000977
193 	 4.195550441741943
194 	 3.9147958755493164
195 	 3.7693569660186768
196 	 4.272386074066162
197 	 3.8962340354919434
198 	 3.7713398933410645
199 	 4.666910171508789
200 	 4.8416643142700195
201 	 4.125734329223633
202 	 3.637495756149292
203 	 3.612111806869507
204 	 4.112268924713135
205 	 4.4070258140563965
206 	 4.786025047302246
207 	 4.764162063598633
208 	 4.698981761932373
209 	 4.852588176727295
210 	 4.904508113861084
211 	 4.766316890716553
212 	 4.770439147949219
213 	 4.479531764984131
214 	 4.7315673828125
215 	 4.526334762573242
216 	 4.672017574310303
217 	 4.836273193359375
218 	 4.701891899108887
219 	 4.498905658721924
220 	 4.151438236236572
221 	 4.572201251983643
222 	 4.682482719421387
223 	 4.5891804695129395
224 	 4.585763454437256
225 	 4.687286376953125
226 	 4.735130786895752
227 	 4.781652927398682
228 	 4.698764801025391
229 	 4.5699920654296875
230 	 4.720583915710449
231 	 4.847731590270996
232 	 4.575748920440674
233 	 4.513622283935547
234 	 4.717915058135986
235 	 4.771152496337891
236 	 4.779106140136719
237 	 4.541677474975586
238 	 4.605456829071045
239 	 4.322826385498047
240 	 3.8924686908721924
241 	 4.166987419128418
242 	 4.168365955352783
243 	 4.329678535461426
244 	 4.413740158081055
245 	 4.167498588562012
246 	 4.173179626464844
247 	 4.180697917938232
248 	 4.1687188148498535
249 	 4.303964138031006
250 	 3.9201722145080566
251 	 4.231360912322998
252 	 4.08500862121582
253 	 4.159955024719238
254 	 4.281923294067383
255 	 4.107393741607666
256 	 4.178106784820557
257 	 4.279295444488525
258 	 4.437896728515625
259 	 4.100383758544922
260 	 3.826951742172241
261 	 3.9982821941375732
262 	 4.401581287384033
263 	 4.218764305114746
264 	 4.448676586151123
265 	 4.667910575866699
266 	 4.441851615905762
267 	 4.5711445808410645
268 	 4.096016883850098
269 	 4.348876476287842
270 	 4.286983966827393
271 	 4.268752098083496
272 	 4.0968523025512695
273 	 4.251522541046143
274 	 4.268671989440918
275 	 4.529433250427246
276 	 4.5381574630737305
277 	 4.394373416900635
278 	 4.504344463348389
279 	 4.488675594329834
280 	 4.457269191741943
281 	 4.4652910232543945
282 	 4.436349868774414
283 	 4.624721050262451
284 	 4.419978141784668
285 	 4.432690143585205
286 	 4.50431489944458
287 	 4.348191261291504
288 	 4.123027324676514
289 	 4.604476451873779
290 	 4.470080852508545
291 	 4.3570451736450195
292 	 4.548352241516113
293 	 4.45629358291626
294 	 4.497641086578369
295 	 4.4509196281433105
296 	 4.409718036651611
297 	 4.29617166519165
298 	 4.488194942474365
299 	 4.374386310577393
300 	 4.451144218444824
301 	 4.503253936767578
302 	 4.585073471069336
303 	 4.238687038421631
304 	 4.571908473968506
305 	 4.536452293395996
306 	 4.466331481933594
307 	 4.47468376159668
308 	 4.369582176208496
309 	 4.457376003265381
310 	 4.40073823928833
311 	 4.507717132568359
312 	 4.250091552734375
313 	 4.474471569061279
314 	 4.4771318435668945
315 	 4.507358551025391
316 	 4.426639556884766
317 	 4.453802585601807
318 	 4.346165180206299
319 	 4.388792037963867
320 	 4.507493019104004
321 	 4.461287498474121
322 	 4.432675361633301
323 	 4.5224175453186035
324 	 4.404603481292725
325 	 4.505194187164307
326 	 4.526535987854004
327 	 4.445010662078857
328 	 4.459277153015137
329 	 4.435727596282959
330 	 4.4594197273254395
331 	 4.4001054763793945
332 	 4.429199695587158
333 	 4.541882514953613
334 	 4.490321636199951
335 	 4.576650619506836
336 	 4.382416725158691
337 	 4.553730487823486
338 	 4.5667243003845215
339 	 4.474050998687744
340 	 4.436682224273682
341 	 4.539482116699219
342 	 4.427186489105225
343 	 4.398650646209717
344 	 4.446551322937012
345 	 4.439844608306885
346 	 4.470556259155273
347 	 4.569278717041016
348 	 4.466752052307129
349 	 4.570713996887207
350 	 4.548203945159912
351 	 4.604118347167969
352 	 4.447994709014893
353 	 4.629118919372559
354 	 4.451045513153076
355 	 4.4735107421875
356 	 4.4243998527526855
357 	 4.6469550132751465
358 	 4.42507266998291
359 	 4.458931922912598
360 	 4.412454605102539
361 	 4.413261890411377
362 	 4.574653625488281
363 	 4.46934175491333
364 	 4.603673934936523
365 	 4.518274784088135
366 	 4.276446342468262
367 	 4.406647682189941
368 	 4.22691011428833
369 	 3.8879995346069336
370 	 4.010035514831543
371 	 3.913945436477661
372 	 3.9173543453216553
373 	 3.9068894386291504
374 	 3.8403570652008057
375 	 3.8644917011260986
376 	 3.4700353145599365
377 	 3.856632947921753
378 	 3.7663373947143555
379 	 4.043819904327393
380 	 4.0687713623046875
381 	 4.00152587890625
382 	 4.019879341125488
383 	 3.7315444946289062
384 	 4.139012336730957
385 	 3.714801788330078
386 	 3.846101999282837
387 	 4.1248040199279785
388 	 4.130524635314941
389 	 3.745556354522705
390 	 3.9735512733459473
391 	 4.011335849761963
392 	 3.8466994762420654
393 	 3.9788448810577393
394 	 4.119237422943115
395 	 3.974005699157715
396 	 3.83866810798645
397 	 4.040964126586914
398 	 4.030337810516357
399 	 3.977174997329712
400 	 3.968494415283203
401 	 3.9470677375793457
402 	 3.98459529876709
403 	 4.069736480712891
404 	 3.6326253414154053
405 	 3.7704851627349854
406 	 3.7356576919555664
407 	 3.858175754547119
408 	 3.990889072418213
409 	 3.914234161376953
410 	 3.8917107582092285
411 	 3.6083219051361084
412 	 3.679347038269043
413 	 3.8443636894226074
414 	 3.663855791091919
415 	 4.054620265960693
416 	 4.064774513244629
417 	 3.9006576538085938
418 	 3.8916163444519043
419 	 3.90775990486145
420 	 3.675516128540039
421 	 3.6211533546447754
422 	 3.718151092529297
423 	 3.8757708072662354
424 	 4.008423805236816
425 	 3.810112476348877
426 	 3.9889142513275146
427 	 3.9005050659179688
428 	 4.036811351776123
429 	 4.095387935638428
430 	 4.044665336608887
431 	 4.2069244384765625
432 	 4.365771770477295
433 	 4.160410404205322
434 	 4.171939849853516
435 	 4.292440891265869
436 	 4.102283000946045
437 	 4.379278659820557
438 	 4.173861503601074
439 	 4.088177680969238
440 	 4.226351737976074
441 	 4.247439861297607
442 	 4.159361839294434
443 	 4.073854446411133
444 	 4.193614959716797
445 	 4.257444381713867
446 	 4.233495235443115
447 	 4.283359050750732
448 	 4.217392921447754
449 	 4.223696231842041
450 	 4.141880989074707
451 	 4.115422248840332
452 	 4.120558261871338
453 	 4.246700763702393
454 	 4.385666370391846
455 	 4.362155914306641
456 	 4.264479637145996
457 	 4.152864456176758
458 	 4.176331043243408
459 	 4.298695087432861
460 	 4.366173267364502
461 	 4.308315753936768
462 	 4.321373462677002
463 	 4.176382064819336
464 	 4.198760032653809
465 	 3.9091203212738037
466 	 4.0886640548706055
467 	 4.037120342254639
468 	 3.992779016494751
469 	 3.9620096683502197
470 	 4.272785663604736
471 	 4.301299095153809
472 	 4.3376054763793945
473 	 4.303869247436523
474 	 4.233139514923096
475 	 4.111577987670898
476 	 4.269975185394287
477 	 4.140003204345703
478 	 4.133081912994385
479 	 3.9446799755096436
480 	 4.087453842163086
481 	 4.242534637451172
482 	 3.9366698265075684
483 	 3.7698776721954346
484 	 3.887993097305298
485 	 4.045151233673096
486 	 3.8195459842681885
487 	 4.019850254058838
488 	 4.195892810821533
489 	 4.045876979827881
490 	 4.038030624389648
491 	 4.202807426452637
492 	 4.124589443206787
493 	 4.102972030639648
494 	 4.042837619781494
495 	 3.8017749786376953
496 	 3.835310935974121
497 	 3.940429210662842
498 	 3.764847993850708
499 	 3.7994914054870605
500 	 3.679920196533203
501 	 3.8472208976745605
502 	 3.89892840385437
503 	 4.070115566253662
504 	 3.6618006229400635
505 	 3.819166660308838
506 	 3.8399386405944824
507 	 3.6577117443084717
508 	 3.7984650135040283
509 	 3.964682102203369
510 	 3.876636028289795
511 	 4.06983757019043
512 	 3.8199172019958496
513 	 3.9291796684265137
514 	 4.168476104736328
515 	 3.9232630729675293
516 	 3.871001720428467
517 	 3.829916477203369
518 	 4.011022567749023
519 	 4.335614204406738
520 	 4.248224258422852
521 	 4.115124702453613
522 	 4.172063827514648
523 	 4.085182189941406
524 	 4.033453464508057
525 	 4.163804531097412
526 	 4.0296125411987305
527 	 3.948306083679199
528 	 4.022500991821289
529 	 4.024534225463867
530 	 3.946028470993042
531 	 3.9990968704223633
532 	 4.0998215675354
533 	 4.030785083770752
534 	 3.8709070682525635
535 	 4.001528263092041
536 	 4.068628787994385
537 	 3.9351775646209717
538 	 3.831273078918457
539 	 3.852353096008301
540 	 3.8192667961120605
541 	 3.894782304763794
542 	 3.789494276046753
543 	 4.043167591094971
544 	 3.944200038909912
545 	 4.180069446563721
546 	 3.955570936203003
547 	 3.9500503540039062
548 	 4.062434673309326
549 	 4.135553359985352
550 	 4.4531779289245605
551 	 4.253566741943359
552 	 4.173974990844727
553 	 4.0166497230529785
554 	 3.8287038803100586
555 	 3.900787591934204
556 	 4.061171531677246
557 	 3.9593241214752197
558 	 4.004842281341553
559 	 3.8577420711517334
560 	 3.9355461597442627
561 	 4.178295612335205
562 	 4.358608245849609
563 	 4.508772850036621
564 	 4.555979251861572
565 	 4.326298713684082
566 	 4.324289321899414
567 	 4.48678731918335
568 	 4.329145431518555
569 	 4.509538650512695
570 	 4.272324562072754
571 	 4.331088542938232
572 	 4.196945667266846
573 	 4.381781101226807
574 	 4.459268093109131
575 	 4.494319915771484
576 	 4.289964199066162
577 	 4.450285911560059
578 	 4.347134590148926
579 	 4.291860103607178
580 	 4.157473087310791
581 	 4.374133110046387
582 	 4.389291763305664
583 	 4.458864212036133
584 	 4.400137424468994
585 	 4.519468307495117
586 	 4.442971229553223
587 	 4.332273960113525
588 	 4.289150238037109
589 	 4.371600151062012
590 	 4.311486721038818
591 	 4.247823715209961
592 	 3.9600884914398193
593 	 4.326984882354736
594 	 4.390944957733154
595 	 4.318038463592529
596 	 4.298175811767578
597 	 4.048925876617432
598 	 4.322786808013916
599 	 4.172394275665283
600 	 4.154599666595459
601 	 4.21981143951416
602 	 3.7542240619659424
603 	 3.9406676292419434
604 	 3.9753305912017822
605 	 4.051828384399414
606 	 4.083408355712891
607 	 3.9858829975128174
608 	 4.015941143035889
609 	 3.9659738540649414
610 	 3.9763593673706055
611 	 4.099470615386963
612 	 4.184751987457275
613 	 4.20536470413208
614 	 4.125091552734375
615 	 4.263733863830566
616 	 3.988837718963623
617 	 4.004873752593994
618 	 4.094075679779053
619 	 4.275146484375
620 	 4.262495517730713
621 	 4.111570358276367
622 	 4.046938419342041
623 	 3.911905288696289
624 	 4.11122465133667
625 	 3.5869967937469482
626 	 4.089691162109375
627 	 3.9953858852386475
628 	 3.8799195289611816
629 	 3.7361412048339844
630 	 3.893279790878296
631 	 4.015082836151123
632 	 3.949979066848755
633 	 4.005988121032715
634 	 3.99128794670105
635 	 3.9454753398895264
636 	 4.022034645080566
637 	 3.9986932277679443
638 	 4.019145488739014
639 	 3.8053579330444336
640 	 4.190067291259766
641 	 4.0996413230896
642 	 3.9689760208129883
643 	 3.9198596477508545
644 	 3.7903904914855957
645 	 3.8026123046875
646 	 3.75460147857666
647 	 4.041260719299316
648 	 3.9704480171203613
649 	 4.017197608947754
650 	 3.6896891593933105
651 	 3.7633819580078125
652 	 3.7675092220306396
653 	 3.8830132484436035
654 	 3.7574336528778076
655 	 4.000204086303711
656 	 4.004401206970215
657 	 3.9858779907226562
658 	 3.85331392288208
659 	 3.9059622287750244
660 	 3.8555691242218018
661 	 4.165842056274414
662 	 3.96628475189209
663 	 3.6373631954193115
664 	 3.705627679824829
665 	 3.65822696685791
666 	 3.9998903274536133
667 	 3.6221585273742676
668 	 3.754040479660034
669 	 4.031254291534424
670 	 3.819523572921753
671 	 4.161762714385986
672 	 4.12497091293335
673 	 4.041229724884033
674 	 4.063305854797363
675 	 3.94673752784729
676 	 3.739443778991699
677 	 3.983315944671631
678 	 4.0607452392578125
679 	 3.9783101081848145
680 	 3.708420991897583
681 	 3.937405824661255
682 	 3.9986491203308105
683 	 3.915146827697754
684 	 3.9553568363189697
685 	 4.196078300476074
686 	 4.169078350067139
687 	 4.13989782333374
688 	 3.9322190284729004
689 	 3.9659767150878906
690 	 4.075562477111816
691 	 4.197323799133301
692 	 4.077861309051514
693 	 4.017694473266602
694 	 3.9609172344207764
695 	 4.07881498336792
696 	 4.23905086517334
697 	 4.178586483001709
698 	 4.138527870178223
699 	 4.049149036407471
700 	 4.008039951324463
701 	 3.9778389930725098
702 	 3.942429780960083
703 	 3.7690656185150146
704 	 4.011495590209961
705 	 3.969642162322998
706 	 3.9081289768218994
707 	 3.997986078262329
708 	 3.941368341445923
709 	 3.762605905532837
710 	 3.853719472885132
711 	 3.873795747756958
712 	 3.805312395095825
713 	 4.125927448272705
714 	 3.8602867126464844
715 	 3.8029720783233643
716 	 4.0168232917785645
717 	 3.8249456882476807
718 	 3.791722297668457
719 	 3.7638208866119385
720 	 3.6635918617248535
721 	 3.665137767791748
722 	 3.6519196033477783
723 	 3.610405683517456
724 	 3.7701988220214844
725 	 3.7619895935058594
726 	 4.009016036987305
727 	 3.8480992317199707
728 	 3.908808708190918
729 	 3.773524045944214
730 	 3.7895119190216064
731 	 3.7762959003448486
732 	 3.882432460784912
733 	 3.9188835620880127
734 	 4.129099369049072
735 	 4.142955780029297
736 	 3.9122040271759033
737 	 3.79105806350708
738 	 3.7951555252075195
739 	 3.802785873413086
740 	 3.5756027698516846
741 	 4.052342414855957
742 	 3.5655360221862793
743 	 4.009417533874512
744 	 3.722623825073242
745 	 4.052539348602295
746 	 3.8288049697875977
747 	 4.3946027755737305
748 	 4.022166728973389
749 	 4.1858134269714355
750 	 4.022559642791748
751 	 4.045881748199463
752 	 4.178472518920898
753 	 3.8779163360595703
754 	 4.066789150238037
755 	 4.152481555938721
756 	 4.1158342361450195
757 	 4.032346725463867
758 	 4.145756721496582
759 	 3.992584705352783
760 	 4.012728214263916
761 	 4.018720626831055
762 	 3.955472469329834
763 	 3.857649803161621
764 	 3.768867254257202
765 	 3.957667827606201
766 	 3.9535441398620605
767 	 3.6378023624420166
768 	 4.008113384246826
769 	 3.9615001678466797
770 	 3.8894081115722656
771 	 3.862713575363159
772 	 3.623709201812744
773 	 3.858107328414917
774 	 3.80905818939209
775 	 3.9502992630004883
776 	 3.9338817596435547
777 	 3.9474029541015625
778 	 3.8708698749542236
779 	 3.8983194828033447
780 	 3.9654946327209473
781 	 3.9044861793518066
782 	 3.5998172760009766
783 	 3.7397079467773438
784 	 3.7129504680633545
785 	 3.7634549140930176
786 	 3.7597012519836426
787 	 4.119266986846924
788 	 4.116917610168457
789 	 4.1534552574157715
790 	 3.953653335571289
791 	 4.060235500335693
792 	 3.7149369716644287
793 	 3.7336151599884033
794 	 3.7487409114837646
795 	 3.9873838424682617
796 	 4.018447399139404
797 	 3.8738467693328857
798 	 3.9781858921051025
799 	 3.8148820400238037
800 	 3.888089656829834
801 	 4.003399848937988
802 	 4.102643966674805
803 	 4.032040596008301
804 	 3.939824104309082
805 	 4.008872032165527
806 	 3.9568467140197754
807 	 3.90230393409729
808 	 3.9483816623687744
809 	 4.035998344421387
810 	 3.965766429901123
811 	 4.18257474899292
812 	 4.327426910400391
813 	 4.145936489105225
814 	 4.014196395874023
815 	 4.066850185394287
816 	 3.8567519187927246
817 	 4.148179531097412
818 	 4.3656768798828125
819 	 4.1322808265686035
820 	 4.235555648803711
821 	 4.255194664001465
822 	 4.2636284828186035
823 	 4.225449562072754
824 	 4.21760892868042
825 	 4.001926898956299
826 	 3.8502097129821777
827 	 4.0971221923828125
828 	 4.284063816070557
829 	 4.100670337677002
830 	 4.01190185546875
831 	 3.9988207817077637
832 	 3.873899221420288
833 	 3.8953044414520264
834 	 3.8422577381134033
835 	 4.089986801147461
836 	 4.031757831573486
837 	 4.331020355224609
838 	 4.205408096313477
839 	 4.178252696990967
840 	 4.441068172454834
841 	 4.446141242980957
842 	 4.3061909675598145
843 	 4.256079196929932
844 	 4.049496173858643
845 	 4.012686252593994
846 	 3.9072628021240234
847 	 4.048046112060547
848 	 4.092720985412598
849 	 3.921032667160034
850 	 3.8417162895202637
851 	 4.107587814331055
852 	 3.836888551712036
853 	 3.913423776626587
854 	 3.9766011238098145
855 	 3.8998310565948486
856 	 4.047875881195068
857 	 4.147111892700195
858 	 4.016912460327148
859 	 4.137574195861816
860 	 4.041393280029297
861 	 3.740342140197754
862 	 3.8214757442474365
863 	 4.353302955627441
864 	 3.897517442703247
865 	 4.0625128746032715
866 	 4.010233402252197
867 	 4.1771721839904785
868 	 4.069830894470215
869 	 3.9415500164031982
870 	 4.21449089050293
871 	 4.308743476867676
872 	 4.254833698272705
873 	 4.297637462615967
874 	 4.263358116149902
875 	 4.287226676940918
876 	 4.345234394073486
877 	 4.289385795593262
878 	 4.147449970245361
879 	 4.3595147132873535
880 	 4.455280303955078
881 	 4.229801654815674
882 	 4.369800567626953
883 	 4.371225357055664
884 	 4.432007789611816
885 	 4.2062201499938965
886 	 4.236789703369141
887 	 4.256776332855225
888 	 4.124497413635254
889 	 4.145094871520996
890 	 4.417812347412109
891 	 4.3250203132629395
892 	 4.387087821960449
893 	 4.3416523933410645
894 	 4.341073513031006
895 	 4.223926544189453
896 	 4.316826343536377
897 	 4.412452697753906
898 	 4.245774745941162
899 	 4.257353782653809
900 	 3.9082276821136475
901 	 4.0455322265625
902 	 4.028635501861572
903 	 4.399507522583008
904 	 4.190034866333008
905 	 4.248469352722168
906 	 4.175055980682373
907 	 4.20026969909668
908 	 4.144311904907227
909 	 4.201324462890625
910 	 4.196356773376465
911 	 4.1637091636657715
912 	 4.22727108001709
913 	 4.167434215545654
914 	 4.236096382141113
915 	 4.139740943908691
916 	 4.134829044342041
917 	 4.204935550689697
918 	 4.245826244354248
919 	 4.256544589996338
920 	 4.267470836639404
921 	 4.112121105194092
922 	 4.385822296142578
923 	 4.202883243560791
924 	 4.1160888671875
925 	 4.184660911560059
926 	 4.33864164352417
927 	 4.209097862243652
928 	 4.286973476409912
929 	 4.168975353240967
930 	 4.240711688995361
931 	 4.148252010345459
932 	 4.166477203369141
933 	 4.313302993774414
934 	 4.197691440582275
935 	 4.37747049331665
936 	 4.342599868774414
937 	 4.272330284118652
938 	 4.26317024230957
939 	 4.354957580566406
940 	 4.273466110229492
941 	 4.289430141448975
942 	 4.240139484405518
943 	 4.392240047454834
944 	 4.311732292175293
945 	 4.160478591918945
946 	 4.372272491455078
947 	 4.236261367797852
948 	 4.367203235626221
949 	 4.206474781036377
950 	 4.139383316040039
951 	 4.083402156829834
952 	 4.31063175201416
953 	 4.275418281555176
954 	 4.407954692840576
955 	 4.249626159667969
956 	 4.400149345397949
957 	 4.350446701049805
958 	 4.314504146575928
959 	 4.3048319816589355
960 	 4.1928558349609375
961 	 4.277559757232666
962 	 4.279301166534424
963 	 4.2981181144714355
964 	 4.298150539398193
965 	 4.233065605163574
966 	 4.180719375610352
967 	 4.138275623321533
968 	 4.086898326873779
969 	 4.159865856170654
970 	 4.325173854827881
971 	 4.279991626739502
972 	 4.2361884117126465
973 	 4.32660436630249
974 	 4.320544719696045
975 	 4.199153423309326
976 	 4.192320346832275
977 	 4.352660655975342
978 	 4.3289055824279785
979 	 4.193066596984863
980 	 4.271932601928711
981 	 4.267110824584961
982 	 4.349361896514893
983 	 4.328993797302246
984 	 4.441477298736572
985 	 4.405426502227783
986 	 4.315305233001709
987 	 4.289201736450195
988 	 4.385953903198242
989 	 4.299871444702148
990 	 4.291523456573486
991 	 4.274757385253906
992 	 4.212181568145752
993 	 4.199159622192383
994 	 4.204264163970947
995 	 4.260069370269775
996 	 4.323462009429932
997 	 4.424942970275879
998 	 4.1322808265686035
999 	 4.202682971954346
1000 	 4.2253594398498535
1001 	 4.312780857086182
1002 	 4.24165153503418
1003 	 4.258533000946045
1004 	 4.358307361602783
1005 	 4.356595039367676
1006 	 4.314409255981445
1007 	 4.287692070007324
1008 	 4.2207722663879395
1009 	 4.3315887451171875
1010 	 4.413695812225342
1011 	 4.468913555145264
1012 	 4.375984191894531
1013 	 4.242713928222656
1014 	 4.311798572540283
1015 	 4.367733001708984
1016 	 4.223386764526367
1017 	 4.205798149108887
1018 	 4.176389217376709
1019 	 4.317702770233154
1020 	 4.260017395019531
1021 	 4.233809471130371
1022 	 4.31528902053833
1023 	 4.264925956726074
1024 	 4.2440056800842285
1025 	 4.235386371612549
1026 	 4.24739933013916
1027 	 4.251874923706055
1028 	 4.2076568603515625
1029 	 4.153700351715088
1030 	 4.214268207550049
1031 	 4.228474140167236
1032 	 4.221786022186279
1033 	 4.190520286560059
1034 	 4.235284328460693
1035 	 4.20808219909668
1036 	 4.1625657081604
1037 	 4.340787887573242
1038 	 4.2637763023376465
1039 	 4.152867794036865
1040 	 4.139808654785156
1041 	 4.229311943054199
1042 	 4.357216835021973
1043 	 4.325788497924805
1044 	 4.327385902404785
1045 	 4.338815212249756
1046 	 4.390614032745361
1047 	 4.402468204498291
1048 	 4.186132907867432
1049 	 4.385087013244629
1050 	 4.330330848693848
1051 	 4.354336738586426
1052 	 4.325158596038818
1053 	 4.293633937835693
1054 	 4.357331275939941
1055 	 4.2331390380859375
1056 	 4.238250732421875
1057 	 4.2977519035339355
1058 	 4.266345977783203
1059 	 4.404343128204346
1060 	 4.433368682861328
1061 	 4.362156867980957
1062 	 4.3436279296875
1063 	 4.278812885284424
1064 	 4.423646450042725
1065 	 4.375319480895996
1066 	 4.264141082763672
1067 	 4.375758171081543
1068 	 4.353975772857666
1069 	 4.229834079742432
1070 	 4.306640148162842
1071 	 4.44746208190918
1072 	 4.41006326675415
1073 	 4.3613362312316895
1074 	 4.232651233673096
1075 	 4.3717803955078125
1076 	 4.261526584625244
1077 	 4.368693828582764
1078 	 4.45656156539917
1079 	 4.532554626464844
1080 	 4.481626510620117
1081 	 4.406670570373535
1082 	 4.291875839233398
1083 	 4.34553337097168
1084 	 4.313440322875977
1085 	 4.280157089233398
1086 	 4.333139896392822
1087 	 4.297406196594238
1088 	 4.231123924255371
1089 	 4.2772955894470215
1090 	 4.308030605316162
1091 	 4.324779987335205
1092 	 4.181777000427246
1093 	 4.262410640716553
1094 	 4.258398056030273
1095 	 4.150504112243652
1096 	 4.20377779006958
1097 	 4.382879734039307
1098 	 4.2610321044921875
1099 	 4.256557464599609
1100 	 4.8473052978515625
1101 	 4.822395324707031
1102 	 4.537120342254639
1103 	 4.505207538604736
1104 	 4.542706489562988
1105 	 4.65365743637085
1106 	 4.503009796142578
1107 	 4.4708733558654785
1108 	 4.480647563934326
1109 	 4.3325700759887695
1110 	 4.523250579833984
1111 	 4.519988059997559
1112 	 4.484441757202148
1113 	 4.339929580688477
1114 	 4.500614643096924
1115 	 4.4288225173950195
1116 	 4.73188591003418
1117 	 4.818280220031738
1118 	 4.770586013793945
1119 	 4.775478363037109
1120 	 4.795721530914307
1121 	 4.838396072387695
1122 	 4.687022686004639
1123 	 4.720897197723389
1124 	 4.5746378898620605
1125 	 4.529291152954102
1126 	 4.828105926513672
1127 	 4.713710308074951
1128 	 4.683470726013184
1129 	 4.270562171936035
1130 	 4.26803731918335
1131 	 4.477574348449707
1132 	 4.4861159324646
1133 	 4.518684387207031
1134 	 4.620081901550293
1135 	 4.620117664337158
1136 	 4.622369289398193
1137 	 4.6491217613220215
1138 	 4.521670341491699
1139 	 4.680222988128662
1140 	 4.821530342102051
1141 	 4.948858737945557
1142 	 4.716457366943359
1143 	 4.7385783195495605
1144 	 4.49204158782959
1145 	 4.7663350105285645
1146 	 4.887938022613525
1147 	 4.875839710235596
1148 	 4.795319557189941
1149 	 4.482810974121094
1150 	 4.7727885246276855
1151 	 4.899638652801514
1152 	 4.75352144241333
1153 	 4.473742961883545
1154 	 4.910862445831299
1155 	 4.77342414855957
1156 	 4.910548210144043
1157 	 4.707250595092773
1158 	 4.659857749938965
1159 	 4.730924606323242
1160 	 4.767593860626221
1161 	 4.780372142791748
1162 	 4.562391757965088
1163 	 4.77313756942749
1164 	 4.544251918792725
1165 	 4.868536472320557
1166 	 4.884500026702881
1167 	 4.818017959594727
1168 	 4.847408294677734
1169 	 4.852374076843262
1170 	 4.714615345001221
1171 	 4.882715702056885
1172 	 4.7763543128967285
1173 	 4.648082733154297
1174 	 4.709447383880615
1175 	 4.694176197052002
1176 	 4.797967910766602
1177 	 4.738799095153809
1178 	 4.606115341186523
1179 	 4.673748970031738
1180 	 4.636787414550781
1181 	 4.830758094787598
1182 	 4.880724906921387
1183 	 5.005531311035156
1184 	 4.586071968078613
1185 	 4.46388053894043
1186 	 4.734953880310059
1187 	 4.574426174163818
1188 	 4.621607303619385
1189 	 4.805211067199707
1190 	 4.918697357177734
1191 	 4.7547607421875
1192 	 4.809688568115234
1193 	 4.77223014831543
1194 	 4.861673831939697
1195 	 4.884652137756348
1196 	 4.91343879699707
1197 	 4.750765800476074
1198 	 4.835578918457031
1199 	 4.797061920166016
1200 	 4.76653528213501
1201 	 4.8068389892578125
1202 	 4.680339813232422
1203 	 4.7391886711120605
1204 	 4.6575422286987305
1205 	 4.725450038909912
1206 	 4.766688823699951
1207 	 4.790538787841797
1208 	 4.64884090423584
1209 	 4.882772445678711
1210 	 4.80169677734375
1211 	 4.755273818969727
1212 	 4.736817359924316
1213 	 4.744925498962402
1214 	 4.61196756362915
1215 	 4.769023418426514
1216 	 4.619381427764893
1217 	 4.8185715675354
1218 	 4.791158676147461
1219 	 4.734579086303711
1220 	 4.505221843719482
1221 	 4.718443393707275
1222 	 4.811314582824707
1223 	 4.746037006378174
1224 	 4.815673828125
1225 	 4.769502639770508
1226 	 4.76036262512207
1227 	 4.875940322875977
1228 	 4.700206279754639
1229 	 4.724071979522705
1230 	 4.725943565368652
1231 	 4.653123378753662
1232 	 4.739455223083496
1233 	 4.693359851837158
1234 	 4.634268283843994
1235 	 4.810438632965088
1236 	 4.642359256744385
1237 	 4.804429054260254
1238 	 4.843739032745361
1239 	 4.601484775543213
1240 	 4.773401737213135
1241 	 4.71272087097168
1242 	 4.665034770965576
1243 	 4.555759429931641
1244 	 4.564892292022705
1245 	 4.718978404998779
1246 	 4.665373802185059
1247 	 4.618202209472656
1248 	 4.559338092803955
1249 	 4.6540303230285645
1250 	 4.66615629196167
1251 	 4.76790714263916
1252 	 4.565374851226807
1253 	 4.612746238708496
1254 	 4.585723876953125
1255 	 4.604311466217041
1256 	 4.556692123413086
1257 	 4.527044296264648
1258 	 4.665283679962158
1259 	 4.6465744972229
1260 	 4.617185592651367
1261 	 4.723982810974121
1262 	 4.5884013175964355
1263 	 4.778012275695801
1264 	 4.676048755645752
1265 	 4.79682731628418
1266 	 4.732890605926514
1267 	 4.716123104095459
1268 	 4.6849775314331055
1269 	 4.8353166580200195
1270 	 4.697781085968018
1271 	 4.740078449249268
1272 	 4.583554267883301
1273 	 4.61708402633667
1274 	 4.645420551300049
1275 	 4.6268768310546875
1276 	 4.507162094116211
1277 	 4.521973133087158
1278 	 4.574288368225098
1279 	 4.531081199645996
1280 	 4.6227521896362305
1281 	 4.598392963409424
1282 	 4.567501068115234
1283 	 4.646236419677734
1284 	 4.643886089324951
1285 	 4.631499290466309
1286 	 4.725622653961182
1287 	 4.6512956619262695
1288 	 4.671888828277588
1289 	 4.571222305297852
1290 	 4.6788554191589355
1291 	 4.578595161437988
1292 	 4.622015953063965
1293 	 4.565418720245361
1294 	 4.67183780670166
1295 	 4.6803107261657715
1296 	 4.601294994354248
1297 	 4.454728603363037
1298 	 4.640625
1299 	 4.671448230743408
1300 	 4.6102471351623535
1301 	 4.667637825012207
1302 	 4.659603595733643
1303 	 4.632101058959961
1304 	 4.693671226501465
1305 	 4.723676681518555
1306 	 4.67282247543335
1307 	 4.647715091705322
1308 	 4.766843318939209
1309 	 4.63069486618042
1310 	 4.654514312744141
1311 	 4.695796489715576
1312 	 4.743374824523926
1313 	 4.6491169929504395
1314 	 4.618460178375244
1315 	 4.6578145027160645
1316 	 4.7994771003723145
1317 	 4.5362653732299805
1318 	 4.751100540161133
1319 	 4.615405559539795
1320 	 4.559438228607178
1321 	 4.629974365234375
1322 	 4.530032634735107
1323 	 4.559313774108887
1324 	 4.466408729553223
1325 	 4.529444694519043
1326 	 4.585024833679199
1327 	 4.5963544845581055
1328 	 4.643761157989502
1329 	 4.533592700958252
1330 	 4.606834888458252
1331 	 4.607059001922607
1332 	 4.639556407928467
1333 	 4.560013771057129
1334 	 4.470510959625244
1335 	 4.615973472595215
1336 	 4.719467639923096
1337 	 4.750036716461182
1338 	 4.801546096801758
1339 	 4.843879699707031
1340 	 4.84950065612793
1341 	 4.612615585327148
1342 	 4.52793550491333
1343 	 4.500262260437012
1344 	 4.554119110107422
1345 	 4.570585250854492
1346 	 4.493890762329102
1347 	 4.559452056884766
1348 	 4.452110290527344
1349 	 4.656445503234863
1350 	 4.501028537750244
1351 	 4.628650665283203
1352 	 4.712604522705078
1353 	 4.53981351852417
1354 	 4.673985958099365
1355 	 4.581327438354492
1356 	 4.6533942222595215
1357 	 4.653446674346924
1358 	 4.573535919189453
1359 	 4.744499206542969
1360 	 4.565498352050781
1361 	 4.714557647705078
1362 	 4.666868686676025
1363 	 4.5681352615356445
1364 	 4.636988639831543
1365 	 4.666677474975586
1366 	 4.604121208190918
1367 	 4.636128902435303
1368 	 4.7626543045043945
1369 	 4.645942211151123
1370 	 4.780711650848389
1371 	 4.671234130859375
1372 	 4.739171504974365
1373 	 4.606418609619141
1374 	 4.7417311668396
1375 	 4.720741271972656
1376 	 4.651533126831055
1377 	 4.615930080413818
1378 	 4.453494548797607
1379 	 4.768527507781982
1380 	 4.612916469573975
1381 	 4.499013900756836
1382 	 4.459128379821777
1383 	 4.548545837402344
1384 	 4.546041488647461
1385 	 4.577115058898926
1386 	 4.5369486808776855
1387 	 4.579282760620117
1388 	 4.526544570922852
1389 	 4.533145904541016
1390 	 4.590523719787598
1391 	 4.5858025550842285
1392 	 4.592771053314209
1393 	 4.61318302154541
1394 	 4.453808307647705
1395 	 4.504138469696045
1396 	 4.508327007293701
1397 	 4.500702857971191
1398 	 4.560001850128174
1399 	 4.548274517059326
1400 	 4.597037315368652
1401 	 4.401301383972168
1402 	 4.756326675415039
1403 	 4.49990177154541
1404 	 4.644990921020508
1405 	 4.6450886726379395
1406 	 4.632270336151123
1407 	 4.709539890289307
1408 	 4.7370429039001465
1409 	 4.647521495819092
1410 	 4.623234748840332
1411 	 4.719502925872803
1412 	 4.653119087219238
1413 	 4.5803961753845215
1414 	 4.611008167266846
1415 	 4.625865459442139
1416 	 4.627745151519775
1417 	 4.7707085609436035
1418 	 4.653659820556641
1419 	 4.657492160797119
1420 	 4.666287899017334
1421 	 4.63438606262207
1422 	 4.532772064208984
1423 	 4.641768932342529
1424 	 4.66340446472168
1425 	 4.670456409454346
1426 	 4.79233455657959
1427 	 4.717703342437744
1428 	 4.5991716384887695
1429 	 4.684185981750488
1430 	 4.547601699829102
1431 	 4.4579081535339355
1432 	 4.469563007354736
1433 	 4.531413555145264
1434 	 4.667490005493164
1435 	 4.6750102043151855
1436 	 4.595223426818848
1437 	 4.681657314300537
1438 	 4.584272861480713
1439 	 4.672176361083984
1440 	 4.67534065246582
1441 	 4.584655284881592
1442 	 4.757395267486572
1443 	 4.605405807495117
1444 	 4.612276554107666
1445 	 4.7376556396484375
1446 	 4.615355968475342
1447 	 4.605058670043945
1448 	 4.562915325164795
1449 	 4.741663932800293
1450 	 4.712696075439453
1451 	 4.66948127746582
1452 	 4.677586078643799
1453 	 4.662964344024658
1454 	 4.636979103088379
1455 	 4.608809947967529
1456 	 4.519486904144287
1457 	 4.603712558746338
1458 	 4.526923179626465
1459 	 4.493036270141602
1460 	 4.68541955947876
1461 	 4.787921905517578
1462 	 4.7102556228637695
1463 	 4.700770378112793
1464 	 4.605984687805176
1465 	 4.818926811218262
1466 	 4.730977535247803
1467 	 4.662773132324219
1468 	 4.603139877319336
1469 	 4.493566036224365
1470 	 4.631275177001953
1471 	 4.494279384613037
1472 	 4.49643087387085
1473 	 4.701563358306885
1474 	 4.604534149169922
1475 	 4.691906452178955
1476 	 4.464420318603516
1477 	 4.576241493225098
1478 	 4.815426826477051
1479 	 4.7110700607299805
1480 	 4.66738748550415
1481 	 4.728344917297363
1482 	 4.705362319946289
1483 	 4.642321586608887
1484 	 4.717489719390869
1485 	 4.697922706604004
1486 	 4.750151634216309
1487 	 4.664360046386719
1488 	 4.71457576751709
1489 	 4.873712062835693
1490 	 4.715243816375732
1491 	 4.634525775909424
1492 	 4.76515531539917
1493 	 4.716089725494385
1494 	 4.705214500427246
1495 	 4.775176525115967
1496 	 4.625352382659912
1497 	 4.730549335479736
1498 	 4.690932750701904
1499 	 4.709945201873779
1500 	 4.699183940887451
1501 	 4.707756996154785
1502 	 4.813886642456055
1503 	 4.686675548553467
1504 	 4.613150119781494
1505 	 4.72925329208374
1506 	 4.761166572570801
1507 	 4.774201393127441
1508 	 4.692419528961182
1509 	 4.713685035705566
1510 	 4.752471923828125
1511 	 4.64025354385376
1512 	 4.603082180023193
1513 	 4.618350028991699
1514 	 4.439849853515625
1515 	 4.692626476287842
1516 	 4.535766124725342
1517 	 4.512964725494385
1518 	 4.650301456451416
1519 	 4.569985866546631
1520 	 4.628876209259033
1521 	 4.589264392852783
1522 	 4.6915788650512695
1523 	 4.652294158935547
1524 	 4.518517971038818
1525 	 4.456728458404541
1526 	 4.662768840789795
1527 	 4.79286003112793
1528 	 4.602125644683838
1529 	 4.687077045440674
1530 	 4.510461807250977
1531 	 4.588945388793945
1532 	 4.654397010803223
1533 	 4.671653747558594
1534 	 4.572147846221924
1535 	 4.583710193634033
1536 	 4.624783992767334
1537 	 4.709434509277344
1538 	 4.594883918762207
1539 	 4.66310453414917
1540 	 4.522640705108643
1541 	 4.524587631225586
1542 	 4.536096096038818
1543 	 4.68098258972168
1544 	 4.568451404571533
1545 	 4.619524955749512
1546 	 4.544710159301758
1547 	 4.654181480407715
1548 	 4.556098937988281
1549 	 4.6985626220703125
1550 	 4.547171115875244
1551 	 4.65990686416626
1552 	 4.565177917480469
1553 	 4.594290256500244
1554 	 4.632927417755127
1555 	 4.6742682456970215
1556 	 4.596789836883545
1557 	 4.580746173858643
1558 	 4.549762725830078
1559 	 4.7512736320495605
1560 	 4.549270153045654
1561 	 4.565593719482422
1562 	 4.571089744567871
1563 	 4.459682941436768
1564 	 4.702781677246094
1565 	 4.520639896392822
1566 	 4.631083965301514
1567 	 4.8044538497924805
1568 	 4.650649547576904
1569 	 4.630831718444824
1570 	 4.5590620040893555
1571 	 4.402946949005127
1572 	 4.4910993576049805
1573 	 4.43662691116333
1574 	 4.510461807250977
1575 	 4.4936981201171875
1576 	 4.633884429931641
1577 	 4.485236167907715
1578 	 4.50037145614624
1579 	 4.433974742889404
1580 	 4.544270992279053
1581 	 4.591586589813232
1582 	 4.589811325073242
1583 	 4.484730243682861
1584 	 4.564774513244629
1585 	 4.591787338256836
1586 	 4.58469820022583
1587 	 4.690273761749268
1588 	 4.71506929397583
1589 	 4.705963611602783
1590 	 4.707200527191162
1591 	 4.649864196777344
1592 	 4.588292598724365
1593 	 4.505239009857178
1594 	 4.661319255828857
1595 	 4.556884288787842
1596 	 4.609462738037109
1597 	 4.615067005157471
1598 	 4.626662731170654
1599 	 4.660480976104736
1600 	 4.633901119232178
1601 	 4.565377235412598
1602 	 4.596794128417969
1603 	 4.489118576049805
1604 	 4.534635543823242
1605 	 4.505699157714844
1606 	 4.601839542388916
1607 	 4.63184118270874
1608 	 4.633650302886963
1609 	 4.59895133972168
1610 	 4.661463737487793
1611 	 4.601017951965332
1612 	 4.573551177978516
1613 	 4.578741073608398
1614 	 4.622200965881348
1615 	 4.657843589782715
1616 	 4.6825761795043945
1617 	 4.648715972900391
1618 	 4.677758693695068
1619 	 4.597289085388184
1620 	 4.577592849731445
1621 	 4.670497417449951
1622 	 4.670109748840332
1623 	 4.624690532684326
1624 	 4.809502124786377
1625 	 4.704023361206055
1626 	 4.6708149909973145
1627 	 4.726126194000244
1628 	 4.592938423156738
1629 	 4.768239974975586
1630 	 4.674368858337402
1631 	 4.789910316467285
1632 	 4.639956474304199
1633 	 4.782105922698975
1634 	 4.523144721984863
1635 	 4.663151741027832
1636 	 4.574599742889404
1637 	 4.674125671386719
1638 	 4.635978698730469
1639 	 4.55811882019043
1640 	 4.790460586547852
1641 	 4.657965660095215
1642 	 4.754286766052246
1643 	 4.757824897766113
1644 	 4.725208759307861
1645 	 4.746834754943848
1646 	 4.699875831604004
1647 	 4.593152046203613
1648 	 4.565066337585449
1649 	 4.632599353790283
1650 	 4.559303283691406
1651 	 4.511116027832031
1652 	 4.5853424072265625
1653 	 4.547086238861084
1654 	 4.564920902252197
1655 	 4.481419086456299
1656 	 4.445571422576904
1657 	 4.486351490020752
1658 	 4.5755109786987305
1659 	 4.470889568328857
1660 	 4.524488925933838
1661 	 4.45833158493042
1662 	 4.4183783531188965
1663 	 4.636054515838623
1664 	 4.41935396194458
1665 	 4.362358570098877
1666 	 4.551246166229248
1667 	 4.440134048461914
1668 	 4.403867244720459
1669 	 4.417357444763184
1670 	 4.544780254364014
1671 	 4.422424793243408
1672 	 4.461447238922119
1673 	 4.43772029876709
1674 	 4.493196964263916
1675 	 4.529754161834717
1676 	 4.423419952392578
1677 	 4.536120414733887
1678 	 4.443239212036133
1679 	 4.477585315704346
1680 	 4.476111888885498
1681 	 4.461994647979736
1682 	 4.513893127441406
1683 	 4.330784320831299
1684 	 4.513514041900635
1685 	 4.471490383148193
1686 	 4.500419616699219
1687 	 4.368533611297607
1688 	 4.474521160125732
1689 	 4.552513599395752
1690 	 4.490406513214111
1691 	 4.461139678955078
1692 	 4.599693298339844
1693 	 4.448151111602783
1694 	 4.450763702392578
1695 	 4.412100315093994
1696 	 4.388254642486572
1697 	 4.572134494781494
1698 	 4.491365909576416
1699 	 4.505644798278809
1700 	 4.554050445556641
1701 	 4.423669815063477
1702 	 4.511744499206543
1703 	 4.384720325469971
1704 	 4.582420825958252
1705 	 4.531557083129883
1706 	 4.510439395904541
1707 	 4.486542224884033
1708 	 4.560906887054443
1709 	 4.491126537322998
1710 	 4.460726261138916
1711 	 4.541635036468506
1712 	 4.542712211608887
1713 	 4.411248207092285
1714 	 4.622132301330566
1715 	 4.518415927886963
1716 	 4.517867088317871
1717 	 4.482972145080566
1718 	 4.384187698364258
1719 	 4.448491096496582
1720 	 4.507652282714844
1721 	 4.46461820602417
1722 	 4.407645225524902
1723 	 4.389847755432129
1724 	 4.537226676940918
1725 	 4.390135765075684
1726 	 4.452277183532715
1727 	 4.450349807739258
1728 	 4.40631103515625
1729 	 4.4460225105285645
1730 	 4.476387977600098
1731 	 4.4015703201293945
1732 	 4.515710353851318
1733 	 4.466832637786865
1734 	 4.4043145179748535
1735 	 4.449304103851318
1736 	 4.483709812164307
1737 	 4.503765106201172
1738 	 4.40486478805542
1739 	 4.455235481262207
1740 	 4.533272743225098
1741 	 4.555043697357178
1742 	 4.540768623352051
1743 	 4.498722553253174
1744 	 4.607734680175781
1745 	 4.5152997970581055
1746 	 4.539942741394043
1747 	 4.376276969909668
1748 	 4.458253383636475
1749 	 4.435397148132324
