Tiempo	Replica	Distancia_Global	CYS1	TRP4	Distancia_Global_Smooth	CYS1_Smooth	TRP4_Smooth
0.000	R3	11.497	19.662	19.314	13.872	18.115	21.280
0.040	R3	15.999	21.678	23.039	13.854	18.482	20.953
0.080	R3	17.971	23.194	24.637	14.039	18.960	21.098
0.120	R3	15.147	15.954	22.166	14.540	19.286	21.090
0.160	R3	15.066	18.069	22.863	14.678	19.366	21.159
0.200	R3	16.580	16.580	22.974	14.618	19.246	20.993
0.240	R3	13.553	17.055	21.955	14.514	19.050	20.828
0.280	R3	11.753	15.431	19.560	14.328	18.820	20.624
0.320	R3	9.497	13.496	18.207	14.176	18.553	20.541
0.360	R3	11.653	20.037	18.088	14.134	18.291	20.549
0.400	R3	13.680	22.148	17.679	14.072	18.082	20.520
0.440	R3	16.076	24.211	22.692	14.130	17.822	20.584
0.480	R3	20.546	23.208	20.993	14.057	17.539	20.462
0.520	R3	16.470	20.400	22.066	13.789	17.087	20.332
0.560	R3	13.782	17.572	18.660	13.802	17.194	20.396
0.600	R3	12.958	16.102	18.352	13.909	17.151	20.466
0.640	R3	11.345	15.153	17.371	13.926	17.742	20.163
0.680	R3	11.587	14.007	19.122	14.089	17.743	20.255
0.720	R3	13.395	13.580	20.698	14.401	17.870	20.510
0.760	R3	12.890	14.097	19.969	14.750	18.133	20.707
0.800	R3	12.655	14.477	20.587	14.981	18.051	20.828
0.840	R3	14.537	16.006	20.590	15.232	18.138	21.140
0.880	R3	12.608	14.164	22.054	15.215	18.151	20.792
0.920	R3	15.405	18.096	23.443	15.089	18.078	21.091
0.960	R3	17.203	17.203	24.250	15.041	17.857	21.166
1.000	R3	16.930	28.406	16.930	15.251	17.877	21.482
1.040	R3	16.818	17.064	23.792	15.461	17.929	21.830
1.080	R3	17.979	17.979	24.652	15.787	18.065	22.253
1.120	R3	16.483	18.748	22.152	16.115	18.272	22.686
1.160	R3	16.280	18.406	20.500	16.230	18.952	22.436
1.200	R3	18.696	23.873	23.925	16.238	19.443	22.090
1.240	R3	15.733	24.484	15.733	16.568	19.682	22.395
1.280	R3	18.031	21.750	26.970	16.549	20.234	22.074
1.320	R3	15.511	15.966	23.562	16.578	20.739	21.631
1.360	R3	17.974	17.974	24.981	16.464	21.095	21.114
1.400	R3	17.148	17.148	25.318	16.617	21.256	21.292
1.440	R3	17.878	17.878	25.836	16.850	21.119	21.735
1.480	R3	18.135	18.135	27.776	17.134	21.528	21.788
1.520	R3	15.698	27.176	15.698	17.213	22.009	21.798
1.560	R3	13.058	23.931	13.058	17.343	22.493	21.774
1.600	R3	19.258	19.258	26.688	17.486	22.990	21.790
1.640	R3	14.158	27.040	14.158	17.402	23.083	21.444
1.680	R3	13.188	24.255	13.188	17.330	23.132	21.372
1.720	R3	13.122	25.220	13.122	17.325	23.396	20.920
1.760	R3	20.263	20.430	27.793	17.359	23.710	20.552
1.800	R3	21.595	25.658	25.807	17.399	23.749	20.305
1.840	R3	22.484	25.241	24.837	17.312	23.715	19.809
1.880	R3	19.568	27.610	24.852	17.091	23.495	19.287
1.920	R3	19.072	28.428	21.688	16.785	23.268	18.499
1.960	R3	19.152	28.351	20.805	16.504	22.673	18.218
2.000	R3	17.017	25.729	17.017	16.528	22.549	18.242
2.040	R3	14.293	25.462	14.293	16.253	22.808	17.596
2.080	R3	17.918	27.029	17.918	16.246	22.550	17.589
2.120	R3	16.209	22.239	16.209	16.485	22.561	17.828
2.160	R3	18.757	18.757	20.037	16.603	22.253	17.945
2.200	R3	15.408	16.474	15.408	16.239	22.232	17.205
2.240	R3	13.472	13.472	15.398	15.746	21.891	16.502
2.280	R3	12.003	13.592	12.003	15.200	21.716	15.838
2.320	R3	10.093	15.274	10.093	14.921	21.613	15.295
2.360	R3	13.537	21.464	13.537	14.585	21.245	14.828
2.400	R3	13.758	24.438	13.758	14.207	20.924	14.367
2.440	R3	14.015	21.876	14.015	13.937	20.751	14.098
2.480	R3	17.968	24.479	17.968	13.976	20.590	14.137
2.520	R3	15.472	19.047	15.472	13.822	20.109	13.982
2.560	R3	12.994	20.014	12.994	13.779	19.975	13.939
2.600	R3	11.738	18.838	11.738	13.704	19.957	13.800
2.640	R3	11.558	21.742	11.558	13.768	19.967	14.171
2.680	R3	13.993	25.548	13.993	13.918	20.273	14.538
2.720	R3	12.339	21.067	12.339	14.280	20.681	15.174
2.760	R3	11.592	21.947	11.592	14.814	20.957	15.817
2.800	R3	11.632	22.255	11.632	15.019	20.765	16.113
2.840	R3	15.070	22.249	15.070	15.078	20.307	16.495
2.880	R3	14.826	17.412	14.826	15.106	19.941	16.874
2.920	R3	15.360	19.560	15.360	14.984	19.494	17.203
2.960	R3	17.250	18.382	17.250	15.009	19.340	17.605
3.000	R3	16.685	16.685	22.816	15.065	19.077	18.033
3.040	R3	16.475	19.581	22.747	15.285	19.011	18.582
3.080	R3	19.244	21.766	24.716	15.561	18.777	19.298
3.120	R3	20.782	20.782	22.960	15.679	18.318	19.852
3.160	R3	17.631	17.631	19.456	15.785	17.987	20.416
3.200	R3	14.945	15.282	21.391	15.941	17.626	20.984
3.240	R3	14.557	14.557	21.595	16.002	17.155	21.470
3.280	R3	15.544	15.544	24.562	15.809	16.603	21.571
3.320	R3	15.964	15.964	23.497	15.580	16.246	21.703
3.360	R3	14.108	14.756	21.560	15.390	15.845	21.756
3.400	R3	16.148	17.506	22.727	15.126	15.524	21.708
3.440	R3	17.073	17.073	25.875	14.988	15.417	21.264
3.480	R3	16.358	16.358	25.077	14.987	15.482	20.948
3.520	R3	14.451	14.451	23.609	14.967	15.388	20.680
3.560	R3	14.721	14.721	22.951	14.906	15.343	20.513
3.600	R3	12.847	12.847	21.356	14.598	15.510	20.114
3.640	R3	11.203	11.203	17.090	14.440	15.882	19.634
3.680	R3	10.261	10.261	17.460	14.396	16.078	19.238
3.720	R3	11.559	11.559	16.428	14.232	16.073	18.623
3.760	R3	11.960	11.960	16.283	14.005	15.845	18.281
3.800	R3	13.935	14.540	13.935	13.914	15.722	17.992
3.840	R3	16.439	20.870	16.439	13.811	15.696	17.560
3.880	R3	18.856	19.903	19.343	13.724	15.752	17.195
3.920	R3	19.556	19.878	19.632	14.010	16.401	17.046
3.960	R3	11.479	20.968	11.479	14.188	16.584	16.769
4.000	R3	11.785	22.713	11.785	14.597	17.180	16.767
4.040	R3	13.666	18.481	13.666	14.964	17.944	16.708
4.080	R3	12.268	15.441	12.268	15.546	18.647	16.996
4.120	R3	11.419	11.419	16.662	16.104	19.431	17.194
4.160	R3	12.294	12.294	15.770	16.536	20.018	17.382
4.200	R3	14.089	16.976	14.089	17.152	20.674	17.782
4.240	R3	15.325	18.192	18.581	17.281	21.035	18.106
4.280	R3	22.094	29.333	22.094	17.235	20.896	18.283
4.320	R3	17.999	18.121	18.062	17.030	20.769	18.302
4.360	R3	22.911	26.634	22.911	16.796	20.670	18.367
4.400	R3	20.180	28.132	20.180	17.055	20.476	18.670
4.440	R3	22.845	25.271	22.845	17.123	20.311	18.870
4.480	R3	21.423	25.924	21.423	17.027	20.441	18.774
4.520	R3	20.188	23.301	20.188	17.183	20.753	19.071
4.560	R3	24.278	25.096	24.278	17.337	21.255	19.179
4.600	R3	16.532	21.753	20.423	17.795	21.712	19.520
4.640	R3	15.508	18.088	19.982	18.099	21.872	19.829
4.680	R3	14.752	17.354	19.714	18.329	21.982	19.896
4.720	R3	14.884	17.903	20.931	18.128	21.477	19.695
4.760	R3	16.663	17.099	17.550	17.937	21.280	19.733
4.800	R3	13.135	19.401	15.782	17.557	20.738	19.353
4.840	R3	11.753	21.092	11.753	17.383	20.205	19.179
4.880	R3	15.380	21.684	18.192	17.045	19.759	18.841
4.920	R3	14.512	21.446	18.829	16.758	19.247	18.575
4.960	R3	21.441	21.441	22.585	16.504	18.940	18.321
5.000	R3	20.181	20.181	20.275	15.984	18.688	17.801
5.040	R3	19.917	20.382	19.917	15.711	18.583	17.333
5.080	R3	18.080	19.234	18.080	15.468	18.852	16.866
5.120	R3	14.174	14.174	18.823	15.430	18.943	16.580
5.160	R3	15.317	15.813	15.317	15.471	19.310	16.465
5.200	R3	16.690	17.471	16.690	15.393	19.671	16.494
5.240	R3	16.081	16.333	16.081	15.529	19.891	16.669
5.280	R3	15.702	15.702	16.114	15.847	20.187	17.192
5.320	R3	15.100	17.154	15.100	16.020	20.273	17.468
5.360	R3	13.875	20.057	13.875	16.245	20.453	17.748
5.400	R3	11.066	19.647	11.066	16.129	20.572	17.891
5.440	R3	10.652	23.465	10.652	15.917	20.619	17.964
5.480	R3	13.990	19.188	13.990	15.797	20.611	18.097
5.520	R3	15.716	25.241	18.630	15.851	20.609	18.450
5.560	R3	15.104	24.313	18.129	16.065	20.822	18.749
5.600	R3	15.854	23.793	19.288	16.139	20.871	19.048
5.640	R3	18.114	27.028	22.208	16.112	20.805	19.344
5.680	R3	18.825	23.401	23.709	16.271	20.952	19.756
5.720	R3	19.023	25.039	24.437	16.445	21.126	20.192
5.760	R3	19.117	23.816	25.438	16.574	21.162	20.639
5.800	R3	15.945	21.132	21.737	16.526	20.805	21.006
5.840	R3	17.505	20.229	22.571	16.596	20.446	21.355
5.880	R3	19.179	19.179	25.141	16.820	20.029	22.003
5.920	R3	18.436	18.436	24.807	17.141	20.090	22.484
5.960	R3	16.802	16.802	21.301	17.406	19.956	22.738
6.000	R3	16.153	16.153	22.613	17.684	19.924	23.004
6.040	R3	19.267	19.267	24.313	17.737	19.581	23.114
6.080	R3	19.184	19.184	24.825	17.747	19.145	23.182
6.120	R3	17.677	17.870	24.052	17.702	18.872	23.059
6.160	R3	12.918	12.918	21.214	17.557	18.641	22.817
6.200	R3	12.462	12.462	18.041	17.354	18.647	22.316
6.240	R3	15.121	15.121	23.611	17.138	18.551	21.929
6.280	R3	20.411	20.411	23.612	16.701	18.215	21.313
6.320	R3	21.026	22.571	23.706	16.108	17.841	20.506
6.360	R3	20.657	23.675	23.456	15.620	17.729	19.834
6.400	R3	16.917	16.917	21.484	15.162	17.763	19.337
6.440	R3	18.313	18.313	23.575	14.662	17.701	18.709
6.480	R3	17.935	17.935	21.241	14.040	17.574	17.988
6.520	R3	16.119	20.430	19.606	13.623	17.668	17.360
6.560	R3	15.051	23.941	15.408	13.216	17.823	16.765
6.600	R3	11.620	19.201	13.999	13.146	18.232	16.364
6.640	R3	8.772	13.521	10.260	13.058	18.668	16.025
6.680	R3	7.317	11.685	8.998	12.757	18.844	15.300
6.720	R3	8.685	16.204	11.364	12.129	18.675	14.621
6.760	R3	7.645	17.481	11.367	11.666	18.641	14.209
6.800	R3	6.135	14.910	10.045	11.124	18.495	13.669
6.840	R3	6.828	16.739	9.895	10.723	18.563	13.226
6.880	R3	10.853	21.045	12.274	10.260	18.286	12.693
6.920	R3	9.528	20.971	12.136	9.900	18.085	12.379
6.960	R3	11.526	21.098	13.208	9.651	17.936	12.084
7.000	R3	10.700	21.182	11.260	9.471	17.561	12.008
7.040	R3	9.097	18.651	9.097	9.316	17.470	11.734
7.080	R3	7.864	17.028	10.048	9.276	17.647	11.619
7.120	R3	11.766	21.896	15.452	9.271	17.881	11.531
7.160	R3	9.817	20.743	12.654	9.099	17.735	11.225
7.200	R3	8.885	18.287	12.632	8.846	17.561	10.786
7.240	R3	9.048	12.763	12.909	8.661	17.448	10.405
7.280	R3	10.749	13.927	14.973	8.448	17.323	10.038
7.320	R3	11.135	17.443	13.704	8.031	16.869	9.551
7.360	R3	11.445	16.453	13.883	7.681	16.515	9.071
7.400	R3	8.523	17.367	8.523	7.225	16.142	8.530
7.440	R3	7.969	17.068	7.969	6.816	15.631	8.093
7.480	R3	7.224	16.361	7.224	6.478	15.370	7.755
7.520	R3	5.247	13.286	5.247	6.208	15.032	7.376
7.560	R3	2.590	14.003	2.590	5.743	14.333	6.727
7.600	R3	2.428	12.639	2.428	5.421	13.766	6.263
7.640	R3	2.559	14.253	2.559	5.112	13.379	5.767
7.680	R3	2.516	11.952	2.516	4.794	13.279	5.256
7.720	R3	2.535	13.894	2.535	4.396	13.068	4.646
7.760	R3	2.403	13.647	2.403	3.969	12.665	4.091
7.800	R3	2.513	10.967	2.513	3.540	12.337	3.540
7.840	R3	2.346	13.418	2.346	3.258	11.766	3.258
7.880	R3	2.460	10.280	2.460	2.992	11.225	2.992
7.920	R3	2.468	7.910	2.468	2.772	10.684	2.772
7.960	R3	3.385	9.405	3.385	2.658	10.283	2.658
8.000	R3	2.699	10.536	2.699	2.656	9.852	2.656
8.040	R3	2.695	10.763	2.695	2.670	9.492	2.670
8.080	R3	2.772	9.706	2.772	2.686	9.008	2.686
8.120	R3	2.611	9.383	2.611	2.706	8.649	2.706
8.160	R3	2.862	9.895	2.862	2.718	8.196	2.718
8.200	R3	2.869	5.954	2.869	2.742	7.901	2.742
8.240	R3	2.654	6.241	2.654	2.770	7.635	2.770
8.280	R3	2.834	5.550	2.834	2.802	7.266	2.802
8.320	R3	2.952	5.255	2.952	2.806	7.076	2.806
8.360	R3	2.549	5.387	2.549	2.819	6.985	2.819
8.400	R3	2.712	5.449	2.712	2.792	6.771	2.792
8.440	R3	2.877	4.574	2.877	2.795	6.496	2.795
8.480	R3	2.913	4.767	2.913	2.798	6.404	2.798
8.520	R3	2.794	4.838	2.794	2.791	6.312	2.791
8.560	R3	2.864	7.747	2.864	2.790	6.223	2.790
8.600	R3	3.082	5.641	3.082	2.779	5.967	2.779
8.640	R3	2.993	6.043	2.993	2.777	6.006	2.777
8.680	R3	2.533	6.468	2.533	2.775	6.031	2.775
8.720	R3	2.738	6.095	2.738	2.769	6.060	2.769
8.760	R3	2.839	5.120	2.839	2.769	6.134	2.769
8.800	R3	2.746	5.053	2.746	2.775	6.204	2.775
8.840	R3	2.767	8.911	2.767	2.772	6.331	2.772
8.880	R3	2.632	7.872	2.632	2.771	6.417	2.771
8.920	R3	2.592	7.601	2.592	2.759	6.586	2.759
8.960	R3	2.629	4.781	2.629	2.762	6.781	2.762
9.000	R3	2.835	6.737	2.835	2.742	6.704	2.742
9.040	R3	2.614	6.737	2.614	2.716	6.713	2.716
9.080	R3	2.713	6.120	2.713	2.696	6.601	2.696
9.120	R3	2.950	6.747	2.950	2.710	6.434	2.710
9.160	R3	2.682	6.778	2.682	2.718	6.276	2.718
9.200	R3	2.637	7.996	2.637	2.687	6.131	2.715
9.240	R3	2.871	6.283	2.871	2.664	5.993	2.701
9.280	R3	2.663	8.163	2.663	2.662	5.683	2.702
9.320	R3	2.851	8.729	2.851	2.647	5.406	2.703
9.360	R3	2.466	6.207	2.466	2.625	5.133	2.710
9.400	R3	2.576	5.824	2.576	2.609	5.010	2.713
9.440	R3	2.578	3.804	2.578	2.607	4.830	2.711
9.480	R3	2.824	3.121	2.824	2.579	4.596	2.721
9.520	R3	2.894	2.932	2.894	2.560	4.406	2.715
9.560	R3	2.226	2.226	2.777	2.548	4.204	2.703
9.600	R3	2.284	2.284	2.467	2.550	4.050	2.705
9.640	R3	2.717	2.717	2.785	2.536	3.768	2.704
9.680	R3	2.333	2.333	2.660	2.530	3.598	2.698
9.720	R3	2.148	2.148	2.722	2.527	3.324	2.695
9.760	R3	2.315	2.315	2.685	2.511	3.015	2.682
9.800	R3	2.806	3.139	2.806	2.535	2.921	2.705
9.840	R3	2.045	2.045	2.808	2.546	2.774	2.716
9.880	R3	2.327	2.327	2.589	2.536	2.704	2.722
9.920	R3	2.718	2.718	2.720	2.529	2.695	2.714
9.960	R3	2.729	3.686	2.729	2.522	2.706	2.707
10.000	R3	2.350	2.350	2.614	2.517	2.700	2.702
10.040	R3	2.742	2.897	2.742	2.545	2.798	2.722
10.080	R3	2.604	2.678	2.604	2.552	2.908	2.726
10.120	R3	2.545	2.545	2.587	2.569	2.991	2.726
10.160	R3	2.933	4.333	2.933	2.594	3.079	2.723
10.200	R3	2.792	2.891	2.792	2.610	3.331	2.720
10.240	R3	2.395	2.395	2.697	2.607	3.557	2.717
10.280	R3	2.678	2.948	2.678	2.648	3.836	2.720
10.320	R3	2.748	3.137	2.748	2.670	3.857	2.792
10.360	R3	2.121	2.121	2.682	2.663	3.850	2.811
10.400	R3	2.863	4.240	2.863	2.629	3.769	2.820
10.440	R3	2.853	4.916	2.853	2.639	3.783	2.817
10.480	R3	2.671	3.983	2.671	2.595	3.730	2.809
10.520	R3	2.654	3.918	2.654	2.575	3.707	2.837
10.560	R3	2.634	7.358	2.634	2.581	3.713	2.845
10.600	R3	2.736	7.660	2.736	2.583	3.645	2.852
10.640	R3	2.867	7.613	2.867	2.570	3.627	2.866
10.680	R3	2.759	2.759	4.040	2.573	3.630	2.871
10.720	R3	2.579	2.579	3.089	2.539	3.582	2.878
10.760	R3	2.052	2.052	2.909	2.526	3.550	2.891
10.800	R3	2.557	2.628	2.557	2.551	3.575	2.915
10.840	R3	1.851	1.851	2.585	2.543	3.498	2.923
10.880	R3	2.213	2.213	3.174	2.538	3.391	2.967
10.920	R3	2.665	2.665	2.740	2.532	3.318	2.984
10.960	R3	2.968	2.968	3.081	2.530	3.253	3.003
11.000	R3	2.528	2.528	3.072	2.532	3.019	3.045
11.040	R3	2.457	2.457	2.777	2.527	2.768	3.076
11.080	R3	1.996	1.996	2.820	2.506	2.509	3.083
11.120	R3	2.491	2.491	3.006	2.472	2.475	3.015
11.160	R3	2.618	2.618	3.176	2.469	2.472	2.998
11.200	R3	2.702	2.702	3.026	2.495	2.498	3.015
11.240	R3	2.772	2.772	3.719	2.504	2.625	3.025
11.280	R3	2.533	2.533	3.018	2.552	2.775	3.036
11.320	R3	2.617	2.617	3.042	2.537	2.760	3.027
11.360	R3	2.682	2.682	3.468	2.541	2.929	3.027
11.400	R3	2.639	2.639	3.359	2.535	3.060	3.015
11.440	R3	2.439	2.439	2.993	2.538	3.207	2.991
11.480	R3	2.075	2.075	2.684	2.549	3.334	2.986
11.520	R3	2.518	2.518	2.755	2.581	3.379	2.977
11.560	R3	2.576	2.576	3.251	2.577	3.376	2.960
11.600	R3	2.746	5.171	2.746	2.575	3.373	2.947
11.640	R3	2.813	4.842	2.813	2.571	3.370	2.943
11.680	R3	1.905	1.905	2.988	2.569	3.373	2.893
11.720	R3	2.750	6.044	2.750	2.572	3.377	2.886
11.760	R3	2.844	5.604	2.844	2.555	3.359	2.876
11.800	R3	2.587	5.462	2.587	2.549	3.354	2.846
11.840	R3	2.670	4.996	2.670	2.548	3.353	2.815
11.880	R3	2.640	2.895	2.640	2.547	3.352	2.799
11.920	R3	2.425	2.425	2.681	2.553	3.358	2.796
11.960	R3	2.566	2.566	2.912	2.535	3.339	2.800
12.000	R3	2.633	2.633	2.947	2.509	3.314	2.766
12.040	R3	2.720	2.842	2.720	2.497	3.200	2.753
12.080	R3	2.604	2.604	2.867	2.487	3.089	2.747
12.120	R3	2.267	2.267	2.849	2.516	3.118	2.740
12.160	R3	2.568	2.568	2.856	2.512	2.955	2.736
12.200	R3	2.626	2.626	2.754	2.496	2.801	2.730
12.240	R3	2.415	2.415	2.670	2.480	2.641	2.730
12.280	R3	2.196	2.196	2.614	2.472	2.517	2.736
12.320	R3	2.149	2.149	2.846	2.455	2.487	2.749
12.360	R3	2.059	2.059	2.558	2.465	2.503	2.746
12.400	R3	2.494	2.903	2.494	2.465	2.503	2.732
12.440	R3	2.626	2.626	2.698	2.458	2.497	2.715
12.480	R3	2.476	2.476	2.844	2.449	2.482	2.710
12.520	R3	2.665	2.789	2.665	2.420	2.453	2.708
12.560	R3	2.524	2.524	2.723	2.413	2.446	2.713
12.600	R3	2.269	2.269	2.599	2.414	2.448	2.699
12.640	R3	2.510	2.510	2.774	2.417	2.451	2.697
12.680	R3	2.297	2.297	2.912	2.409	2.443	2.693
12.720	R3	2.625	2.740	2.625	2.430	2.464	2.701
12.760	R3	2.573	2.573	2.632	2.453	2.488	2.689
12.800	R3	2.504	2.504	2.606	2.485	2.524	2.696
12.840	R3	2.536	2.536	2.604	2.489	2.508	2.712
12.880	R3	2.024	2.024	2.846	2.491	2.510	2.713
12.920	R3	2.128	2.128	2.941	2.498	2.518	2.704
12.960	R3	2.582	2.611	2.582	2.462	2.475	2.708
13.000	R3	2.680	2.680	2.704	2.467	2.480	2.715
13.040	R3	2.257	2.257	2.600	2.466	2.479	2.730
13.080	R3	2.622	2.622	2.766	2.467	2.480	2.734
13.120	R3	2.612	2.627	2.612	2.468	2.481	2.725
13.160	R3	2.693	2.791	2.693	2.461	2.468	2.731
13.200	R3	2.577	2.577	2.820	2.427	2.434	2.736
13.240	R3	2.664	2.664	2.709	2.442	2.462	2.746
13.280	R3	2.628	2.628	2.659	2.447	2.473	2.748
13.320	R3	1.937	1.937	2.759	2.466	2.500	2.726
13.360	R3	2.632	2.632	2.864	2.487	2.521	2.719
13.400	R3	2.248	2.248	2.895	2.489	2.521	2.734
13.440	R3	2.519	2.519	2.843	2.482	2.514	2.730
13.480	R3	2.325	2.325	2.737	2.501	2.533	2.738
13.520	R3	2.479	2.479	2.750	2.498	2.536	2.727
13.560	R3	1.897	1.897	2.737	2.474	2.512	2.738
13.600	R3	2.792	3.064	2.792	2.458	2.490	2.740
13.640	R3	2.643	2.743	2.643	2.433	2.465	2.744
13.680	R3	2.413	2.568	2.413	2.430	2.472	2.739
13.720	R3	2.549	2.549	2.796	2.442	2.484	2.751
13.760	R3	2.608	2.608	2.890	2.453	2.495	2.755
13.800	R3	2.553	2.553	2.631	2.420	2.462	2.762
13.840	R3	2.631	2.631	2.753	2.437	2.479	2.750
13.880	R3	2.552	2.677	2.552	2.410	2.452	2.741
13.920	R3	2.148	2.148	2.832	2.419	2.461	2.741
13.960	R3	2.363	2.363	2.732	2.401	2.442	2.736
14.000	R3	2.072	2.072	2.891	2.441	2.495	2.734
14.040	R3	2.615	2.801	2.615	2.428	2.469	2.729
14.080	R3	2.872	2.872	2.890	2.419	2.455	2.736
14.120	R3	2.157	2.157	2.837	2.441	2.472	2.758
14.160	R3	1.969	1.969	3.005	2.417	2.447	2.740
14.200	R3	2.591	2.591	2.652	2.427	2.461	2.736
14.240	R3	1.966	1.966	2.674	2.430	2.464	2.740
14.280	R3	2.516	2.516	2.731	2.428	2.462	2.737
14.320	R3	2.105	2.105	2.659	2.427	2.455	2.751
14.360	R3	2.696	2.949	2.696	2.457	2.488	2.747
14.400	R3	2.535	2.535	2.684	2.475	2.507	2.747
14.440	R3	2.467	2.467	2.781	2.478	2.510	2.738
14.480	R3	2.860	2.902	2.860	2.476	2.507	2.736
14.520	R3	2.067	2.067	2.436	2.461	2.491	2.729
14.560	R3	2.807	2.882	2.807	2.481	2.512	2.724
14.600	R3	2.609	2.609	2.701	2.501	2.531	2.707
14.640	R3	2.587	2.587	2.707	2.484	2.515	2.714
14.680	R3	2.536	2.536	2.824	2.513	2.550	2.707
14.720	R3	2.747	2.807	2.747	2.499	2.536	2.701
14.760	R3	2.731	2.758	2.731	2.522	2.559	2.710
14.800	R3	2.121	2.121	2.714	2.522	2.546	2.720
14.840	R3	2.586	2.742	2.586	2.516	2.540	2.723
14.880	R3	2.558	2.558	2.748	2.519	2.543	2.718
14.920	R3	2.566	2.566	2.737	2.512	2.551	2.711
14.960	R3	2.362	2.362	2.670	2.538	2.578	2.720
15.000	R3	2.261	2.261	2.777	2.527	2.574	2.709
15.040	R3	2.541	2.662	2.541	2.534	2.588	2.711
15.080	R3	2.243	2.243	2.613	2.510	2.565	2.713
15.120	R3	2.559	2.559	2.840	2.511	2.566	2.710
15.160	R3	2.703	2.703	2.890	2.468	2.519	2.697
15.200	R3	2.416	2.416	2.756	2.437	2.487	2.686
15.240	R3	2.513	2.513	2.679	2.436	2.486	2.684
15.280	R3	2.720	3.068	2.720	2.436	2.479	2.692
15.320	R3	2.604	2.604	2.610	2.439	2.488	2.684
15.360	R3	2.583	2.812	2.583	2.445	2.499	2.682
15.400	R3	2.740	2.887	2.740	2.431	2.486	2.687
15.440	R3	2.117	2.117	2.743	2.439	2.493	2.687
15.480	R3	2.550	2.550	2.773	2.421	2.469	2.697
15.520	R3	1.886	1.886	2.478	2.432	2.480	2.698
15.560	R3	2.111	2.111	2.517	2.429	2.477	2.702
15.600	R3	2.098	2.098	2.686	2.406	2.454	2.687
15.640	R3	2.595	2.595	2.728	2.416	2.464	2.687
15.680	R3	2.607	2.752	2.607	2.416	2.464	2.695
15.720	R3	2.690	2.780	2.690	2.382	2.413	2.690
15.760	R3	2.093	2.093	2.766	2.389	2.419	2.699
15.800	R3	2.415	2.415	2.778	2.377	2.396	2.705
15.840	R3	2.186	2.186	2.731	2.368	2.392	2.696
15.880	R3	2.455	2.455	2.638	2.370	2.393	2.688
15.920	R3	2.494	2.494	2.930	2.374	2.398	2.681
15.960	R3	2.240	2.240	2.588	2.411	2.434	2.694
16.000	R3	2.628	2.628	2.751	2.439	2.462	2.704
16.040	R3	2.510	2.510	2.843	2.435	2.458	2.703
16.080	R3	2.044	2.044	2.616	2.434	2.457	2.707
16.120	R3	2.734	2.734	2.800	2.419	2.436	2.701
16.160	R3	2.352	2.352	2.705	2.409	2.430	2.690
16.200	R3	2.558	2.792	2.558	2.431	2.453	2.696
16.240	R3	2.150	2.150	2.577	2.438	2.480	2.685
16.280	R3	2.639	2.639	2.639	2.467	2.517	2.686
16.320	R3	2.616	2.616	2.725	2.442	2.492	2.693
16.360	R3	2.674	2.674	2.714	2.419	2.469	2.683
16.400	R3	2.016	2.016	2.675	2.433	2.484	2.698
16.440	R3	2.576	2.576	2.807	2.435	2.485	2.699
16.480	R3	2.316	2.316	2.478	2.438	2.489	2.686
16.520	R3	2.481	2.675	2.481	2.458	2.508	2.687
16.560	R3	2.544	2.544	2.891	2.458	2.508	2.683
16.600	R3	2.551	2.969	2.551	2.470	2.576	2.678
16.640	R3	2.762	2.925	2.762	2.470	2.628	2.678
16.680	R3	1.951	1.951	2.762	2.497	2.656	2.683
16.720	R3	2.039	2.039	2.729	2.500	2.669	2.687
16.760	R3	2.524	2.524	2.885	2.509	2.693	2.690
16.800	R3	2.662	2.662	2.780	2.478	2.661	2.687
16.840	R3	2.572	2.572	2.585	2.505	2.688	2.686
16.880	R3	2.441	2.441	2.624	2.518	2.795	2.688
16.920	R3	2.731	2.732	2.731	2.524	2.910	2.686
16.960	R3	2.598	3.699	2.598	2.522	2.898	2.692
17.000	R3	2.560	3.832	2.560	2.488	2.865	2.685
17.040	R3	2.679	2.724	2.679	2.493	2.849	2.690
17.080	R3	2.713	2.899	2.713	2.495	2.857	2.692
17.120	R3	2.796	3.083	2.796	2.525	2.926	2.681
17.160	R3	2.042	2.042	2.661	2.553	2.994	2.675
17.200	R3	2.554	2.554	2.646	2.566	3.027	2.669
17.240	R3	2.845	4.712	2.845	2.562	3.054	2.660
17.280	R3	2.440	4.630	2.440	2.566	3.058	2.668
17.320	R3	2.431	2.431	2.602	2.582	3.173	2.674
17.360	R3	1.875	1.875	2.742	2.581	3.302	2.674
17.400	R3	2.649	2.654	2.649	2.593	3.332	2.686
17.440	R3	2.803	3.081	2.803	2.597	3.297	2.690
17.480	R3	2.548	3.344	2.548	2.601	3.359	2.694
17.520	R3	2.601	3.397	2.601	2.599	3.347	2.694
17.560	R3	2.777	3.184	2.777	2.602	3.337	2.696
17.600	R3	2.590	3.202	2.590	2.635	3.409	2.699
17.640	R3	2.645	2.645	2.752	2.647	3.427	2.706
17.680	R3	2.754	4.739	2.754	2.620	3.306	2.701
17.720	R3	2.714	5.317	2.714	2.631	3.251	2.712
17.760	R3	2.839	4.296	2.839	2.640	3.294	2.713
17.800	R3	2.649	3.124	2.649	2.666	3.320	2.704
17.840	R3	2.756	3.964	2.756	2.674	3.364	2.711
17.880	R3	2.676	2.676	2.713	2.643	3.319	2.708
17.920	R3	2.845	2.870	2.845	2.638	3.274	2.712
17.960	R3	2.714	3.491	2.714	2.641	3.255	2.715
18.000	R3	2.787	2.902	2.787	2.614	3.208	2.716
18.040	R3	2.297	2.297	2.740	2.610	3.173	2.726
18.080	R3	2.668	3.535	2.668	2.614	3.189	2.725
18.120	R3	2.608	3.282	2.608	2.611	3.113	2.721
18.160	R3	2.408	2.408	2.568	2.605	3.010	2.716
18.200	R3	2.802	3.531	2.802	2.592	2.969	2.703
18.240	R3	2.180	2.180	2.732	2.600	2.975	2.711
18.280	R3	2.446	2.446	2.624	2.603	2.982	2.714
18.320	R3	2.673	3.020	2.673	2.594	3.054	2.703
18.360	R3	2.234	2.234	2.790	2.591	3.160	2.700
18.400	R3	2.497	2.497	2.789	2.604	3.229	2.713
18.440	R3	2.724	2.962	2.724	2.594	3.312	2.703
18.480	R3	2.692	3.227	2.692	2.602	3.366	2.689
18.520	R3	2.611	3.261	2.611	2.609	3.330	2.697
18.560	R3	2.564	3.478	2.564	2.612	3.305	2.699
18.600	R3	2.821	3.229	2.821	2.644	3.337	2.723
18.640	R3	2.806	4.120	2.806	2.637	3.335	2.716
18.680	R3	2.506	4.100	2.506	2.675	3.497	2.726
18.720	R3	2.787	4.995	2.787	2.688	3.616	2.731
18.760	R3	2.967	4.883	2.967	2.689	3.624	2.732
18.800	R3	2.593	4.548	2.593	2.704	3.800	2.719
18.840	R3	2.462	3.391	2.462	2.721	3.818	2.866
18.880	R3	2.806	2.806	2.814	2.726	3.959	2.871
18.920	R3	2.658	2.777	2.658	2.730	4.083	2.875
18.960	R3	3.048	3.050	3.048	2.740	4.175	2.885
19.000	R3	2.659	3.499	2.659	2.751	4.268	2.896
19.040	R3	2.938	5.417	2.938	2.739	4.423	2.884
19.080	R3	2.718	4.815	2.718	2.727	4.492	2.871
19.120	R3	2.689	3.191	2.689	2.736	4.531	2.881
19.160	R3	2.525	5.761	2.525	2.723	4.529	2.868
19.200	R3	2.849	2.849	5.736	2.685	4.395	2.982
19.240	R3	2.826	5.783	2.826	2.694	4.437	2.991
19.280	R3	2.761	5.709	2.761	2.714	4.537	3.011
19.320	R3	2.818	5.091	2.818	2.712	4.695	3.008
19.360	R3	2.777	5.341	2.777	2.723	4.884	3.019
19.400	R3	2.593	6.325	2.593	2.709	5.025	3.005
19.440	R3	2.550	5.512	2.550	2.715	5.077	3.011
19.480	R3	2.704	4.882	2.704	2.693	5.023	2.989
19.520	R3	2.525	4.951	2.525	2.702	4.961	2.998
19.560	R3	2.205	2.205	5.241	2.698	5.040	2.994
19.600	R3	2.774	5.388	2.774	2.695	4.875	3.054
19.640	R3	2.859	5.381	2.859	2.681	4.861	2.986
19.680	R3	2.762	5.973	2.762	2.671	4.703	3.016
19.720	R3	2.875	6.554	2.875	2.636	4.521	3.048
19.760	R3	2.772	5.879	2.772	2.627	4.398	3.059
19.800	R3	2.778	4.526	2.778	2.607	4.250	3.050
19.840	R3	2.507	4.348	2.507	2.603	4.060	3.067
19.880	R3	2.893	3.574	2.893	2.616	3.924	3.083
19.920	R3	2.612	4.771	2.612	2.596	3.819	3.063
19.960	R3	2.452	2.452	3.720	2.617	3.718	3.107
20.000	R3	2.569	2.569	4.374	2.616	3.717	3.009
20.040	R3	2.634	2.634	3.419	2.613	3.594	3.006
20.080	R3	2.068	2.068	3.415	2.596	3.451	2.997
20.120	R3	2.630	2.630	3.035	2.601	3.295	3.003
20.160	R3	2.376	2.376	2.590	2.589	3.099	3.003
20.200	R3	2.521	2.521	2.932	2.576	2.931	3.020
20.240	R3	2.801	2.801	2.869	2.545	2.812	3.051
20.280	R3	2.315	2.771	2.315	2.538	2.714	3.092
20.320	R3	2.941	2.941	3.392	2.511	2.653	3.090
20.360	R3	2.186	2.186	3.291	2.494	2.527	3.133
20.400	R3	2.706	2.921	2.706	2.497	2.531	3.118
20.440	R3	2.529	2.529	2.692	2.503	2.537	3.037
20.480	R3	2.849	2.849	2.874	2.494	2.548	2.988
20.520	R3	2.636	2.636	2.864	2.513	2.567	2.956
20.560	R3	2.510	2.510	3.126	2.509	2.563	2.938
20.600	R3	2.158	2.158	3.387	2.489	2.543	2.944
20.640	R3	2.376	2.376	3.327	2.479	2.533	2.928
20.680	R3	2.352	2.352	2.868	2.476	2.530	2.924
20.720	R3	2.266	2.266	3.471	2.468	2.499	2.943
20.760	R3	2.525	2.525	3.409	2.450	2.481	2.923
20.800	R3	2.688	2.688	2.753	2.465	2.497	2.910
20.840	R3	2.437	2.847	2.437	2.454	2.474	2.927
20.880	R3	2.457	2.457	2.777	2.444	2.465	2.929
20.920	R3	2.544	2.544	2.673	2.408	2.429	2.929
20.960	R3	1.980	1.980	2.709	2.407	2.427	2.925
21.000	R3	2.322	2.322	2.629	2.399	2.419	2.904
21.040	R3	2.742	2.742	2.789	2.422	2.443	2.875
21.080	R3	2.149	2.149	2.678	2.421	2.469	2.826
21.120	R3	2.583	2.583	3.005	2.427	2.475	2.819
21.160	R3	2.496	2.496	3.025	2.427	2.476	2.781
21.200	R3	2.479	2.479	3.056	2.436	2.484	2.762
21.240	R3	2.334	2.334	2.717	2.412	2.460	2.771
21.280	R3	2.130	2.130	2.874	2.426	2.453	2.790
21.320	R3	2.602	2.602	2.785	2.441	2.469	2.808
21.360	R3	2.355	2.355	2.703	2.442	2.470	2.830
21.400	R3	2.628	2.628	2.817	2.476	2.503	2.889
21.440	R3	2.352	2.908	2.352	2.477	2.504	2.988
21.480	R3	2.468	2.468	2.713	2.452	2.480	3.061
21.520	R3	2.277	2.277	2.712	2.455	2.483	3.121
21.560	R3	2.690	2.690	3.043	2.461	2.488	3.155
21.600	R3	2.211	2.211	2.928	2.462	2.490	3.243
21.640	R3	2.711	2.711	2.824	2.446	2.474	3.320
21.680	R3	2.777	2.777	3.122	2.476	2.504	3.340
21.720	R3	2.564	2.564	3.123	2.501	2.529	3.335
21.760	R3	2.642	2.642	3.897	2.504	2.532	3.344
21.800	R3	2.342	2.342	4.599	2.518	2.546	3.415
21.840	R3	2.260	2.260	4.252	2.501	2.529	3.422
21.880	R3	2.195	2.195	3.865	2.507	2.507	3.464
21.920	R3	2.698	2.698	3.697	2.525	2.525	3.500
21.960	R3	2.522	2.522	4.775	2.541	2.541	3.503
22.000	R3	2.169	2.169	4.593	2.532	2.532	3.491
22.040	R3	2.932	2.932	3.117	2.540	2.551	3.464
22.080	R3	2.626	2.626	2.784	2.521	2.532	3.459
22.120	R3	2.657	2.657	2.965	2.489	2.499	3.433
22.160	R3	2.639	2.639	4.123	2.496	2.507	3.423
22.200	R3	2.297	2.297	2.959	2.488	2.499	3.356
22.240	R3	2.458	2.458	3.178	2.506	2.517	3.262
22.280	R3	2.844	2.844	3.452	2.509	2.520	3.179
22.320	R3	2.593	2.593	2.757	2.500	2.510	3.114
22.360	R3	2.494	2.494	2.811	2.486	2.496	3.077
22.400	R3	2.386	2.596	2.386	2.489	2.499	2.974
22.440	R3	2.336	2.336	2.727	2.504	2.514	2.879
22.480	R3	2.125	2.125	2.591	2.463	2.474	2.850
22.520	R3	2.708	2.708	2.925	2.434	2.445	2.851
22.560	R3	2.481	2.481	2.561	2.431	2.456	2.833
22.600	R3	2.711	2.711	2.726	2.403	2.427	2.766
22.640	R3	2.318	2.318	2.586	2.414	2.438	2.747
22.680	R3	2.005	2.005	2.562	2.424	2.448	2.730
22.720	R3	2.413	2.413	2.954	2.407	2.440	2.683
22.760	R3	2.579	2.579	2.715	2.382	2.415	2.674
22.800	R3	2.472	2.472	2.698	2.394	2.428	2.670
22.840	R3	2.128	2.128	2.548	2.371	2.395	2.686
22.880	R3	2.036	2.036	2.796	2.390	2.418	2.686
22.920	R3	2.604	2.878	2.604	2.400	2.427	2.693
22.960	R3	2.078	2.078	2.789	2.392	2.420	2.678
23.000	R3	2.509	2.509	2.578	2.404	2.433	2.685
23.040	R3	2.655	2.655	2.832	2.398	2.429	2.679
23.080	R3	2.511	2.687	2.511	2.419	2.451	2.686
23.120	R3	2.092	2.092	2.577	2.444	2.476	2.685
23.160	R3	2.733	2.762	2.733	2.444	2.486	2.658
23.200	R3	1.925	1.925	2.706	2.447	2.489	2.657
23.240	R3	2.724	2.793	2.724	2.425	2.467	2.654
23.280	R3	2.308	2.308	2.730	2.448	2.518	2.656
23.320	R3	2.564	2.564	2.620	2.481	2.551	2.658
23.360	R3	2.721	2.750	2.721	2.487	2.551	2.664
23.400	R3	2.591	2.632	2.591	2.516	2.580	2.662
23.440	R3	2.732	2.755	2.732	2.509	2.573	2.664
23.480	R3	2.500	2.500	2.535	2.508	2.576	2.654
23.520	R3	2.415	2.616	2.415	2.508	2.567	2.672
23.560	R3	2.642	2.642	2.690	2.531	2.590	2.682
23.600	R3	2.038	2.038	2.647	2.517	2.597	2.668
23.640	R3	2.579	3.134	2.579	2.549	2.629	2.671
23.680	R3	2.700	2.700	2.851	2.518	2.594	2.666
23.720	R3	2.721	2.882	2.721	2.498	2.574	2.665
23.760	R3	2.668	2.668	2.752	2.506	2.602	2.669
23.800	R3	2.361	2.361	2.609	2.501	2.595	2.666
23.840	R3	2.640	2.706	2.640	2.485	2.577	2.672
23.880	R3	2.505	2.505	2.872	2.478	2.569	2.666
23.920	R3	2.551	2.551	2.766	2.479	2.570	2.681
23.960	R3	2.464	2.911	2.464	2.471	2.552	2.691
24.000	R3	2.565	2.565	2.764	2.453	2.534	2.690
24.040	R3	2.088	2.088	2.628	2.487	2.568	2.695
24.080	R3	1.915	1.915	2.697	2.463	2.517	2.708
24.120	R3	2.716	3.113	2.716	2.454	2.525	2.692
24.160	R3	2.619	2.619	2.651	2.450	2.517	2.688
24.200	R3	2.280	2.280	2.713	2.425	2.492	2.702
24.240	R3	2.586	2.586	2.607	2.402	2.469	2.691
24.280	R3	2.522	2.522	2.850	2.398	2.462	2.690
24.320	R3	2.258	2.258	2.603	2.367	2.431	2.675
24.360	R3	2.286	2.286	2.675	2.359	2.426	2.678
24.400	R3	2.717	2.717	2.754	2.369	2.419	2.688
24.440	R3	2.102	2.102	2.838	2.345	2.395	2.686
24.480	R3	2.522	2.867	2.522	2.361	2.411	2.777
24.520	R3	2.638	2.719	2.638	2.395	2.445	2.846
24.560	R3	2.165	2.165	3.034	2.367	2.398	2.993
24.600	R3	1.905	1.905	2.385	2.371	2.473	2.995
24.640	R3	2.565	2.565	2.631	2.396	2.578	2.998
24.680	R3	1.881	1.881	2.560	2.406	2.588	3.142
24.720	R3	2.388	2.465	2.834	2.424	2.628	3.144
24.760	R3	2.663	2.769	2.663	2.446	2.723	3.149
24.800	R3	2.079	2.079	2.732	2.455	2.778	3.138
24.840	R3	2.410	2.410	4.447	2.449	2.879	3.131
24.880	R3	2.601	2.601	4.060	2.480	3.031	3.124
24.920	R3	2.162	2.162	5.657	2.474	3.109	3.142
24.960	R3	2.700	4.118	2.700	2.474	3.215	3.142
25.000	R3	2.777	4.392	2.777	2.494	3.342	3.118
25.040	R3	2.770	2.770	5.482	2.530	3.443	3.131
25.080	R3	2.882	3.338	2.882	2.526	3.490	3.123
25.120	R3	2.706	4.159	2.706	2.559	3.630	3.122
25.160	R3	2.462	3.374	2.462	2.564	3.651	3.105
25.200	R3	2.611	4.743	2.611	2.559	3.640	3.103
25.240	R3	2.706	5.132	2.706	2.598	3.700	3.109
25.280	R3	2.404	4.432	2.868	2.618	3.767	3.027
25.320	R3	2.647	4.831	2.647	2.630	3.844	2.966
25.360	R3	2.558	4.720	2.558	2.665	3.939	2.826
25.400	R3	2.637	3.916	2.637	2.657	3.899	2.818
25.440	R3	2.475	3.512	2.475	2.657	3.828	2.818
25.480	R3	2.536	4.681	2.536	2.664	3.841	2.690
25.520	R3	2.494	2.879	2.494	2.653	3.831	2.679
25.560	R3	2.562	2.562	2.619	2.652	3.758	2.691
25.600	R3	2.864	3.269	2.864	2.636	3.696	2.714
25.640	R3	2.806	3.744	2.806	2.634	3.588	2.728
25.680	R3	2.833	4.152	2.833	2.599	3.431	2.735
25.720	R3	2.863	4.065	2.863	2.621	3.357	2.733
25.760	R3	2.541	3.319	2.541	2.616	3.242	2.739
25.800	R3	2.777	2.969	2.777	2.624	3.142	2.752
25.840	R3	2.919	3.033	2.919	2.624	3.079	2.755
25.880	R3	2.659	3.133	2.659	2.607	3.009	2.775
25.920	R3	2.693	2.693	2.950	2.605	2.900	2.789
25.960	R3	2.132	2.132	2.908	2.603	2.880	2.810
26.000	R3	2.584	2.584	2.901	2.618	2.928	2.821
26.040	R3	1.996	1.996	2.837	2.582	2.872	2.806
26.080	R3	2.844	2.947	2.844	2.567	2.811	2.812
26.120	R3	2.538	2.538	2.762	2.559	2.737	2.805
26.160	R3	2.724	2.724	2.818	2.558	2.681	2.803
26.200	R3	2.640	2.640	2.694	2.558	2.642	2.819
26.240	R3	2.125	2.125	2.870	2.531	2.605	2.818
26.280	R3	2.502	2.502	2.826	2.515	2.583	2.808
26.320	R3	2.467	2.467	2.908	2.510	2.577	2.808
26.360	R3	2.846	3.532	2.846	2.502	2.569	2.797
26.400	R3	2.154	2.154	2.567	2.486	2.553	2.786
26.440	R3	2.511	2.511	2.913	2.471	2.538	2.766
26.480	R3	2.676	2.676	2.691	2.490	2.571	2.764
26.520	R3	2.833	2.941	2.833	2.476	2.564	2.753
26.560	R3	2.539	2.539	2.850	2.480	2.568	2.752
26.600	R3	2.230	2.230	2.773	2.450	2.537	2.742
26.640	R3	2.600	2.600	2.700	2.449	2.550	2.746
26.680	R3	2.562	3.009	2.668	2.457	2.579	2.717
26.720	R3	2.541	2.541	2.731	2.450	2.613	2.693
26.760	R3	1.808	1.808	2.690	2.442	2.647	2.673
26.800	R3	2.289	2.289	2.504	2.420	2.646	2.660
26.840	R3	2.379	2.639	2.783	2.427	2.735	2.649
26.880	R3	2.565	2.815	2.625	2.426	2.777	2.632
26.920	R3	2.609	2.609	2.749	2.416	2.831	2.626
26.960	R3	2.118	2.118	2.627	2.406	2.826	2.620
27.000	R3	2.620	2.892	2.764	2.393	2.821	2.591
27.040	R3	2.292	2.708	2.292	2.397	2.824	2.576
27.080	R3	2.354	3.186	2.354	2.387	2.814	2.561
27.120	R3	2.321	3.153	2.507	2.382	2.807	2.553
27.160	R3	2.391	3.503	2.571	2.374	2.812	2.543
27.200	R3	2.310	3.927	2.350	2.406	2.845	2.545
27.240	R3	2.483	3.360	2.575	2.407	2.860	2.549
27.280	R3	2.478	3.760	2.574	2.404	2.869	2.541
27.320	R3	2.639	2.828	2.705	2.397	2.856	2.530
27.360	R3	2.281	2.438	2.281	2.387	2.858	2.514
27.400	R3	2.305	2.305	2.464	2.409	2.883	2.515
27.440	R3	2.401	2.401	2.415	2.399	2.874	2.514
27.480	R3	2.467	2.859	2.501	2.403	2.873	2.526
27.520	R3	2.362	2.648	2.538	2.409	2.839	2.537
27.560	R3	2.456	2.456	2.714	2.402	2.790	2.537
27.600	R3	2.320	2.595	2.587	2.393	2.726	2.535
27.640	R3	2.319	2.815	2.629	2.398	2.670	2.542
27.680	R3	2.406	2.555	2.406	2.390	2.619	2.549
27.720	R3	2.423	2.661	2.423	2.385	2.565	2.547
27.760	R3	2.547	2.610	2.648	2.373	2.570	2.532
27.800	R3	2.421	2.702	2.749	2.376	2.575	2.535
27.840	R3	2.370	2.704	2.532	2.359	2.558	2.539
27.880	R3	2.483	2.493	2.577	2.359	2.567	2.538
27.920	R3	2.182	2.182	2.501	2.343	2.531	2.546
27.960	R3	2.215	2.215	2.528	2.345	2.536	2.543
28.000	R3	2.405	2.813	2.487	2.341	2.538	2.527
28.040	R3	2.312	2.339	2.731	2.339	2.523	2.529
28.080	R3	2.383	2.686	2.518	2.328	2.487	2.529
28.120	R3	2.404	2.918	2.404	2.337	2.493	2.540
28.160	R3	2.342	2.545	2.342	2.320	2.465	2.542
28.200	R3	1.966	1.966	2.542	2.306	2.448	2.530
28.240	R3	2.405	2.570	2.405	2.307	2.434	2.529
28.280	R3	2.145	2.145	2.656	2.313	2.438	2.528
28.320	R3	2.389	2.742	2.489	2.309	2.440	2.519
28.360	R3	2.380	2.512	2.380	2.320	2.465	2.528
28.400	R3	2.286	2.286	2.630	2.327	2.485	2.524
28.440	R3	2.099	2.099	2.638	2.328	2.482	2.528
28.480	R3	2.583	2.680	2.626	2.307	2.459	2.516
28.520	R3	2.087	2.087	2.466	2.300	2.437	2.508
28.560	R3	2.268	2.268	2.407	2.302	2.429	2.513
28.600	R3	2.434	2.434	2.722	2.301	2.436	2.530
28.640	R3	2.496	2.786	2.506	2.318	2.478	2.528
28.680	R3	2.404	2.521	2.404	2.315	2.467	2.528
28.720	R3	2.405	2.692	2.686	2.331	2.490	2.525
28.760	R3	2.355	2.608	2.438	2.332	2.497	2.525
28.800	R3	2.416	2.755	2.564	2.327	2.502	2.534
28.840	R3	1.888	1.888	2.500	2.336	2.516	2.532
28.880	R3	2.240	2.240	2.355	2.356	2.546	2.524
28.920	R3	2.446	2.750	2.503	2.352	2.549	2.531
28.960	R3	2.331	2.700	2.690	2.365	2.566	2.537
29.000	R3	2.299	2.790	2.496	2.373	2.575	2.541
29.040	R3	2.351	2.351	2.400	2.376	2.584	2.537
29.080	R3	2.463	2.616	2.609	2.370	2.564	2.545
29.120	R3	2.400	2.879	2.481	2.365	2.571	2.539
29.160	R3	2.294	2.608	2.569	2.365	2.566	2.528
29.200	R3	2.467	2.567	2.579	2.362	2.551	2.530
29.240	R3	2.491	2.703	2.491	2.361	2.538	2.530
29.280	R3	2.500	2.744	2.765	2.391	2.571	2.534
29.320	R3	2.351	2.424	2.588	2.400	2.605	2.538
29.360	R3	2.437	2.451	2.478	2.399	2.603	2.535
29.400	R3	2.481	2.602	2.645	2.405	2.604	2.523
29.440	R3	2.390	2.394	2.657	2.409	2.602	2.523
29.480	R3	2.287	2.666	2.287	2.408	2.619	2.519
29.520	R3	2.411	2.593	2.464	2.406	2.615	2.514
29.560	R3	2.291	2.291	2.486	2.406	2.611	2.518
29.600	R3	2.394	2.500	2.565	2.408	2.601	2.524
29.640	R3	2.498	2.550	2.580	2.404	2.610	2.515
29.680	R3	2.420	2.919	2.432	2.400	2.625	2.517
29.720	R3	2.426	2.703	2.439	2.395	2.625	2.507
29.760	R3	2.452	2.737	2.452	2.399	2.649	2.503
29.800	R3	2.372	2.750	2.494	2.392	2.650	2.504
29.840	R3	2.326	2.676	2.326	2.390	2.680	2.494
29.880	R3	2.432	2.550	2.511	2.394	2.688	2.485
29.920	R3	2.403	2.787	2.553	2.399	2.706	2.494
29.960	R3	2.322	2.407	2.684	2.400	2.723	2.506
30.000	R3	2.385	2.759	2.413	2.407	2.747	2.519
30.040	R3	2.417	3.001	2.522	2.410	2.783	2.524
30.080	R3	2.404	2.746	2.561	2.402	2.772	2.516
30.120	R3	2.423	2.897	2.508	2.396	2.741	2.514
30.160	R3	2.303	2.476	2.509	2.399	2.748	2.525
30.200	R3	2.448	3.209	2.448	2.397	2.746	2.523
30.240	R3	2.469	2.536	2.469	2.398	2.738	2.522
30.280	R3	2.379	3.030	2.456	2.400	2.748	2.533
30.320	R3	2.446	2.928	2.722	2.395	2.763	2.527
30.360	R3	2.423	2.771	2.736	2.389	2.738	2.540
30.400	R3	2.457	3.224	2.662	2.394	2.738	2.540
30.440	R3	2.327	2.327	2.431	2.397	2.722	2.556
30.480	R3	2.306	2.306	2.390	2.393	2.720	2.564
30.520	R3	2.485	2.849	2.657	2.390	2.700	2.559
30.560	R3	2.404	2.685	2.413	2.387	2.681	2.552
30.600	R3	2.404	2.587	2.460	2.386	2.694	2.558
30.640	R3	2.369	2.887	2.555	2.388	2.671	2.565
30.680	R3	2.336	2.858	2.393	2.386	2.666	2.571
30.720	R3	2.270	2.270	2.801	2.391	2.652	2.583
30.760	R3	2.423	2.423	2.688	2.392	2.642	2.582
30.800	R3	2.438	2.438	2.744	2.387	2.651	2.568
30.840	R3	2.348	2.950	2.676	2.386	2.616	2.561
30.880	R3	2.343	2.343	2.468	2.392	2.632	2.568
30.920	R3	2.369	2.524	2.369	2.391	2.643	2.570
30.960	R3	2.282	2.742	2.617	2.390	2.645	2.560
31.000	R3	2.479	2.746	2.585	2.388	2.634	2.570
31.040	R3	2.441	2.441	2.599	2.387	2.633	2.567
31.080	R3	2.476	2.737	2.697	2.388	2.625	2.566
31.120	R3	2.463	2.737	2.703	2.387	2.598	2.570
31.160	R3	2.327	2.952	2.445	2.394	2.620	2.551
31.200	R3	2.429	2.521	2.530	2.369	2.595	2.541
31.240	R3	2.453	2.642	2.565	2.368	2.609	2.540
31.280	R3	2.286	2.535	2.432	2.367	2.579	2.533
31.320	R3	2.453	2.885	2.453	2.370	2.591	2.536
31.360	R3	2.362	2.460	2.617	2.368	2.589	2.533
31.400	R3	2.398	2.558	2.398	2.379	2.578	2.529
31.440	R3	2.380	2.739	2.535	2.383	2.571	2.528
31.480	R3	2.326	2.326	2.488	2.385	2.582	2.530
31.520	R3	2.405	2.706	2.405	2.380	2.584	2.516
31.560	R3	1.913	1.913	2.494	2.373	2.577	2.497
31.600	R3	2.418	2.733	2.718	2.377	2.551	2.495
31.640	R3	2.331	2.331	2.536	2.364	2.534	2.493
31.680	R3	2.417	2.585	2.536	2.353	2.513	2.482
31.720	R3	2.310	2.495	2.310	2.342	2.490	2.478
31.760	R3	2.521	2.521	2.544	2.338	2.472	2.480
31.800	R3	2.547	2.606	2.565	2.343	2.481	2.476
31.840	R3	2.477	2.649	2.628	2.321	2.451	2.491
31.880	R3	2.382	2.790	2.416	2.322	2.446	2.484
31.920	R3	2.316	2.584	2.316	2.316	2.453	2.485
31.960	R3	2.419	2.448	2.419	2.319	2.451	2.489
32.000	R3	2.170	2.170	2.493	2.332	2.464	2.499
32.040	R3	2.218	2.218	2.344	2.330	2.462	2.491
32.080	R3	2.075	2.075	2.351	2.331	2.478	2.493
32.120	R3	2.374	2.541	2.481	2.332	2.481	2.488
32.160	R3	2.462	2.634	2.549	2.341	2.481	2.504
32.200	R3	1.963	1.963	2.691	2.336	2.487	2.502
32.240	R3	2.391	2.636	2.391	2.331	2.481	2.500
32.280	R3	2.219	2.456	2.515	2.303	2.444	2.491
32.320	R3	2.452	2.672	2.487	2.304	2.429	2.495
32.360	R3	2.175	2.175	2.694	2.309	2.436	2.519
32.400	R3	2.386	2.692	2.562	2.312	2.452	2.522
32.440	R3	2.346	2.655	2.565	2.329	2.484	2.523
32.480	R3	2.432	2.640	2.432	2.335	2.490	2.531
32.520	R3	2.493	2.493	2.646	2.347	2.522	2.536
32.560	R3	2.422	2.649	2.499	2.351	2.538	2.541
32.600	R3	2.457	2.479	2.530	2.346	2.539	2.539
32.640	R3	1.906	1.906	2.448	2.362	2.572	2.531
32.680	R3	2.401	2.493	2.483	2.356	2.581	2.525
32.720	R3	2.417	2.718	2.797	2.367	2.597	2.528
32.760	R3	2.481	2.785	2.481	2.364	2.602	2.530
32.800	R3	2.511	2.803	2.514	2.364	2.602	2.509
32.840	R3	2.338	2.338	2.507	2.369	2.592	2.509
32.880	R3	2.313	2.703	2.454	2.372	2.589	2.509
32.920	R3	2.452	2.877	2.572	2.372	2.596	2.515
32.960	R3	2.361	2.642	2.520	2.366	2.593	2.507
33.000	R3	2.286	2.634	2.515	2.366	2.593	2.503
33.040	R3	2.281	2.800	2.281	2.356	2.610	2.499
33.080	R3	2.432	2.778	2.580	2.380	2.635	2.495
33.120	R3	2.390	2.770	2.515	2.363	2.613	2.503
33.160	R3	2.185	2.185	2.287	2.365	2.601	2.487
33.200	R3	2.469	2.491	2.550	2.368	2.601	2.492
33.240	R3	2.408	2.604	2.563	2.340	2.558	2.496
33.280	R3	2.442	2.766	2.548	2.345	2.571	2.501
33.320	R3	2.366	2.430	2.498	2.346	2.553	2.508
33.360	R3	2.416	2.647	2.416	2.338	2.523	2.510
33.400	R3	2.266	2.835	2.445	2.342	2.534	2.513
33.440	R3	2.379	2.390	2.379	2.344	2.525	2.509
33.480	R3	2.062	2.062	2.635	2.352	2.531	2.523
33.520	R3	2.469	2.488	2.482	2.348	2.518	2.519
33.560	R3	2.539	2.778	2.573	2.345	2.503	2.521
33.600	R3	1.936	1.936	2.600	2.358	2.533	2.537
33.640	R3	2.438	2.593	2.601	2.347	2.520	2.537
33.680	R3	2.345	2.345	2.608	2.351	2.520	2.533
33.720	R3	2.291	2.291	2.597	2.351	2.508	2.533
33.760	R3	2.435	2.863	2.586	2.348	2.503	2.541
33.800	R3	2.333	2.442	2.435	2.340	2.495	2.550
33.840	R3	2.440	2.934	2.566	2.347	2.480	2.557
33.880	R3	2.351	2.511	2.499	2.349	2.491	2.568
33.920	R3	2.333	2.461	2.547	2.356	2.498	2.561
33.960	R3	2.449	2.786	2.616	2.324	2.464	2.559
34.000	R3	2.241	2.241	2.549	2.321	2.456	2.555
34.040	R3	2.486	2.591	2.486	2.345	2.491	2.546
34.080	R3	2.440	2.537	2.547	2.344	2.492	2.537
34.120	R3	2.319	2.319	2.647	2.346	2.499	2.526
34.160	R3	2.238	2.499	2.610	2.331	2.484	2.513
34.200	R3	2.423	2.525	2.581	2.333	2.468	2.509
34.240	R3	2.414	2.609	2.591	2.323	2.453	2.514
34.280	R3	2.201	2.201	2.504	2.318	2.435	2.514
34.320	R3	1.824	1.824	2.445	2.317	2.434	2.510
34.360	R3	2.487	2.617	2.487	2.319	2.435	2.512
34.400	R3	2.413	2.635	2.413	2.314	2.418	2.503
34.440	R3	2.410	2.613	2.416	2.323	2.442	2.504
34.480	R3	2.391	2.488	2.391	2.309	2.447	2.500
34.520	R3	1.987	1.987	2.351	2.308	2.454	2.502
34.560	R3	2.483	2.544	2.489	2.308	2.462	2.495
34.600	R3	2.135	2.135	2.546	2.315	2.462	2.495
34.640	R3	2.337	2.584	2.571	2.313	2.458	2.490
34.680	R3	2.330	2.487	2.420	2.311	2.446	2.487
34.720	R3	2.361	2.469	2.587	2.322	2.461	2.484
34.760	R3	2.362	2.451	2.432	2.347	2.496	2.484
34.800	R3	2.411	2.728	2.554	2.339	2.488	2.478
34.840	R3	2.217	2.689	2.417	2.335	2.473	2.484
34.880	R3	2.422	2.683	2.583	2.341	2.468	2.497
34.920	R3	2.305	2.477	2.513	2.339	2.478	2.497
34.960	R3	2.391	2.494	2.610	2.355	2.505	2.499
35.000	R3	2.386	2.447	2.478	2.347	2.514	2.492
35.040	R3	2.374	2.374	2.537	2.362	2.535	2.492
35.080	R3	2.419	2.503	2.447	2.367	2.532	2.491
35.120	R3	2.311	2.511	2.444	2.372	2.535	2.502
35.160	R3	2.344	2.464	2.363	2.371	2.540	2.497
35.200	R3	2.325	2.325	2.527	2.371	2.539	2.497
35.240	R3	2.527	2.527	2.675	2.369	2.527	2.501
35.280	R3	2.347	2.678	2.390	2.379	2.513	2.513
35.320	R3	2.312	2.531	2.405	2.377	2.503	2.507
35.360	R3	2.336	2.728	2.336	2.378	2.498	2.507
35.400	R3	2.421	2.551	2.558	2.377	2.497	2.495
35.440	R3	2.445	2.529	2.540	2.379	2.502	2.499
35.480	R3	2.426	2.531	2.636	2.382	2.506	2.505
35.520	R3	2.333	2.583	2.496	2.373	2.510	2.494
35.560	R3	2.371	2.436	2.422	2.379	2.514	2.497
35.600	R3	2.372	2.478	2.635	2.370	2.499	2.503
35.640	R3	2.416	2.416	2.659	2.377	2.509	2.500
35.680	R3	2.377	2.474	2.461	2.367	2.508	2.486
35.720	R3	2.333	2.385	2.521	2.371	2.497	2.487
35.760	R3	2.364	2.466	2.364	2.372	2.499	2.497
35.800	R3	2.423	2.546	2.555	2.371	2.483	2.504
35.840	R3	2.445	2.459	2.667	2.372	2.481	2.512
35.880	R3	2.235	2.577	2.235	2.368	2.484	2.503
35.920	R3	2.423	2.600	2.495	2.363	2.487	2.494
35.960	R3	2.168	2.168	2.475	2.365	2.481	2.506
36.000	R3	2.473	2.519	2.474	2.350	2.462	2.510
36.040	R3	2.328	2.511	2.393	2.349	2.467	2.506
36.080	R3	2.420	2.462	2.423	2.343	2.461	2.499
36.120	R3	2.325	2.564	2.600	2.341	2.462	2.507
36.160	R3	2.323	2.418	2.481	2.343	2.473	2.516
36.200	R3	2.442	2.511	2.706	2.342	2.467	2.532
36.240	R3	2.355	2.580	2.355	2.345	2.464	2.540
36.280	R3	2.345	2.590	2.471	2.343	2.466	2.526
36.320	R3	2.369	2.458	2.733	2.341	2.448	2.539
36.360	R3	2.064	2.064	2.505	2.330	2.427	2.541
36.400	R3	2.355	2.570	2.542	2.341	2.441	2.545
36.440	R3	2.296	2.296	2.528	2.334	2.432	2.555
36.480	R3	2.334	2.497	2.613	2.340	2.428	2.561
36.520	R3	2.373	2.616	2.700	2.320	2.407	2.567
36.560	R3	2.344	2.344	2.693	2.326	2.407	2.562
36.600	R3	2.485	2.485	2.704	2.315	2.391	2.562
36.640	R3	2.402	2.493	2.402	2.315	2.395	2.549
36.680	R3	2.208	2.208	2.485	2.320	2.395	2.554
36.720	R3	2.191	2.191	2.544	2.319	2.390	2.548
36.760	R3	2.394	2.452	2.551	2.317	2.389	2.535
36.800	R3	2.328	2.328	2.673	2.338	2.410	2.535
36.840	R3	2.441	2.441	2.502	2.336	2.414	2.544
36.880	R3	2.028	2.028	2.559	2.341	2.424	2.547
36.920	R3	2.433	2.569	2.496	2.342	2.417	2.538
36.960	R3	2.108	2.108	2.476	2.343	2.415	2.534
37.000	R3	2.442	2.587	2.442	2.330	2.401	2.522
37.040	R3	2.467	2.566	2.467	2.325	2.399	2.528
37.080	R3	2.325	2.504	2.339	2.318	2.403	2.521
37.120	R3	2.321	2.423	2.474	2.326	2.420	2.515
37.160	R3	2.492	2.492	2.510	2.335	2.433	2.508
37.200	R3	2.303	2.660	2.727	2.338	2.438	2.504
37.240	R3	2.399	2.493	2.589	2.340	2.440	2.499
37.280	R3	2.352	2.362	2.438	2.336	2.436	2.492
37.320	R3	2.404	2.562	2.610	2.357	2.468	2.495
37.360	R3	2.073	2.073	2.449	2.351	2.469	2.492
37.400	R3	2.397	2.433	2.828	2.366	2.489	2.494
37.440	R3	2.255	2.590	2.255	2.366	2.492	2.501
37.480	R3	2.369	2.536	2.369	2.360	2.488	2.499
37.520	R3	2.375	2.450	2.417	2.361	2.484	2.504
37.560	R3	2.455	2.559	2.455	2.362	2.488	2.511
37.600	R3	2.356	2.356	2.576	2.357	2.489	2.505
37.640	R3	2.369	2.376	2.369	2.360	2.478	2.491
37.680	R3	2.450	2.659	2.620	2.357	2.480	2.493
37.720	R3	2.315	2.595	2.425	2.352	2.474	2.494
37.760	R3	2.398	2.496	2.520	2.352	2.477	2.495
37.800	R3	2.454	2.663	2.580	2.362	2.498	2.502
37.840	R3	2.331	2.484	2.437	2.363	2.508	2.481
37.880	R3	2.350	2.421	2.434	2.373	2.501	2.492
37.920	R3	2.340	2.491	2.624	2.377	2.504	2.507
37.960	R3	2.387	2.520	2.387	2.375	2.499	2.511
38.000	R3	2.370	2.433	2.437	2.371	2.490	2.511
38.040	R3	2.339	2.535	2.623	2.371	2.490	2.504
38.080	R3	2.254	2.254	2.471	2.366	2.504	2.504
38.120	R3	2.400	2.623	2.634	2.360	2.489	2.501
38.160	R3	2.285	2.496	2.576	2.368	2.489	2.515
38.200	R3	2.417	2.621	2.417	2.364	2.490	2.512
38.240	R3	2.443	2.443	2.477	2.354	2.483	2.508
38.280	R3	2.463	2.608	2.663	2.345	2.467	2.510
38.320	R3	2.324	2.348	2.491	2.342	2.461	2.515
38.360	R3	2.386	2.386	2.454	2.345	2.466	2.507
38.400	R3	2.351	2.351	2.436	2.345	2.463	2.507
38.440	R3	2.258	2.647	2.371	2.341	2.456	2.512
38.480	R3	2.336	2.357	2.573	2.345	2.453	2.509
38.520	R3	2.477	2.602	2.704	2.353	2.468	2.506
38.560	R3	2.314	2.512	2.449	2.349	2.471	2.498
38.600	R3	2.247	2.536	2.509	2.353	2.480	2.497
38.640	R3	2.155	2.155	2.469	2.349	2.473	2.492
38.680	R3	2.295	2.295	2.537	2.349	2.485	2.495
38.720	R3	2.405	2.599	2.470	2.342	2.485	2.484
38.760	R3	2.384	2.465	2.384	2.342	2.484	2.483
38.800	R3	2.281	2.295	2.533	2.341	2.492	2.478
38.840	R3	2.426	2.459	2.559	2.336	2.503	2.480
38.880	R3	2.412	2.568	2.412	2.342	2.489	2.490
38.920	R3	2.315	2.676	2.475	2.347	2.498	2.494
38.960	R3	2.381	2.672	2.557	2.342	2.487	2.485
39.000	R3	2.325	2.497	2.325	2.340	2.486	2.502
39.040	R3	2.439	2.674	2.527	2.345	2.488	2.499
39.080	R3	2.334	2.612	2.440	2.358	2.505	2.506
39.120	R3	2.319	2.319	2.471	2.360	2.513	2.497
39.160	R3	2.363	2.547	2.363	2.355	2.506	2.493
39.200	R3	2.264	2.565	2.478	2.355	2.503	2.499
39.240	R3	2.374	2.374	2.561	2.358	2.506	2.500
39.280	R3	2.426	2.540	2.664	2.352	2.498	2.499
39.320	R3	2.384	2.384	2.509	2.353	2.498	2.506
39.360	R3	2.273	2.498	2.796	2.357	2.485	2.504
39.400	R3	2.352	2.569	2.450	2.354	2.468	2.507
39.440	R3	2.418	2.486	2.614	2.357	2.473	2.520
39.480	R3	2.318	2.461	2.349	2.351	2.458	2.514
39.520	R3	2.317	2.451	2.402	2.353	2.451	2.521
39.560	R3	2.384	2.421	2.498	2.359	2.466	2.519
39.600	R3	2.341	2.341	2.548	2.361	2.464	2.531
39.640	R3	2.301	2.301	2.540	2.367	2.470	2.528
39.680	R3	2.429	2.568	2.558	2.370	2.484	2.522
39.720	R3	2.409	2.430	2.421	2.367	2.488	2.515
39.760	R3	2.321	2.321	2.634	2.367	2.489	2.529
39.800	R3	2.366	2.597	2.579	2.373	2.489	2.523
39.840	R3	2.320	2.376	2.411	2.370	2.481	2.529
39.880	R3	2.383	2.480	2.568	2.374	2.492	2.524
39.920	R3	2.445	2.601	2.445	2.375	2.489	2.534
39.960	R3	2.403	2.522	2.597	2.379	2.490	2.543
40.000	R3	2.371	2.675	2.423	2.366	2.475	2.549
40.040	R3	2.431	2.655	2.431	2.367	2.476	2.548
40.080	R3	2.365	2.624	2.523	2.371	2.480	2.546
40.120	R3	2.399	2.399	2.791	2.371	2.476	2.548
40.160	R3	2.397	2.510	2.674	2.372	2.480	2.554
40.200	R3	2.282	2.392	2.577	2.372	2.493	2.554
40.240	R3	2.502	2.706	2.502	2.377	2.487	2.559
40.280	R3	2.332	2.419	2.564	2.366	2.473	2.567
40.320	R3	2.407	2.465	2.581	2.366	2.473	2.561
40.360	R3	2.121	2.121	2.612	2.359	2.511	2.564
40.400	R3	2.356	2.356	2.526	2.356	2.530	2.562
40.440	R3	2.391	2.391	2.504	2.343	2.501	2.569
40.480	R3	2.427	2.477	2.596	2.338	2.496	2.574
40.520	R3	2.414	2.521	2.543	2.345	2.503	2.577
40.560	R3	2.331	2.564	2.629	2.344	2.526	2.564
40.600	R3	2.458	2.480	2.688	2.328	2.504	2.554
40.640	R3	2.097	2.097	2.560	2.330	2.501	2.541
40.680	R3	2.395	2.487	2.451	2.327	2.497	2.538
40.720	R3	2.295	3.357	2.505	2.336	2.506	2.537
40.760	R3	2.353	2.906	2.567	2.312	2.479	2.527
40.800	R3	2.100	2.100	2.547	2.329	2.496	2.523
40.840	R3	2.340	2.550	2.534	2.316	2.484	2.523
40.880	R3	2.512	2.759	2.581	2.296	2.463	2.514
40.920	R3	2.379	2.854	2.538	2.282	2.447	2.508
40.960	R3	2.068	2.068	2.468	2.269	2.428	2.510
41.000	R3	2.316	2.347	2.316	2.260	2.408	2.503
41.040	R3	2.447	2.625	2.447	2.241	2.387	2.491
41.080	R3	2.511	2.590	2.537	2.255	2.404	2.483
41.120	R3	1.924	1.924	2.391	2.261	2.414	2.486
41.160	R3	2.467	2.469	2.524	2.268	2.376	2.499
41.200	R3	2.105	2.105	2.524	2.271	2.358	2.491
41.240	R3	1.989	1.989	2.324	2.292	2.379	2.496
41.280	R3	2.139	2.139	2.490	2.290	2.366	2.499
41.320	R3	2.152	2.152	2.570	2.284	2.354	2.492
41.360	R3	2.152	2.152	2.490	2.285	2.380	2.485
41.400	R3	2.076	2.076	2.461	2.305	2.414	2.493
41.440	R3	2.389	2.433	2.403	2.299	2.406	2.494
41.480	R3	2.509	2.686	2.509	2.298	2.401	2.494
41.520	R3	2.431	2.592	2.759	2.290	2.389	2.498
41.560	R3	2.407	2.542	2.407	2.314	2.422	2.499
41.600	R3	2.535	2.535	2.642	2.308	2.439	2.499
41.640	R3	2.291	2.291	2.594	2.320	2.458	2.495
41.680	R3	2.398	2.518	2.442	2.340	2.485	2.505
41.720	R3	2.402	3.369	2.411	2.344	2.488	2.503
41.760	R3	2.469	2.742	2.628	2.346	2.490	2.502
41.800	R3	2.193	2.193	2.333	2.360	2.526	2.504
41.840	R3	2.418	2.525	2.442	2.379	2.546	2.508
41.880	R3	2.346	2.346	2.618	2.354	2.519	2.517
41.920	R3	2.407	2.582	2.407	2.349	2.505	2.516
41.960	R3	2.352	2.810	2.517	2.341	2.488	2.509
42.000	R3	2.338	2.496	2.446	2.336	2.478	2.522
42.040	R3	2.403	2.517	2.521	2.325	2.482	2.506
42.080	R3	2.203	2.203	2.465	2.337	2.494	2.506
42.120	R3	2.199	2.199	2.537	2.341	2.491	2.509
42.160	R3	2.426	2.872	2.539	2.323	2.426	2.517
42.200	R3	2.466	2.466	2.543	2.321	2.428	2.510
42.240	R3	1.891	1.891	2.575	2.336	2.443	2.524
42.280	R3	2.410	2.410	2.500	2.334	2.453	2.529
42.320	R3	2.263	2.263	2.609	2.339	2.470	2.529
42.360	R3	2.308	2.343	2.663	2.339	2.466	2.537
42.400	R3	2.328	2.597	2.328	2.325	2.429	2.541
42.440	R3	2.527	2.536	2.599	2.327	2.422	2.549
42.480	R3	2.465	2.465	2.490	2.328	2.423	2.544
42.520	R3	2.057	2.057	2.577	2.318	2.413	2.541
42.560	R3	2.425	2.787	2.480	2.330	2.433	2.536
42.600	R3	2.494	2.494	2.623	2.318	2.401	2.533
42.640	R3	2.366	2.736	2.547	2.315	2.415	2.526
42.680	R3	2.455	2.674	2.607	2.336	2.436	2.524
42.720	R3	2.412	2.503	2.566	2.311	2.412	2.517
42.760	R3	2.063	2.063	2.598	2.315	2.415	2.514
42.800	R3	2.373	2.373	2.617	2.286	2.385	2.499
42.840	R3	2.428	2.539	2.428	2.293	2.383	2.512
42.880	R3	1.998	1.998	2.397	2.282	2.384	2.508
42.920	R3	2.440	2.604	2.440	2.273	2.375	2.506
42.960	R3	2.192	2.216	2.470	2.270	2.372	2.508
43.000	R3	2.397	2.752	2.416	2.272	2.368	2.507
43.040	R3	2.318	2.318	2.524	2.256	2.353	2.496
43.080	R3	1.919	1.919	2.367	2.247	2.325	2.489
43.120	R3	2.325	2.325	2.545	2.247	2.315	2.486
43.160	R3	1.738	1.738	2.373	2.246	2.310	2.480
43.200	R3	2.471	2.571	2.570	2.262	2.336	2.475
43.240	R3	2.292	2.539	2.520	2.266	2.358	2.467
43.280	R3	2.296	2.296	2.458	2.266	2.362	2.468
43.320	R3	2.003	2.003	2.620	2.283	2.384	2.481
43.360	R3	2.456	2.709	2.456	2.284	2.381	2.487
43.400	R3	2.177	2.177	2.397	2.298	2.401	2.487
43.440	R3	2.189	2.189	2.409	2.296	2.381	2.489
43.480	R3	2.462	2.462	2.553	2.298	2.383	2.486
43.520	R3	2.376	2.412	2.441	2.304	2.390	2.486
43.560	R3	2.400	2.573	2.501	2.298	2.383	2.490
43.600	R3	2.435	2.814	2.461	2.314	2.399	2.493
43.640	R3	2.432	2.619	2.432	2.293	2.373	2.483
43.680	R3	2.336	2.440	2.669	2.306	2.384	2.484
43.720	R3	2.468	2.544	2.556	2.291	2.369	2.479
43.760	R3	2.478	2.630	2.478	2.301	2.379	2.474
43.800	R3	2.351	2.351	2.449	2.276	2.341	2.481
43.840	R3	2.359	2.359	2.465	2.285	2.351	2.484
43.880	R3	2.040	2.040	2.367	2.296	2.366	2.490
43.920	R3	2.192	2.192	2.615	2.292	2.372	2.486
43.960	R3	2.063	2.063	2.446	2.293	2.375	2.484
44.000	R3	2.052	2.052	2.363	2.298	2.372	2.485
44.040	R3	2.552	2.753	2.552	2.301	2.358	2.489
44.080	R3	2.004	2.004	2.358	2.297	2.344	2.494
44.120	R3	2.196	2.196	2.513	2.302	2.346	2.482
44.160	R3	1.949	1.949	2.602	2.301	2.346	2.485
44.200	R3	2.375	2.375	2.444	2.301	2.340	2.492
44.240	R3	2.408	2.498	2.538	2.304	2.352	2.501
44.280	R3	2.370	2.568	2.475	2.293	2.341	2.501
44.320	R3	2.395	2.489	2.395	2.311	2.381	2.519
44.360	R3	2.500	2.500	2.521	2.320	2.410	2.519
44.400	R3	2.509	2.534	2.544	2.335	2.441	2.515
44.440	R3	2.348	2.348	2.529	2.329	2.436	2.524
44.480	R3	2.431	2.474	2.440	2.307	2.404	2.517
44.520	R3	2.441	2.539	2.600	2.333	2.433	2.527
44.560	R3	2.485	2.527	2.623	2.321	2.421	2.525
44.600	R3	2.406	2.574	2.628	2.342	2.451	2.515
44.640	R3	2.143	2.143	2.462	2.347	2.462	2.518
44.680	R3	2.406	2.840	2.739	2.332	2.443	2.520
44.720	R3	2.361	2.784	2.602	2.339	2.460	2.522
44.760	R3	2.364	2.680	2.364	2.324	2.440	2.527
44.800	R3	1.942	1.942	2.555	2.314	2.449	2.531
44.840	R3	2.113	2.113	2.407	2.313	2.471	2.539
44.880	R3	2.511	2.593	2.552	2.316	2.497	2.533
44.920	R3	1.959	1.959	2.471	2.310	2.507	2.526
44.960	R3	2.365	2.536	2.401	2.289	2.481	2.525
45.000	R3	2.476	2.592	2.522	2.282	2.472	2.512
45.040	R3	2.122	2.122	2.578	2.274	2.470	2.503
45.080	R3	2.507	2.908	2.507	2.266	2.462	2.509
45.120	R3	2.100	2.100	2.489	2.261	2.450	2.499
45.160	R3	2.284	2.673	2.605	2.260	2.446	2.485
45.200	R3	2.505	2.981	2.711	2.261	2.430	2.495
45.240	R3	2.405	2.867	2.405	2.285	2.473	2.495
45.280	R3	2.297	2.667	2.297	2.305	2.496	2.502
45.320	R3	2.023	2.023	2.574	2.295	2.496	2.489
45.360	R3	2.354	2.354	2.375	2.313	2.527	2.496
45.400	R3	2.243	2.533	2.444	2.309	2.537	2.507
45.440	R3	1.974	1.974	2.581	2.306	2.528	2.509
45.480	R3	2.323	2.591	2.538	2.299	2.520	2.499
45.520	R3	2.334	2.705	2.334	2.282	2.484	2.498
45.560	R3	2.374	2.374	2.552	2.300	2.515	2.496
45.600	R3	2.431	2.792	2.557	2.308	2.510	2.489
45.640	R3	2.522	2.587	2.551	2.297	2.476	2.480
45.680	R3	2.295	2.579	2.295	2.280	2.435	2.486
45.720	R3	2.333	2.581	2.605	2.281	2.418	2.497
45.760	R3	2.278	2.730	2.620	2.298	2.451	2.501
45.800	R3	2.425	2.425	2.557	2.296	2.448	2.507
45.840	R3	1.963	1.963	2.374	2.285	2.423	2.507
45.880	R3	2.183	2.183	2.497	2.294	2.432	2.510
45.920	R3	2.454	2.722	2.454	2.274	2.398	2.509
45.960	R3	2.441	2.573	2.467	2.278	2.384	2.519
46.000	R3	2.296	2.296	2.523	2.281	2.391	2.518
46.040	R3	2.058	2.058	2.521	2.277	2.382	2.517
46.080	R3	2.317	2.317	2.514	2.275	2.393	2.514
46.120	R3	2.370	2.681	2.664	2.263	2.366	2.540
46.160	R3	2.301	2.301	2.492	2.267	2.367	2.530
46.200	R3	2.027	2.027	2.440	2.275	2.359	2.521
46.240	R3	2.152	2.152	2.638	2.273	2.358	2.514
46.280	R3	1.918	1.918	2.523	2.294	2.389	2.529
46.320	R3	2.421	2.421	2.538	2.305	2.423	2.533
46.360	R3	2.446	2.525	2.535	2.284	2.388	2.532
46.400	R3	2.338	2.603	2.532	2.268	2.366	2.541
46.440	R3	2.493	2.799	2.493	2.275	2.373	2.547
46.480	R3	2.051	2.051	2.808	2.294	2.407	2.552
46.520	R3	2.409	2.597	2.409	2.298	2.411	2.553
46.560	R3	2.439	2.573	2.446	2.303	2.402	2.548
46.600	R3	2.395	2.395	2.414	2.317	2.416	2.556
46.640	R3	2.381	2.584	2.674	2.341	2.440	2.565
46.680	R3	2.390	2.863	2.578	2.352	2.462	2.561
46.720	R3	2.036	2.036	2.432	2.379	2.496	2.564
46.760	R3	2.117	2.117	2.652	2.378	2.496	2.580
46.800	R3	2.448	2.448	2.633	2.380	2.494	2.586
46.840	R3	2.435	2.729	2.632	2.384	2.494	2.587
46.880	R3	2.403	2.403	2.536	2.376	2.491	2.592
46.920	R3	2.470	2.500	2.562	2.384	2.499	2.571
46.960	R3	2.570	2.572	2.641	2.381	2.510	2.567
47.000	R3	2.513	2.513	2.624	2.380	2.509	2.567
47.040	R3	2.369	2.595	2.556	2.370	2.499	2.572
47.080	R3	2.455	2.604	2.578	2.372	2.491	2.571
47.120	R3	2.410	2.410	2.862	2.369	2.471	2.562
47.160	R3	2.476	2.492	2.663	2.380	2.482	2.564
47.200	R3	2.422	2.603	2.540	2.399	2.509	2.557
47.240	R3	2.339	2.738	2.603	2.396	2.515	2.550
47.280	R3	2.208	2.208	2.378	2.396	2.513	2.548
47.320	R3	2.335	2.813	2.335	2.376	2.493	2.546
47.360	R3	2.425	2.553	2.453	2.359	2.474	2.543
47.400	R3	2.195	2.195	2.512	2.342	2.457	2.533
47.440	R3	2.422	2.422	2.641	2.339	2.456	2.527
47.480	R3	2.339	2.469	2.402	2.339	2.463	2.530
47.520	R3	2.250	2.250	2.470	2.328	2.444	2.521
47.560	R3	2.486	2.665	2.528	2.314	2.430	2.501
47.600	R3	2.392	2.559	2.493	2.306	2.447	2.483
47.640	R3	2.450	2.704	2.585	2.305	2.446	2.487
47.680	R3	1.995	1.995	2.490	2.302	2.441	2.471
47.720	R3	2.124	2.124	2.506	2.307	2.461	2.475
47.760	R3	2.225	2.225	2.437	2.314	2.456	2.484
47.800	R3	2.460	2.495	2.513	2.313	2.459	2.489
47.840	R3	2.377	2.727	2.616	2.307	2.453	2.487
47.880	R3	2.225	2.225	2.398	2.304	2.473	2.482
47.920	R3	2.131	2.131	2.447	2.305	2.494	2.479
47.960	R3	2.321	2.841	2.321	2.317	2.527	2.481
48.000	R3	2.392	2.585	2.607	2.306	2.507	2.479
48.040	R3	2.288	2.640	2.288	2.287	2.480	2.476
48.080	R3	2.299	2.593	2.449	2.267	2.448	2.472
48.120	R3	2.489	2.719	2.515	2.272	2.452	2.479
48.160	R3	2.391	2.623	2.565	2.272	2.452	2.486
48.200	R3	2.077	2.077	2.477	2.275	2.463	2.492
48.240	R3	2.371	2.808	2.533	2.258	2.445	2.494
48.280	R3	2.350	2.895	2.350	2.245	2.415	2.480
48.320	R3	2.497	2.919	2.497	2.242	2.412	2.493
48.360	R3	2.256	2.256	2.501	2.249	2.418	2.506
48.400	R3	2.011	2.011	2.416	2.256	2.403	2.516
48.440	R3	2.063	2.063	2.509	2.257	2.407	2.513
48.480	R3	2.085	2.085	2.632	2.262	2.394	2.522
48.520	R3	2.121	2.121	2.657	2.273	2.391	2.538
48.560	R3	2.291	2.456	2.546	2.265	2.396	2.541
48.600	R3	2.122	2.122	2.561	2.238	2.358	2.534
48.640	R3	2.128	2.128	2.336	2.249	2.369	2.536
48.680	R3	2.159	2.159	2.655	2.253	2.353	2.532
48.720	R3	2.260	2.260	2.715	2.238	2.312	2.546
48.760	R3	2.473	2.531	2.521	2.224	2.276	2.542
48.800	R3	2.417	2.674	2.532	2.229	2.307	2.540
48.840	R3	2.387	2.387	2.476	2.240	2.318	2.541
48.880	R3	2.517	2.518	2.775	2.259	2.349	2.542
48.920	R3	2.318	2.829	2.567	2.270	2.359	2.541
48.960	R3	1.854	1.854	2.426	2.263	2.353	2.527
49.000	R3	2.298	2.298	2.518	2.265	2.364	2.522
49.040	R3	2.445	2.501	2.445	2.272	2.392	2.521
49.080	R3	2.061	2.061	2.637	2.286	2.410	2.529
49.120	R3	2.214	2.214	2.420	2.293	2.432	2.528
49.160	R3	2.363	2.876	2.453	2.298	2.455	2.515
49.200	R3	2.220	2.220	2.445	2.275	2.430	2.513
49.240	R3	2.451	2.679	2.522	2.275	2.418	2.508
49.280	R3	2.298	2.298	2.611	2.275	2.418	2.513
49.320	R3	1.991	1.991	2.373	2.269	2.412	2.494
49.360	R3	2.319	2.685	2.447	2.276	2.407	2.489
49.400	R3	2.270	2.682	2.543	2.292	2.423	2.490
49.440	R3	2.400	2.487	2.493	2.294	2.442	2.493
49.480	R3	2.306	2.585	2.639	2.273	2.418	2.490
49.520	R3	2.358	2.738	2.462	2.271	2.416	2.486
49.560	R3	2.015	2.015	2.483	2.281	2.430	2.486
49.600	R3	2.418	2.432	2.418	2.261	2.385	2.492
49.640	R3	2.387	2.387	2.591	2.269	2.411	2.504
49.680	R3	2.388	2.402	2.388	2.254	2.384	2.503
49.720	R3	2.466	2.734	2.466	2.251	2.381	2.496
49.760	R3	2.178	2.178	2.450	2.250	2.380	2.506
49.800	R3	2.335	2.682	2.565	2.253	2.382	2.508
49.840	R3	2.016	2.016	2.395	2.248	2.355	2.505
49.880	R3	2.020	2.020	2.554	2.251	2.366	2.504
49.920	R3	2.420	2.494	2.420	2.251	2.369	2.492
49.960	R3	1.966	1.966	2.579	2.253	2.359	2.492
50.000	R3	2.389	2.754	2.676	2.257	2.362	2.490
50.040	R3	2.134	2.134	2.512	2.254	2.359	2.492
50.080	R3	2.238	2.238	2.476	2.255	2.370	2.484
50.120	R3	1.972	1.972	2.562	2.254	2.369	2.484
50.160	R3	2.390	2.714	2.484	2.231	2.332	2.493
50.200	R3	2.158	2.158	2.496	2.233	2.334	2.503
50.240	R3	2.461	2.709	2.461	2.225	2.309	2.502
50.280	R3	2.320	2.630	2.400	2.244	2.342	2.504
50.320	R3	2.392	2.539	2.461	2.269	2.384	2.510
50.360	R3	2.090	2.090	2.441	2.256	2.368	2.507
50.400	R3	2.356	2.356	2.472	2.274	2.403	2.511
50.440	R3	2.407	2.609	2.424	2.271	2.398	2.508
50.480	R3	2.382	2.386	2.382	2.257	2.383	2.503
50.520	R3	2.003	2.003	2.660	2.261	2.387	2.505
50.560	R3	2.213	2.213	2.632	2.269	2.395	2.500
50.600	R3	2.177	2.177	2.559	2.268	2.378	2.501
50.640	R3	2.393	2.680	2.431	2.266	2.376	2.506
50.680	R3	2.525	2.857	2.670	2.255	2.379	2.507
50.720	R3	2.165	2.165	2.363	2.263	2.389	2.512
50.760	R3	2.324	2.671	2.659	2.265	2.393	2.512
50.800	R3	2.326	2.651	2.622	2.284	2.427	2.514
50.840	R3	1.847	1.847	2.410	2.284	2.434	2.521
50.880	R3	2.317	2.317	2.514	2.259	2.398	2.526
50.920	R3	2.135	2.135	2.453	2.262	2.419	2.537
50.960	R3	2.360	2.360	2.511	2.262	2.419	2.531
51.000	R3	2.122	2.122	2.603	2.273	2.432	2.521
51.040	R3	2.241	2.769	2.478	2.264	2.424	2.529
51.080	R3	2.486	2.831	2.497	2.266	2.412	2.541
51.120	R3	2.422	2.625	2.452	2.245	2.374	2.530
51.160	R3	2.481	2.758	2.487	2.254	2.383	2.539
51.200	R3	2.355	2.496	2.619	2.256	2.388	2.535
51.240	R3	1.905	1.905	2.513	2.235	2.350	2.532
51.280	R3	2.440	2.789	2.606	2.260	2.382	2.539
51.320	R3	2.017	2.017	2.544	2.260	2.401	2.535
51.360	R3	2.417	2.475	2.417	2.259	2.399	2.544
51.400	R3	2.005	2.005	2.720	2.262	2.416	2.551
51.440	R3	2.440	2.440	2.683	2.253	2.407	2.550
51.480	R3	2.095	2.095	2.440	2.257	2.384	2.547
51.520	R3	2.353	2.353	2.545	2.245	2.355	2.545
51.560	R3	2.364	2.765	2.579	2.247	2.356	2.547
51.600	R3	1.890	1.890	2.570	2.244	2.343	2.546
51.640	R3	2.364	2.500	2.542	2.244	2.336	2.538
51.680	R3	2.312	2.682	2.432	2.256	2.347	2.540
51.720	R3	2.105	2.105	2.642	2.258	2.339	2.536
51.760	R3	2.432	2.705	2.648	2.279	2.366	2.540
51.800	R3	1.938	1.938	2.592	2.284	2.371	2.554
51.840	R3	2.311	2.311	2.418	2.304	2.392	2.545
51.880	R3	2.252	2.252	2.444	2.304	2.403	2.533
51.920	R3	2.468	2.635	2.501	2.311	2.410	2.533
51.960	R3	2.419	2.498	2.468	2.319	2.424	2.531
52.000	R3	2.354	2.354	2.450	2.301	2.386	2.531
52.040	R3	2.134	2.134	2.550	2.323	2.424	2.531
52.080	R3	2.490	2.619	2.539	2.321	2.429	2.526
52.120	R3	2.445	2.559	2.619	2.312	2.401	2.528
52.160	R3	2.504	2.587	2.696	2.328	2.427	2.527
52.200	R3	2.413	2.413	2.549	2.303	2.389	2.518
52.240	R3	2.429	2.658	2.429	2.331	2.428	2.514
52.280	R3	2.248	2.248	2.439	2.337	2.453	2.520
52.320	R3	2.512	2.628	2.512	2.344	2.475	2.527
52.360	R3	2.003	2.003	2.590	2.324	2.447	2.519
52.400	R3	2.336	2.642	2.572	2.321	2.440	2.517
52.440	R3	2.323	2.605	2.438	2.317	2.455	2.523
52.480	R3	2.130	2.130	2.462	2.330	2.475	2.526
52.520	R3	2.412	2.624	2.625	2.327	2.473	2.520
52.560	R3	1.936	1.936	2.471	2.322	2.479	2.509
52.600	R3	2.507	2.729	2.507	2.297	2.450	2.503
52.640	R3	2.433	2.803	2.542	2.292	2.454	2.501
52.680	R3	2.379	2.695	2.574	2.285	2.436	2.502
52.720	R3	2.080	2.080	2.357	2.296	2.449	2.506
52.760	R3	2.348	2.348	2.424	2.289	2.436	2.503
52.800	R3	2.284	2.657	2.565	2.310	2.467	2.506
52.840	R3	2.392	2.534	2.610	2.313	2.462	2.503
52.880	R3	2.418	2.579	2.418	2.316	2.451	2.508
52.920	R3	2.355	2.680	2.399	2.331	2.467	2.509
52.960	R3	2.010	2.010	2.570	2.334	2.459	2.507
53.000	R3	2.301	2.487	2.512	2.356	2.481	2.516
53.040	R3	2.301	2.301	2.447	2.351	2.472	2.511
53.080	R3	2.460	2.507	2.518	2.348	2.454	2.503
53.120	R3	2.369	2.369	2.467	2.350	2.445	2.496
53.160	R3	2.421	2.630	2.636	2.367	2.472	2.506
53.200	R3	2.394	2.541	2.522	2.370	2.475	2.514
53.240	R3	2.385	2.385	2.536	2.374	2.471	2.504
53.280	R3	2.441	2.441	2.473	2.368	2.468	2.493
53.320	R3	2.457	2.457	2.586	2.353	2.445	2.507
53.360	R3	2.383	2.383	2.655	2.356	2.431	2.515
53.400	R3	2.416	2.543	2.416	2.378	2.468	2.513
53.440	R3	2.367	2.448	2.367	2.386	2.471	2.510
53.480	R3	2.411	2.525	2.445	2.386	2.477	2.519
53.520	R3	2.429	2.604	2.558	2.379	2.477	2.519
53.560	R3	2.410	2.410	2.577	2.382	2.483	2.534
53.600	R3	2.355	2.577	2.378	2.384	2.484	2.525
53.640	R3	2.282	2.483	2.383	2.373	2.466	2.524
53.680	R3	2.119	2.119	2.702	2.377	2.471	2.522
53.720	R3	2.399	2.399	2.557	2.376	2.472	2.525
53.760	R3	2.453	2.748	2.521	2.378	2.475	2.522
53.800	R3	2.463	2.552	2.463	2.378	2.475	2.510
53.840	R3	2.299	2.418	2.619	2.381	2.476	2.518
53.880	R3	2.317	2.513	2.521	2.381	2.473	2.530
53.920	R3	2.447	2.481	2.768	2.381	2.474	2.531
53.960	R3	2.453	2.647	2.453	2.377	2.465	2.520
54.000	R3	2.182	2.182	2.504	2.381	2.470	2.527
54.040	R3	2.455	2.498	2.489	2.385	2.467	2.538
54.080	R3	2.426	2.459	2.535	2.392	2.464	2.549
54.120	R3	2.504	2.504	2.535	2.407	2.480	2.542
54.160	R3	2.369	2.394	2.405	2.408	2.487	2.540
54.200	R3	2.473	2.561	2.573	2.383	2.447	2.546
54.240	R3	2.382	2.382	2.606	2.381	2.450	2.544
54.280	R3	2.405	2.541	2.470	2.389	2.457	2.537
54.320	R3	2.349	2.442	2.349	2.395	2.453	2.539
54.360	R3	2.479	2.507	2.702	2.391	2.457	2.534
54.400	R3	2.440	2.504	2.605	2.392	2.448	2.546
54.440	R3	2.424	2.436	2.598	2.402	2.471	2.556
54.480	R3	2.428	2.428	2.562	2.400	2.467	2.552
54.520	R3	2.410	2.539	2.514	2.396	2.461	2.551
54.560	R3	1.960	1.960	2.656	2.395	2.461	2.548
54.600	R3	2.409	2.602	2.409	2.393	2.460	2.553
54.640	R3	2.476	2.557	2.476	2.385	2.456	2.554
54.680	R3	2.424	2.444	2.575	2.384	2.458	2.552
54.720	R3	2.375	2.561	2.659	2.383	2.458	2.557
54.760	R3	2.467	2.467	2.691	2.387	2.468	2.565
54.800	R3	2.394	2.634	2.702	2.385	2.467	2.561
54.840	R3	2.405	2.410	2.416	2.387	2.478	2.557
54.880	R3	2.348	2.348	2.514	2.382	2.480	2.562
54.920	R3	2.476	2.508	2.476	2.384	2.483	2.562
54.960	R3	2.331	2.361	2.507	2.383	2.475	2.566
55.000	R3	2.326	2.486	2.603	2.402	2.498	2.564
55.040	R3	2.361	2.417	2.564	2.403	2.497	2.577
55.080	R3	2.377	2.551	2.561	2.398	2.499	2.575
55.120	R3	2.423	2.640	2.506	2.393	2.505	2.574
55.160	R3	2.453	2.490	2.635	2.393	2.496	2.565
55.200	R3	2.478	2.720	2.516	2.390	2.499	2.557
55.240	R3	2.310	2.474	2.703	2.388	2.491	2.548
55.280	R3	2.486	2.486	2.566	2.391	2.501	2.562
55.320	R3	2.375	2.375	2.580	2.397	2.507	2.559
55.360	R3	2.346	2.429	2.616	2.393	2.513	2.565
55.400	R3	2.429	2.584	2.666	2.391	2.522	2.568
55.440	R3	2.374	2.585	2.449	2.391	2.522	2.566
55.480	R3	2.334	2.571	2.544	2.394	2.529	2.559
55.520	R3	2.374	2.380	2.477	2.396	2.521	2.551
55.560	R3	2.407	2.527	2.540	2.391	2.514	2.542
55.600	R3	2.336	2.484	2.525	2.389	2.518	2.531
55.640	R3	2.480	2.602	2.691	2.384	2.506	2.535
55.680	R3	2.455	2.465	2.455	2.386	2.506	2.525
55.720	R3	2.404	2.644	2.593	2.385	2.505	2.525
55.760	R3	2.296	2.537	2.577	2.379	2.499	2.514
55.800	R3	2.322	2.481	2.547	2.371	2.487	2.507
55.840	R3	2.430	2.556	2.430	2.363	2.481	2.495
55.880	R3	2.400	2.401	2.400	2.362	2.483	2.496
55.920	R3	2.338	2.486	2.338	2.361	2.478	2.495
55.960	R3	2.416	2.565	2.416	2.341	2.458	2.493
56.000	R3	2.365	2.494	2.591	2.317	2.428	2.489
56.040	R3	2.363	2.473	2.495	2.318	2.441	2.481
56.080	R3	2.447	2.458	2.560	2.316	2.448	2.476
56.120	R3	2.260	2.260	2.368	2.310	2.441	2.483
56.160	R3	2.186	2.186	2.480	2.293	2.412	2.477
56.200	R3	2.276	2.476	2.422	2.298	2.407	2.475
56.240	R3	2.355	2.613	2.467	2.302	2.417	2.468
56.280	R3	2.306	2.476	2.526	2.290	2.398	2.477
56.320	R3	1.981	1.981	2.444	2.286	2.423	2.480
56.360	R3	1.926	1.926	2.464	2.284	2.422	2.491
56.400	R3	2.357	2.744	2.357	2.267	2.398	2.487
56.440	R3	2.445	2.733	2.589	2.268	2.399	2.477
56.480	R3	2.321	2.321	2.588	2.255	2.380	2.479
56.520	R3	2.069	2.069	2.476	2.237	2.362	2.479
56.560	R3	2.392	2.436	2.541	2.247	2.388	2.492
56.600	R3	2.414	2.686	2.414	2.253	2.395	2.498
56.640	R3	2.185	2.185	2.596	2.263	2.411	2.502
56.680	R3	2.321	2.885	2.467	2.270	2.427	2.503
56.720	R3	2.287	2.477	2.553	2.261	2.409	2.494
56.760	R3	2.078	2.078	2.335	2.260	2.409	2.496
56.800	R3	2.399	2.512	2.399	2.287	2.444	2.506
56.840	R3	2.095	2.095	2.526	2.289	2.448	2.509
56.880	R3	2.092	2.092	2.575	2.284	2.432	2.508
56.920	R3	2.460	2.799	2.614	2.282	2.431	2.512
56.960	R3	2.307	2.307	2.605	2.298	2.457	2.513
57.000	R3	2.479	2.809	2.502	2.277	2.434	2.513
57.040	R3	2.482	2.921	2.488	2.257	2.401	2.525
57.080	R3	2.133	2.133	2.353	2.265	2.435	2.513
57.120	R3	1.967	1.967	2.481	2.274	2.426	2.514
57.160	R3	2.454	2.626	2.670	2.265	2.408	2.514
57.200	R3	2.404	2.820	2.404	2.281	2.437	2.517
57.240	R3	2.346	2.431	2.582	2.279	2.448	2.519
57.280	R3	2.285	2.285	2.659	2.289	2.459	2.518
57.320	R3	2.377	2.599	2.503	2.299	2.491	2.524
57.360	R3	1.982	1.982	2.537	2.277	2.452	2.514
57.400	R3	2.011	2.011	2.657	2.270	2.445	2.506
57.440	R3	2.350	2.864	2.350	2.262	2.441	2.500
57.480	R3	2.487	2.709	2.487	2.259	2.427	2.497
57.520	R3	2.120	2.120	2.560	2.276	2.456	2.504
57.560	R3	2.389	2.659	2.389	2.292	2.480	2.503
57.600	R3	2.353	2.739	2.439	2.286	2.478	2.487
57.640	R3	2.302	2.302	2.509	2.284	2.455	2.493
57.680	R3	2.299	2.742	2.696	2.284	2.451	2.498
57.720	R3	2.019	2.019	2.416	2.289	2.459	2.494
57.760	R3	2.168	2.168	2.447	2.283	2.452	2.495
57.800	R3	2.308	2.717	2.371	2.306	2.475	2.498
57.840	R3	2.422	2.646	2.422	2.324	2.504	2.486
57.880	R3	2.483	2.711	2.502	2.328	2.495	2.496
57.920	R3	2.279	2.442	2.463	2.326	2.482	2.501
57.960	R3	2.347	2.601	2.347	2.340	2.502	2.499
58.000	R3	2.363	2.363	2.530	2.341	2.490	2.503
58.040	R3	2.341	2.341	2.684	2.321	2.451	2.520
58.080	R3	2.380	2.451	2.568	2.327	2.462	2.517
58.120	R3	2.253	2.454	2.531	2.334	2.451	2.510
58.160	R3	2.439	2.439	2.595	2.357	2.475	2.517
58.200	R3	2.380	2.585	2.410	2.369	2.493	2.515
58.240	R3	2.419	2.699	2.556	2.371	2.475	2.522
58.280	R3	2.450	2.450	2.581	2.369	2.461	2.527
58.320	R3	2.410	2.521	2.521	2.367	2.461	2.524
58.360	R3	2.403	2.403	2.475	2.374	2.460	2.523
58.400	R3	1.961	1.961	2.766	2.378	2.453	2.531
58.440	R3	2.412	2.526	2.459	2.377	2.462	2.521
58.480	R3	2.449	2.523	2.564	2.379	2.469	2.513
58.520	R3	2.479	2.502	2.545	2.381	2.471	2.506
58.560	R3	2.409	2.529	2.416	2.391	2.470	2.501
58.600	R3	2.345	2.345	2.510	2.392	2.472	2.495
58.640	R3	2.370	2.370	2.511	2.396	2.466	2.501
58.680	R3	2.455	2.720	2.455	2.393	2.457	2.492
58.720	R3	2.409	2.409	2.443	2.390	2.466	2.493
58.760	R3	2.433	2.479	2.488	2.381	2.468	2.493
58.800	R3	2.344	2.534	2.344	2.380	2.476	2.488
58.840	R3	2.383	2.485	2.514	2.404	2.501	2.474
58.880	R3	2.427	2.493	2.427	2.405	2.500	2.480
58.920	R3	2.436	2.439	2.436	2.398	2.497	2.476
58.960	R3	2.460	2.460	2.480	2.385	2.498	2.464
59.000	R3	2.457	2.472	2.525	2.383	2.490	2.464
59.040	R3	2.376	2.511	2.376	2.394	2.507	2.468
59.080	R3	2.381	2.634	2.605	2.394	2.509	2.461
59.120	R3	2.229	2.562	2.510	2.395	2.499	2.462
59.160	R3	2.394	2.571	2.394	2.392	2.505	2.458
59.200	R3	2.434	2.457	2.483	2.393	2.503	2.469
59.240	R3	2.439	2.500	2.565	2.399	2.507	2.483
59.280	R3	2.301	2.475	2.490	2.398	2.506	2.479
59.320	R3	2.222	2.519	2.301	2.397	2.501	2.479
59.360	R3	2.356	2.356	2.419	2.385	2.489	2.477
59.400	R3	2.572	2.701	2.595	2.382	2.489	2.477
59.440	R3	2.373	2.405	2.373	2.381	2.516	2.483
59.480	R3	2.471	2.517	2.478	2.378	2.506	2.485
59.520	R3	2.357	2.531	2.357	2.369	2.485	2.482
59.560	R3	2.439	2.439	2.705	2.383	2.515	2.482
59.600	R3	2.469	2.623	2.637	2.366	2.490	2.487
59.640	R3	2.365	2.454	2.428	2.361	2.485	2.490
59.680	R3	2.399	2.399	2.418	2.342	2.463	2.482
59.720	R3	2.202	2.202	2.394	2.320	2.432	2.483
59.760	R3	2.408	2.459	2.493	2.327	2.434	2.492
59.800	R3	2.434	2.998	2.634	2.323	2.430	2.496
59.840	R3	2.307	2.317	2.420	2.315	2.423	2.501
59.880	R3	2.212	2.212	2.556	2.313	2.436	2.511
59.920	R3	2.508	3.174	2.508	2.300	2.421	2.512
59.960	R3	2.058	2.058	2.492	2.285	2.397	2.514
60.000	R3	2.326	2.358	2.540	2.287	2.399	2.506
60.040	R3	2.055	2.055	2.397	2.286	2.392	2.497
60.080	R3	1.868	1.868	2.517	2.285	2.405	2.493
60.120	R3	2.359	2.546	2.474	2.281	2.413	2.488
60.160	R3	2.276	2.276	2.498	2.293	2.427	2.505
60.200	R3	2.406	2.570	2.698	2.283	2.413	2.496
60.240	R3	2.347	2.673	2.577	2.266	2.369	2.493
60.280	R3	2.215	2.215	2.497	2.269	2.383	2.494
60.320	R3	2.040	2.040	2.400	2.260	2.374	2.488
60.360	R3	2.482	2.482	2.546	2.260	2.341	2.493
60.400	R3	2.452	2.481	2.452	2.281	2.373	2.503
60.440	R3	2.353	2.715	2.353	2.286	2.383	2.498
60.480	R3	2.316	2.552	2.316	2.300	2.411	2.509
60.520	R3	2.444	2.486	2.725	2.300	2.410	2.505
60.560	R3	2.193	2.193	2.329	2.300	2.413	2.501
60.600	R3	2.104	2.104	2.571	2.305	2.417	2.495
60.640	R3	2.370	2.604	2.441	2.294	2.398	2.481
60.680	R3	2.032	2.032	2.427	2.278	2.366	2.485
60.720	R3	2.511	2.511	2.616	2.284	2.372	2.487
60.760	R3	2.477	2.701	2.698	2.303	2.406	2.489
60.800	R3	2.426	2.554	2.426	2.301	2.408	2.483
60.840	R3	2.333	2.615	2.630	2.284	2.390	2.486
60.880	R3	1.860	1.860	2.435	2.284	2.389	2.486
60.920	R3	2.374	2.597	2.384	2.270	2.363	2.506
60.960	R3	2.365	2.365	2.372	2.274	2.372	2.497
61.000	R3	2.188	2.188	2.429	2.279	2.376	2.508
61.040	R3	2.035	2.035	2.663	2.292	2.417	2.508
61.080	R3	2.327	2.327	2.519	2.279	2.392	2.514
61.120	R3	2.422	2.712	2.441	2.297	2.424	2.514
61.160	R3	2.443	2.535	2.443	2.283	2.410	2.496
61.200	R3	2.110	2.110	2.505	2.281	2.409	2.491
61.240	R3	2.359	2.701	2.359	2.259	2.380	2.491
61.280	R3	2.030	2.030	2.710	2.250	2.357	2.488
61.320	R3	2.526	2.667	2.540	2.274	2.381	2.484
61.360	R3	2.281	2.281	2.542	2.257	2.353	2.492
61.400	R3	2.368	2.917	2.588	2.247	2.344	2.503
61.440	R3	2.110	2.110	2.559	2.256	2.371	2.504
61.480	R3	2.395	2.658	2.412	2.275	2.406	2.501
61.520	R3	2.240	2.240	2.260	2.278	2.419	2.504
61.560	R3	2.421	2.669	2.598	2.279	2.407	2.504
61.600	R3	1.988	1.988	2.439	2.276	2.401	2.519
61.640	R3	2.153	2.153	2.561	2.290	2.428	2.522
61.680	R3	2.340	2.340	2.357	2.285	2.407	2.528
61.720	R3	2.039	2.039	2.535	2.308	2.429	2.528
61.760	R3	2.173	2.173	2.602	2.305	2.425	2.531
61.800	R3	2.366	2.733	2.442	2.292	2.413	2.530
61.840	R3	2.416	2.742	2.601	2.284	2.377	2.530
61.880	R3	2.383	2.575	2.579	2.302	2.398	2.531
61.920	R3	2.442	2.477	2.454	2.288	2.371	2.543
61.960	R3	2.375	2.416	2.734	2.290	2.373	2.556
62.000	R3	2.386	2.652	2.573	2.291	2.369	2.561
62.040	R3	2.276	2.276	2.474	2.292	2.370	2.567
62.080	R3	2.479	2.479	2.705	2.301	2.407	2.563
62.120	R3	2.459	2.588	2.609	2.298	2.406	2.578
62.160	R3	2.034	2.034	2.508	2.312	2.446	2.568
62.200	R3	2.208	2.208	2.597	2.317	2.450	2.559
62.240	R3	2.465	2.524	2.576	2.310	2.425	2.564
62.280	R3	2.120	2.120	2.655	2.297	2.396	2.559
62.320	R3	2.279	2.279	2.526	2.303	2.392	2.556
62.360	R3	2.436	2.594	2.687	2.300	2.427	2.553
62.400	R3	2.008	2.008	2.565	2.305	2.431	2.541
62.440	R3	2.333	2.883	2.471	2.310	2.423	2.537
62.480	R3	2.280	2.312	2.669	2.313	2.442	2.536
62.520	R3	2.330	2.844	2.330	2.301	2.431	2.523
62.560	R3	2.264	2.264	2.418	2.292	2.415	2.520
62.600	R3	2.226	2.226	2.555	2.303	2.459	2.507
62.640	R3	2.156	2.156	2.503	2.291	2.446	2.497
62.680	R3	2.499	2.499	2.514	2.294	2.451	2.495
62.720	R3	2.385	3.186	2.385	2.305	2.484	2.488
62.760	R3	2.478	2.487	2.492	2.318	2.498	2.489
62.800	R3	2.494	2.494	2.507	2.318	2.491	2.486
62.840	R3	2.332	2.663	2.441	2.333	2.527	2.479
62.880	R3	2.243	2.243	2.452	2.334	2.505	2.482
62.920	R3	2.267	2.267	2.542	2.338	2.536	2.466
62.960	R3	2.262	2.919	2.262	2.319	2.491	2.473
63.000	R3	1.956	1.956	2.381	2.327	2.522	2.474
63.040	R3	2.535	2.618	2.545	2.342	2.552	2.473
63.080	R3	2.347	2.773	2.521	2.357	2.580	2.476
63.120	R3	2.523	2.568	2.539	2.353	2.592	2.479
63.160	R3	2.448	2.448	2.622	2.357	2.568	2.483
63.200	R3	2.294	2.732	2.434	2.356	2.581	2.481
63.240	R3	2.368	2.449	2.519	2.348	2.583	2.485
63.280	R3	2.351	2.929	2.351	2.338	2.556	2.495
63.320	R3	1.947	1.947	2.482	2.332	2.550	2.493
63.360	R3	2.432	2.887	2.432	2.343	2.561	2.494
63.400	R3	2.528	2.820	2.540	2.335	2.521	2.508
63.440	R3	2.460	2.718	2.565	2.357	2.549	2.520
63.480	R3	2.414	2.739	2.571	2.351	2.556	2.522
63.520	R3	2.459	2.714	2.459	2.355	2.544	2.523
63.560	R3	2.460	2.736	2.460	2.347	2.542	2.515
63.600	R3	2.341	2.538	2.580	2.343	2.546	2.507
63.640	R3	2.123	2.123	2.635	2.331	2.511	2.504
63.680	R3	2.121	2.121	2.428	2.319	2.496	2.495
63.720	R3	2.483	2.489	2.547	2.313	2.485	2.505
63.760	R3	2.115	2.115	2.554	2.340	2.523	2.505
63.800	R3	2.391	2.514	2.608	2.321	2.481	2.509
63.840	R3	2.410	2.764	2.593	2.300	2.445	2.507
63.880	R3	2.423	2.522	2.546	2.289	2.422	2.510
63.920	R3	2.365	2.534	2.375	2.290	2.423	2.510
63.960	R3	2.384	2.532	2.454	2.286	2.406	2.515
64.000	R3	2.038	2.038	2.387	2.256	2.362	2.517
64.040	R3	2.141	2.141	2.337	2.249	2.374	2.515
64.080	R3	2.231	2.702	2.538	2.255	2.380	2.515
64.120	R3	2.483	2.718	2.483	2.262	2.387	2.525
64.160	R3	2.043	2.043	2.522	2.255	2.380	2.530
64.200	R3	2.106	2.106	2.500	2.261	2.387	2.526
64.240	R3	2.256	2.256	2.623	2.258	2.387	2.525
64.280	R3	2.436	2.758	2.579	2.249	2.361	2.516
64.320	R3	2.363	2.363	2.560	2.241	2.348	2.511
64.360	R3	1.870	1.870	2.484	2.245	2.354	2.515
64.400	R3	2.202	2.780	2.553	2.239	2.354	2.513
64.440	R3	2.243	2.243	2.629	2.258	2.378	2.516
64.480	R3	2.259	2.259	2.631	2.268	2.397	2.517
64.520	R3	2.334	2.349	2.649	2.282	2.388	2.519
64.560	R3	2.239	2.239	2.459	2.281	2.385	2.524
64.600	R3	2.329	2.530	2.593	2.303	2.413	2.530
64.640	R3	2.231	2.231	2.416	2.319	2.438	2.532
64.680	R3	2.267	2.267	2.453	2.327	2.448	2.527
64.720	R3	2.452	2.654	2.452	2.323	2.445	2.523
64.760	R3	2.249	2.540	2.418	2.323	2.456	2.523
64.800	R3	2.434	2.501	2.434	2.347	2.484	2.526
64.840	R3	2.340	2.535	2.357	2.363	2.471	2.531
64.880	R3	2.496	2.528	2.589	2.374	2.483	2.538
64.920	R3	2.467	2.649	2.573	2.381	2.492	2.534
64.960	R3	2.491	2.603	2.651	2.387	2.501	2.523
65.000	R3	2.414	2.601	2.526	2.395	2.518	2.529
65.040	R3	2.429	2.462	2.534	2.394	2.532	2.528
65.080	R3	2.353	2.698	2.503	2.401	2.544	2.530
65.120	R3	2.359	2.589	2.564	2.406	2.549	2.533
65.160	R3	2.346	2.420	2.544	2.396	2.529	2.535
65.200	R3	2.524	2.524	2.638	2.405	2.529	2.549
65.240	R3	2.473	2.488	2.785	2.384	2.505	2.548
65.280	R3	2.399	2.427	2.537	2.375	2.486	2.554
65.320	R3	2.443	2.530	2.443	2.343	2.453	2.547
65.360	R3	2.408	2.592	2.571	2.340	2.470	2.547
65.400	R3	2.306	2.808	2.565	2.337	2.461	2.536
65.440	R3	2.372	2.466	2.460	2.333	2.460	2.538
65.480	R3	2.358	2.358	2.515	2.331	2.462	2.534
65.520	R3	2.258	2.258	2.492	2.332	2.446	2.534
65.560	R3	2.432	2.542	2.691	2.336	2.438	2.537
65.600	R3	2.019	2.019	2.426	2.338	2.440	2.536
65.640	R3	2.149	2.149	2.482	2.329	2.440	2.530
65.680	R3	1.869	1.869	2.441	2.319	2.440	2.510
65.720	R3	2.399	2.991	2.570	2.318	2.442	2.503
65.760	R3	2.423	2.423	2.438	2.321	2.441	2.510
65.800	R3	2.349	2.584	2.571	2.321	2.440	2.515
65.840	R3	2.385	2.501	2.437	2.321	2.425	2.502
65.880	R3	2.379	2.379	2.515	2.325	2.424	2.514
65.920	R3	2.438	2.438	2.629	2.326	2.426	2.509
65.960	R3	2.379	2.460	2.523	2.327	2.440	2.521
66.000	R3	2.353	2.512	2.501	2.325	2.432	2.511
66.040	R3	2.258	2.498	2.393	2.344	2.460	2.525
66.080	R3	2.395	2.470	2.395	2.363	2.488	2.527
66.120	R3	2.486	2.511	2.579	2.391	2.521	2.533
66.160	R3	2.423	2.574	2.679	2.392	2.500	2.526
66.200	R3	2.307	2.496	2.307	2.389	2.513	2.538
66.240	R3	2.445	2.445	2.698	2.388	2.507	2.536
66.280	R3	2.380	2.405	2.419	2.389	2.508	2.538
66.320	R3	2.274	2.531	2.717	2.393	2.515	2.535
66.360	R3	2.384	2.384	2.493	2.389	2.519	2.528
66.400	R3	2.407	2.587	2.707	2.393	2.519	2.526
66.440	R3	2.536	2.695	2.536	2.390	2.508	2.522
66.480	R3	2.422	2.538	2.555	2.378	2.484	2.531
66.520	R3	2.417	2.564	2.417	2.368	2.470	2.535
66.560	R3	2.364	2.681	2.684	2.356	2.471	2.519
66.600	R3	2.335	2.467	2.532	2.358	2.484	2.515
66.640	R3	2.403	2.523	2.471	2.367	2.503	2.530
66.680	R3	2.455	2.527	2.455	2.365	2.511	2.522
66.720	R3	2.358	2.516	2.492	2.364	2.523	2.519
66.760	R3	2.461	2.461	2.491	2.360	2.506	2.508
66.800	R3	2.285	2.285	2.427	2.356	2.502	2.512
66.840	R3	2.015	2.015	2.572	2.339	2.475	2.496
66.880	R3	2.202	2.202	2.471	2.318	2.446	2.494
66.920	R3	2.253	2.522	2.253	2.320	2.461	2.494
66.960	R3	2.463	2.831	2.604	2.314	2.447	2.502
67.000	R3	2.477	2.886	2.603	2.316	2.457	2.496
67.040	R3	2.405	2.597	2.538	2.318	2.453	2.491
67.080	R3	2.369	2.639	2.370	2.316	2.472	2.485
67.120	R3	2.190	2.190	2.479	2.319	2.485	2.488
67.160	R3	2.305	2.305	2.586	2.326	2.486	2.497
67.200	R3	2.056	2.056	2.375	2.321	2.481	2.502
67.240	R3	2.121	2.121	2.505	2.323	2.497	2.503
67.280	R3	2.469	2.823	2.546	2.340	2.550	2.500
67.320	R3	2.299	2.299	2.588	2.352	2.562	2.513
67.360	R3	2.393	2.871	2.558	2.336	2.533	2.527
67.400	R3	2.386	2.386	2.440	2.333	2.516	2.519
67.440	R3	2.356	2.900	2.356	2.331	2.504	2.518
67.480	R3	2.515	2.790	2.515	2.332	2.500	2.518
67.520	R3	2.504	2.537	2.657	2.332	2.487	2.524
67.560	R3	2.353	2.358	2.595	2.333	2.488	2.520
67.600	R3	2.338	2.605	2.453	2.312	2.468	2.515
67.640	R3	2.355	3.090	2.511	2.331	2.488	2.521
67.680	R3	2.441	2.441	2.735	2.344	2.519	2.524
67.720	R3	1.932	1.932	2.525	2.343	2.545	2.519
67.760	R3	2.391	2.491	2.447	2.340	2.542	2.514
67.800	R3	2.438	2.658	2.570	2.344	2.538	2.511
67.840	R3	2.422	2.518	2.552	2.344	2.554	2.512
67.880	R3	2.371	2.371	2.492	2.342	2.542	2.524
67.920	R3	2.210	2.210	2.392	2.335	2.553	2.522
67.960	R3	1.898	1.898	2.494	2.328	2.553	2.507
68.000	R3	2.428	2.461	2.479	2.328	2.559	2.499
68.040	R3	2.377	2.740	2.566	2.333	2.552	2.500
68.080	R3	2.446	3.338	2.457	2.327	2.508	2.501
68.120	R3	2.242	2.242	2.492	2.321	2.503	2.485
68.160	R3	2.475	2.798	2.493	2.337	2.519	2.474
68.200	R3	2.392	2.707	2.465	2.339	2.538	2.476
68.240	R3	2.320	2.663	2.590	2.340	2.544	2.474
68.280	R3	2.358	2.996	2.468	2.333	2.554	2.474
68.320	R3	2.369	2.546	2.369	2.335	2.557	2.471
68.360	R3	2.366	2.467	2.429	2.346	2.569	2.484
68.400	R3	2.438	2.475	2.465	2.364	2.608	2.473
68.440	R3	2.217	2.217	2.543	2.365	2.607	2.474
68.480	R3	2.336	2.336	2.414	2.367	2.591	2.479
68.520	R3	2.248	2.248	2.306	2.365	2.546	2.480
68.560	R3	2.428	2.870	2.491	2.365	2.564	2.468
68.600	R3	2.452	2.783	2.514	2.361	2.553	2.466
68.640	R3	2.285	2.717	2.567	2.362	2.555	2.468
68.680	R3	2.419	2.419	2.421	2.360	2.537	2.465
68.720	R3	2.418	2.454	2.660	2.363	2.508	2.465
68.760	R3	2.275	2.682	2.275	2.367	2.532	2.477
68.800	R3	2.434	2.434	2.495	2.367	2.555	2.478
68.840	R3	2.425	2.425	2.672	2.353	2.540	2.480
68.880	R3	2.405	2.436	2.478	2.360	2.575	2.470
68.920	R3	2.247	2.606	2.247	2.365	2.594	2.479
68.960	R3	2.380	2.570	2.449	2.368	2.626	2.493
69.000	R3	2.412	2.762	2.511	2.363	2.598	2.492
69.040	R3	2.294	2.294	2.532	2.349	2.568	2.494
69.080	R3	2.410	2.415	2.463	2.334	2.531	2.490
69.120	R3	2.445	3.037	2.614	2.334	2.531	2.495
69.160	R3	2.368	2.930	2.444	2.329	2.534	2.488
69.200	R3	2.163	2.163	2.501	2.332	2.529	2.491
69.240	R3	2.351	2.912	2.351	2.332	2.538	2.505
69.280	R3	2.432	2.724	2.588	2.330	2.541	2.494
69.320	R3	2.316	2.884	2.582	2.330	2.544	2.492
69.360	R3	2.321	2.321	2.485	2.341	2.548	2.503
69.400	R3	2.185	2.185	2.546	2.342	2.542	2.509
69.440	R3	1.970	1.970	2.484	2.342	2.528	2.510
69.480	R3	2.424	2.424	2.528	2.342	2.540	2.505
69.520	R3	2.324	2.508	2.508	2.338	2.542	2.503
69.560	R3	2.332	2.580	2.332	2.332	2.507	2.508
69.600	R3	2.438	2.617	2.774	2.338	2.489	2.509
69.640	R3	2.378	2.489	2.465	2.347	2.506	2.510
69.680	R3	2.400	2.482	2.424	2.347	2.484	2.519
69.720	R3	2.477	2.689	2.477	2.342	2.470	2.514
69.760	R3	2.400	2.466	2.569	2.343	2.444	2.510
69.800	R3	2.403	2.475	2.532	2.345	2.452	2.512
69.840	R3	2.311	2.531	2.428	2.356	2.471	2.509
69.880	R3	2.322	2.455	2.434	2.386	2.510	2.511
69.920	R3	2.332	2.332	2.702	2.383	2.517	2.510
69.960	R3	2.473	2.579	2.473	2.388	2.518	2.510
