Tiempo	Replica	Distancia_Global	CYS1	TRP4	Distancia_Global_Smooth	CYS1_Smooth	TRP4_Smooth
0.000	R1	11.497	19.662	19.314	13.872	18.115	21.280
0.040	R1	15.999	21.678	23.039	13.854	18.482	20.953
0.080	R1	17.971	23.194	24.637	14.039	18.960	21.098
0.120	R1	15.147	15.954	22.166	14.540	19.286	21.090
0.160	R1	15.066	18.069	22.863	14.678	19.366	21.159
0.200	R1	16.580	16.580	22.974	14.618	19.246	20.993
0.240	R1	13.553	17.055	21.955	14.514	19.050	20.828
0.280	R1	11.753	15.431	19.560	14.328	18.820	20.624
0.320	R1	9.497	13.496	18.207	14.176	18.553	20.541
0.360	R1	11.653	20.037	18.088	14.134	18.291	20.549
0.400	R1	13.680	22.148	17.679	14.072	18.082	20.520
0.440	R1	16.076	24.211	22.692	14.130	17.822	20.584
0.480	R1	20.546	23.208	20.993	14.057	17.539	20.462
0.520	R1	16.470	20.400	22.066	13.789	17.087	20.332
0.560	R1	13.782	17.572	18.660	13.802	17.194	20.396
0.600	R1	12.958	16.102	18.352	13.909	17.151	20.466
0.640	R1	11.345	15.153	17.371	13.926	17.742	20.163
0.680	R1	11.587	14.007	19.122	14.089	17.743	20.255
0.720	R1	13.395	13.580	20.698	14.401	17.870	20.510
0.760	R1	12.890	14.097	19.969	14.750	18.133	20.707
0.800	R1	12.655	14.477	20.587	14.981	18.051	20.828
0.840	R1	14.537	16.006	20.590	15.232	18.138	21.140
0.880	R1	12.608	14.164	22.054	15.215	18.151	20.792
0.920	R1	15.405	18.096	23.443	15.089	18.078	21.091
0.960	R1	17.203	17.203	24.250	15.041	17.857	21.166
1.000	R1	16.930	28.406	16.930	15.251	17.877	21.482
1.040	R1	16.818	17.064	23.792	15.461	17.929	21.830
1.080	R1	17.979	17.979	24.652	15.787	18.065	22.253
1.120	R1	16.483	18.748	22.152	16.115	18.272	22.686
1.160	R1	16.280	18.406	20.500	16.230	18.952	22.436
1.200	R1	18.696	23.873	23.925	16.238	19.443	22.090
1.240	R1	15.733	24.484	15.733	16.568	19.682	22.395
1.280	R1	18.031	21.750	26.970	16.549	20.234	22.074
1.320	R1	15.511	15.966	23.562	16.578	20.739	21.631
1.360	R1	17.974	17.974	24.981	16.464	21.095	21.114
1.400	R1	17.148	17.148	25.318	16.617	21.256	21.292
1.440	R1	17.878	17.878	25.836	16.850	21.119	21.735
1.480	R1	18.135	18.135	27.776	17.134	21.528	21.788
1.520	R1	15.698	27.176	15.698	17.213	22.009	21.798
1.560	R1	13.058	23.931	13.058	17.343	22.493	21.774
1.600	R1	19.258	19.258	26.688	17.486	22.990	21.790
1.640	R1	14.158	27.040	14.158	17.402	23.083	21.444
1.680	R1	13.188	24.255	13.188	17.330	23.132	21.372
1.720	R1	13.122	25.220	13.122	17.325	23.396	20.920
1.760	R1	20.263	20.430	27.793	17.359	23.710	20.552
1.800	R1	21.595	25.658	25.807	17.399	23.749	20.305
1.840	R1	22.484	25.241	24.837	17.312	23.715	19.809
1.880	R1	19.568	27.610	24.852	17.091	23.495	19.287
1.920	R1	19.072	28.428	21.688	16.785	23.268	18.499
1.960	R1	19.152	28.351	20.805	16.504	22.673	18.218
2.000	R1	17.017	25.729	17.017	16.528	22.549	18.242
2.040	R1	14.293	25.462	14.293	16.253	22.808	17.596
2.080	R1	17.918	27.029	17.918	16.246	22.550	17.589
2.120	R1	16.209	22.239	16.209	16.485	22.561	17.828
2.160	R1	18.757	18.757	20.037	16.603	22.253	17.945
2.200	R1	15.408	16.474	15.408	16.239	22.232	17.205
2.240	R1	13.472	13.472	15.398	15.746	21.891	16.502
2.280	R1	12.003	13.592	12.003	15.200	21.716	15.838
2.320	R1	10.093	15.274	10.093	14.921	21.613	15.295
2.360	R1	13.537	21.464	13.537	14.585	21.245	14.828
2.400	R1	13.758	24.438	13.758	14.207	20.924	14.367
2.440	R1	14.015	21.876	14.015	13.937	20.751	14.098
2.480	R1	17.968	24.479	17.968	13.976	20.590	14.137
2.520	R1	15.472	19.047	15.472	13.822	20.109	13.982
2.560	R1	12.994	20.014	12.994	13.779	19.975	13.939
2.600	R1	11.738	18.838	11.738	13.704	19.957	13.800
2.640	R1	11.558	21.742	11.558	13.768	19.967	14.171
2.680	R1	13.993	25.548	13.993	13.918	20.273	14.538
2.720	R1	12.339	21.067	12.339	14.280	20.681	15.174
2.760	R1	11.592	21.947	11.592	14.814	20.957	15.817
2.800	R1	11.632	22.255	11.632	15.019	20.765	16.113
2.840	R1	15.070	22.249	15.070	15.078	20.307	16.495
2.880	R1	14.826	17.412	14.826	15.106	19.941	16.874
2.920	R1	15.360	19.560	15.360	14.984	19.494	17.203
2.960	R1	17.250	18.382	17.250	15.009	19.340	17.605
3.000	R1	16.685	16.685	22.816	15.065	19.077	18.033
3.040	R1	16.475	19.581	22.747	15.285	19.011	18.582
3.080	R1	19.244	21.766	24.716	15.561	18.777	19.298
3.120	R1	20.782	20.782	22.960	15.679	18.318	19.852
3.160	R1	17.631	17.631	19.456	15.785	17.987	20.416
3.200	R1	14.945	15.282	21.391	15.941	17.626	20.984
3.240	R1	14.557	14.557	21.595	16.002	17.155	21.470
3.280	R1	15.544	15.544	24.562	15.809	16.603	21.571
3.320	R1	15.964	15.964	23.497	15.580	16.246	21.703
3.360	R1	14.108	14.756	21.560	15.390	15.845	21.756
3.400	R1	16.148	17.506	22.727	15.126	15.524	21.708
3.440	R1	17.073	17.073	25.875	14.988	15.417	21.264
3.480	R1	16.358	16.358	25.077	14.987	15.482	20.948
3.520	R1	14.451	14.451	23.609	14.967	15.388	20.680
3.560	R1	14.721	14.721	22.951	14.906	15.343	20.513
3.600	R1	12.847	12.847	21.356	14.598	15.510	20.114
3.640	R1	11.203	11.203	17.090	14.440	15.882	19.634
3.680	R1	10.261	10.261	17.460	14.396	16.078	19.238
3.720	R1	11.559	11.559	16.428	14.232	16.073	18.623
3.760	R1	11.960	11.960	16.283	14.005	15.845	18.281
3.800	R1	13.935	14.540	13.935	13.914	15.722	17.992
3.840	R1	16.439	20.870	16.439	13.811	15.696	17.560
3.880	R1	18.856	19.903	19.343	13.724	15.752	17.195
3.920	R1	19.556	19.878	19.632	14.010	16.401	17.046
3.960	R1	11.479	20.968	11.479	14.188	16.584	16.769
4.000	R1	11.785	22.713	11.785	14.597	17.180	16.767
4.040	R1	13.666	18.481	13.666	14.964	17.944	16.708
4.080	R1	12.268	15.441	12.268	15.546	18.647	16.996
4.120	R1	11.419	11.419	16.662	16.104	19.431	17.194
4.160	R1	12.294	12.294	15.770	16.536	20.018	17.382
4.200	R1	14.089	16.976	14.089	17.152	20.674	17.782
4.240	R1	15.325	18.192	18.581	17.281	21.035	18.106
4.280	R1	22.094	29.333	22.094	17.235	20.896	18.283
4.320	R1	17.999	18.121	18.062	17.030	20.769	18.302
4.360	R1	22.911	26.634	22.911	16.796	20.670	18.367
4.400	R1	20.180	28.132	20.180	17.055	20.476	18.670
4.440	R1	22.845	25.271	22.845	17.123	20.311	18.870
4.480	R1	21.423	25.924	21.423	17.027	20.441	18.774
4.520	R1	20.188	23.301	20.188	17.183	20.753	19.071
4.560	R1	24.278	25.096	24.278	17.337	21.255	19.179
4.600	R1	16.532	21.753	20.423	17.795	21.712	19.520
4.640	R1	15.508	18.088	19.982	18.099	21.872	19.829
4.680	R1	14.752	17.354	19.714	18.329	21.982	19.896
4.720	R1	14.884	17.903	20.931	18.128	21.477	19.695
4.760	R1	16.663	17.099	17.550	17.937	21.280	19.733
4.800	R1	13.135	19.401	15.782	17.557	20.738	19.353
4.840	R1	11.753	21.092	11.753	17.383	20.205	19.179
4.880	R1	15.380	21.684	18.192	17.045	19.759	18.841
4.920	R1	14.512	21.446	18.829	16.758	19.247	18.575
4.960	R1	21.441	21.441	22.585	16.504	18.940	18.321
5.000	R1	20.181	20.181	20.275	15.984	18.688	17.801
5.040	R1	19.917	20.382	19.917	15.711	18.583	17.333
5.080	R1	18.080	19.234	18.080	15.468	18.852	16.866
5.120	R1	14.174	14.174	18.823	15.430	18.943	16.580
5.160	R1	15.317	15.813	15.317	15.471	19.310	16.465
5.200	R1	16.690	17.471	16.690	15.393	19.671	16.494
5.240	R1	16.081	16.333	16.081	15.529	19.891	16.669
5.280	R1	15.702	15.702	16.114	15.847	20.187	17.192
5.320	R1	15.100	17.154	15.100	16.020	20.273	17.468
5.360	R1	13.875	20.057	13.875	16.245	20.453	17.748
5.400	R1	11.066	19.647	11.066	16.129	20.572	17.891
5.440	R1	10.652	23.465	10.652	15.917	20.619	17.964
5.480	R1	13.990	19.188	13.990	15.797	20.611	18.097
5.520	R1	15.716	25.241	18.630	15.851	20.609	18.450
5.560	R1	15.104	24.313	18.129	16.065	20.822	18.749
5.600	R1	15.854	23.793	19.288	16.139	20.871	19.048
5.640	R1	18.114	27.028	22.208	16.112	20.805	19.344
5.680	R1	18.825	23.401	23.709	16.271	20.952	19.756
5.720	R1	19.023	25.039	24.437	16.445	21.126	20.192
5.760	R1	19.117	23.816	25.438	16.574	21.162	20.639
5.800	R1	15.945	21.132	21.737	16.526	20.805	21.006
5.840	R1	17.505	20.229	22.571	16.596	20.446	21.355
5.880	R1	19.179	19.179	25.141	16.820	20.029	22.003
5.920	R1	18.436	18.436	24.807	17.141	20.090	22.484
5.960	R1	16.802	16.802	21.301	17.406	19.956	22.738
6.000	R1	16.153	16.153	22.613	17.684	19.924	23.004
6.040	R1	19.267	19.267	24.313	17.737	19.581	23.114
6.080	R1	19.184	19.184	24.825	17.747	19.145	23.182
6.120	R1	17.677	17.870	24.052	17.702	18.872	23.059
6.160	R1	12.918	12.918	21.214	17.557	18.641	22.817
6.200	R1	12.462	12.462	18.041	17.354	18.647	22.316
6.240	R1	15.121	15.121	23.611	17.138	18.551	21.929
6.280	R1	20.411	20.411	23.612	16.701	18.215	21.313
6.320	R1	21.026	22.571	23.706	16.108	17.841	20.506
6.360	R1	20.657	23.675	23.456	15.620	17.729	19.834
6.400	R1	16.917	16.917	21.484	15.162	17.763	19.337
6.440	R1	18.313	18.313	23.575	14.662	17.701	18.709
6.480	R1	17.935	17.935	21.241	14.040	17.574	17.988
6.520	R1	16.119	20.430	19.606	13.623	17.668	17.360
6.560	R1	15.051	23.941	15.408	13.216	17.823	16.765
6.600	R1	11.620	19.201	13.999	13.146	18.232	16.364
6.640	R1	8.772	13.521	10.260	13.058	18.668	16.025
6.680	R1	7.317	11.685	8.998	12.757	18.844	15.300
6.720	R1	8.685	16.204	11.364	12.129	18.675	14.621
6.760	R1	7.645	17.481	11.367	11.666	18.641	14.209
6.800	R1	6.135	14.910	10.045	11.124	18.495	13.669
6.840	R1	6.828	16.739	9.895	10.723	18.563	13.226
6.880	R1	10.853	21.045	12.274	10.260	18.286	12.693
6.920	R1	9.528	20.971	12.136	9.900	18.085	12.379
6.960	R1	11.526	21.098	13.208	9.651	17.936	12.084
7.000	R1	10.700	21.182	11.260	9.471	17.561	12.008
7.040	R1	9.097	18.651	9.097	9.316	17.470	11.734
7.080	R1	7.864	17.028	10.048	9.276	17.647	11.619
7.120	R1	11.766	21.896	15.452	9.271	17.881	11.531
7.160	R1	9.817	20.743	12.654	9.099	17.735	11.225
7.200	R1	8.885	18.287	12.632	8.846	17.561	10.786
7.240	R1	9.048	12.763	12.909	8.661	17.448	10.405
7.280	R1	10.749	13.927	14.973	8.448	17.323	10.038
7.320	R1	11.135	17.443	13.704	8.031	16.869	9.551
7.360	R1	11.445	16.453	13.883	7.681	16.515	9.071
7.400	R1	8.523	17.367	8.523	7.225	16.142	8.530
7.440	R1	7.969	17.068	7.969	6.816	15.631	8.093
7.480	R1	7.224	16.361	7.224	6.478	15.370	7.755
7.520	R1	5.247	13.286	5.247	6.208	15.032	7.376
7.560	R1	2.590	14.003	2.590	5.743	14.333	6.727
7.600	R1	2.428	12.639	2.428	5.421	13.766	6.263
7.640	R1	2.559	14.253	2.559	5.112	13.379	5.767
7.680	R1	2.516	11.952	2.516	4.794	13.279	5.256
7.720	R1	2.535	13.894	2.535	4.396	13.068	4.646
7.760	R1	2.403	13.647	2.403	3.969	12.665	4.091
7.800	R1	2.513	10.967	2.513	3.540	12.337	3.540
7.840	R1	2.346	13.418	2.346	3.258	11.766	3.258
7.880	R1	2.460	10.280	2.460	2.992	11.225	2.992
7.920	R1	2.468	7.910	2.468	2.772	10.684	2.772
7.960	R1	3.385	9.405	3.385	2.658	10.283	2.658
8.000	R1	2.699	10.536	2.699	2.656	9.852	2.656
8.040	R1	2.695	10.763	2.695	2.670	9.492	2.670
8.080	R1	2.772	9.706	2.772	2.686	9.008	2.686
8.120	R1	2.611	9.383	2.611	2.706	8.649	2.706
8.160	R1	2.862	9.895	2.862	2.718	8.196	2.718
8.200	R1	2.869	5.954	2.869	2.742	7.901	2.742
8.240	R1	2.654	6.241	2.654	2.770	7.635	2.770
8.280	R1	2.834	5.550	2.834	2.802	7.266	2.802
8.320	R1	2.952	5.255	2.952	2.806	7.076	2.806
8.360	R1	2.549	5.387	2.549	2.819	6.985	2.819
8.400	R1	2.712	5.449	2.712	2.792	6.771	2.792
8.440	R1	2.877	4.574	2.877	2.795	6.496	2.795
8.480	R1	2.913	4.767	2.913	2.798	6.404	2.798
8.520	R1	2.794	4.838	2.794	2.791	6.312	2.791
8.560	R1	2.864	7.747	2.864	2.790	6.223	2.790
8.600	R1	3.082	5.641	3.082	2.779	5.967	2.779
8.640	R1	2.993	6.043	2.993	2.777	6.006	2.777
8.680	R1	2.533	6.468	2.533	2.775	6.031	2.775
8.720	R1	2.738	6.095	2.738	2.769	6.060	2.769
8.760	R1	2.839	5.120	2.839	2.769	6.134	2.769
8.800	R1	2.746	5.053	2.746	2.775	6.204	2.775
8.840	R1	2.767	8.911	2.767	2.772	6.331	2.772
8.880	R1	2.632	7.872	2.632	2.771	6.417	2.771
8.920	R1	2.592	7.601	2.592	2.759	6.586	2.759
8.960	R1	2.629	4.781	2.629	2.762	6.781	2.762
9.000	R1	2.835	6.737	2.835	2.742	6.704	2.742
9.040	R1	2.614	6.737	2.614	2.716	6.713	2.716
9.080	R1	2.713	6.120	2.713	2.696	6.601	2.696
9.120	R1	2.950	6.747	2.950	2.710	6.434	2.710
9.160	R1	2.682	6.778	2.682	2.718	6.276	2.718
9.200	R1	2.637	7.996	2.637	2.687	6.131	2.715
9.240	R1	2.871	6.283	2.871	2.664	5.993	2.701
9.280	R1	2.663	8.163	2.663	2.662	5.683	2.702
9.320	R1	2.851	8.729	2.851	2.647	5.406	2.703
9.360	R1	2.466	6.207	2.466	2.625	5.133	2.710
9.400	R1	2.576	5.824	2.576	2.609	5.010	2.713
9.440	R1	2.578	3.804	2.578	2.607	4.830	2.711
9.480	R1	2.824	3.121	2.824	2.579	4.596	2.721
9.520	R1	2.894	2.932	2.894	2.560	4.406	2.715
9.560	R1	2.226	2.226	2.777	2.548	4.204	2.703
9.600	R1	2.284	2.284	2.467	2.550	4.050	2.705
9.640	R1	2.717	2.717	2.785	2.536	3.768	2.704
9.680	R1	2.333	2.333	2.660	2.530	3.598	2.698
9.720	R1	2.148	2.148	2.722	2.527	3.324	2.695
9.760	R1	2.315	2.315	2.685	2.511	3.015	2.682
9.800	R1	2.806	3.139	2.806	2.535	2.921	2.705
9.840	R1	2.045	2.045	2.808	2.546	2.774	2.716
9.880	R1	2.327	2.327	2.589	2.536	2.704	2.722
9.920	R1	2.718	2.718	2.720	2.529	2.695	2.714
9.960	R1	2.729	3.686	2.729	2.522	2.706	2.707
10.000	R1	2.350	2.350	2.614	2.517	2.700	2.702
10.040	R1	2.742	2.897	2.742	2.545	2.798	2.722
10.080	R1	2.604	2.678	2.604	2.552	2.908	2.726
10.120	R1	2.545	2.545	2.587	2.569	2.991	2.726
10.160	R1	2.933	4.333	2.933	2.594	3.079	2.723
10.200	R1	2.792	2.891	2.792	2.610	3.331	2.720
10.240	R1	2.395	2.395	2.697	2.607	3.557	2.717
10.280	R1	2.678	2.948	2.678	2.648	3.836	2.720
10.320	R1	2.748	3.137	2.748	2.670	3.857	2.792
10.360	R1	2.121	2.121	2.682	2.663	3.850	2.811
10.400	R1	2.863	4.240	2.863	2.629	3.769	2.820
10.440	R1	2.853	4.916	2.853	2.639	3.783	2.817
10.480	R1	2.671	3.983	2.671	2.595	3.730	2.809
10.520	R1	2.654	3.918	2.654	2.575	3.707	2.837
10.560	R1	2.634	7.358	2.634	2.581	3.713	2.845
10.600	R1	2.736	7.660	2.736	2.583	3.645	2.852
10.640	R1	2.867	7.613	2.867	2.570	3.627	2.866
10.680	R1	2.759	2.759	4.040	2.573	3.630	2.871
10.720	R1	2.579	2.579	3.089	2.539	3.582	2.878
10.760	R1	2.052	2.052	2.909	2.526	3.550	2.891
10.800	R1	2.557	2.628	2.557	2.551	3.575	2.915
10.840	R1	1.851	1.851	2.585	2.543	3.498	2.923
10.880	R1	2.213	2.213	3.174	2.538	3.391	2.967
10.920	R1	2.665	2.665	2.740	2.532	3.318	2.984
10.960	R1	2.968	2.968	3.081	2.530	3.253	3.003
11.000	R1	2.528	2.528	3.072	2.532	3.019	3.045
11.040	R1	2.457	2.457	2.777	2.527	2.768	3.076
11.080	R1	1.996	1.996	2.820	2.506	2.509	3.083
11.120	R1	2.491	2.491	3.006	2.472	2.475	3.015
11.160	R1	2.618	2.618	3.176	2.469	2.472	2.998
11.200	R1	2.702	2.702	3.026	2.495	2.498	3.015
11.240	R1	2.772	2.772	3.719	2.504	2.625	3.025
11.280	R1	2.533	2.533	3.018	2.552	2.775	3.036
11.320	R1	2.617	2.617	3.042	2.537	2.760	3.027
11.360	R1	2.682	2.682	3.468	2.541	2.929	3.027
11.400	R1	2.639	2.639	3.359	2.535	3.060	3.015
11.440	R1	2.439	2.439	2.993	2.538	3.207	2.991
11.480	R1	2.075	2.075	2.684	2.549	3.334	2.986
11.520	R1	2.518	2.518	2.755	2.581	3.379	2.977
11.560	R1	2.576	2.576	3.251	2.577	3.376	2.960
11.600	R1	2.746	5.171	2.746	2.575	3.373	2.947
11.640	R1	2.813	4.842	2.813	2.571	3.370	2.943
11.680	R1	1.905	1.905	2.988	2.569	3.373	2.893
11.720	R1	2.750	6.044	2.750	2.572	3.377	2.886
11.760	R1	2.844	5.604	2.844	2.555	3.359	2.876
11.800	R1	2.587	5.462	2.587	2.549	3.354	2.846
11.840	R1	2.670	4.996	2.670	2.548	3.353	2.815
11.880	R1	2.640	2.895	2.640	2.547	3.352	2.799
11.920	R1	2.425	2.425	2.681	2.553	3.358	2.796
11.960	R1	2.566	2.566	2.912	2.535	3.339	2.800
12.000	R1	2.633	2.633	2.947	2.509	3.314	2.766
12.040	R1	2.720	2.842	2.720	2.497	3.200	2.753
12.080	R1	2.604	2.604	2.867	2.487	3.089	2.747
12.120	R1	2.267	2.267	2.849	2.516	3.118	2.740
12.160	R1	2.568	2.568	2.856	2.512	2.955	2.736
12.200	R1	2.626	2.626	2.754	2.496	2.801	2.730
12.240	R1	2.415	2.415	2.670	2.480	2.641	2.730
12.280	R1	2.196	2.196	2.614	2.472	2.517	2.736
12.320	R1	2.149	2.149	2.846	2.455	2.487	2.749
12.360	R1	2.059	2.059	2.558	2.465	2.503	2.746
12.400	R1	2.494	2.903	2.494	2.465	2.503	2.732
12.440	R1	2.626	2.626	2.698	2.458	2.497	2.715
12.480	R1	2.476	2.476	2.844	2.449	2.482	2.710
12.520	R1	2.665	2.789	2.665	2.420	2.453	2.708
12.560	R1	2.524	2.524	2.723	2.413	2.446	2.713
12.600	R1	2.269	2.269	2.599	2.414	2.448	2.699
12.640	R1	2.510	2.510	2.774	2.417	2.451	2.697
12.680	R1	2.297	2.297	2.912	2.409	2.443	2.693
12.720	R1	2.625	2.740	2.625	2.430	2.464	2.701
12.760	R1	2.573	2.573	2.632	2.453	2.488	2.689
12.800	R1	2.504	2.504	2.606	2.485	2.524	2.696
12.840	R1	2.536	2.536	2.604	2.489	2.508	2.712
12.880	R1	2.024	2.024	2.846	2.491	2.510	2.713
12.920	R1	2.128	2.128	2.941	2.498	2.518	2.704
12.960	R1	2.582	2.611	2.582	2.462	2.475	2.708
13.000	R1	2.680	2.680	2.704	2.467	2.480	2.715
13.040	R1	2.257	2.257	2.600	2.466	2.479	2.730
13.080	R1	2.622	2.622	2.766	2.467	2.480	2.734
13.120	R1	2.612	2.627	2.612	2.468	2.481	2.725
13.160	R1	2.693	2.791	2.693	2.461	2.468	2.731
13.200	R1	2.577	2.577	2.820	2.427	2.434	2.736
13.240	R1	2.664	2.664	2.709	2.442	2.462	2.746
13.280	R1	2.628	2.628	2.659	2.447	2.473	2.748
13.320	R1	1.937	1.937	2.759	2.466	2.500	2.726
13.360	R1	2.632	2.632	2.864	2.487	2.521	2.719
13.400	R1	2.248	2.248	2.895	2.489	2.521	2.734
13.440	R1	2.519	2.519	2.843	2.482	2.514	2.730
13.480	R1	2.325	2.325	2.737	2.501	2.533	2.738
13.520	R1	2.479	2.479	2.750	2.498	2.536	2.727
13.560	R1	1.897	1.897	2.737	2.474	2.512	2.738
13.600	R1	2.792	3.064	2.792	2.458	2.490	2.740
13.640	R1	2.643	2.743	2.643	2.433	2.465	2.744
13.680	R1	2.413	2.568	2.413	2.430	2.472	2.739
13.720	R1	2.549	2.549	2.796	2.442	2.484	2.751
13.760	R1	2.608	2.608	2.890	2.453	2.495	2.755
13.800	R1	2.553	2.553	2.631	2.420	2.462	2.762
13.840	R1	2.631	2.631	2.753	2.437	2.479	2.750
13.880	R1	2.552	2.677	2.552	2.410	2.452	2.741
13.920	R1	2.148	2.148	2.832	2.419	2.461	2.741
13.960	R1	2.363	2.363	2.732	2.401	2.442	2.736
14.000	R1	2.072	2.072	2.891	2.441	2.495	2.734
14.040	R1	2.615	2.801	2.615	2.428	2.469	2.729
14.080	R1	2.872	2.872	2.890	2.419	2.455	2.736
14.120	R1	2.157	2.157	2.837	2.441	2.472	2.758
14.160	R1	1.969	1.969	3.005	2.417	2.447	2.740
14.200	R1	2.591	2.591	2.652	2.427	2.461	2.736
14.240	R1	1.966	1.966	2.674	2.430	2.464	2.740
14.280	R1	2.516	2.516	2.731	2.428	2.462	2.737
14.320	R1	2.105	2.105	2.659	2.427	2.455	2.751
14.360	R1	2.696	2.949	2.696	2.457	2.488	2.747
14.400	R1	2.535	2.535	2.684	2.475	2.507	2.747
14.440	R1	2.467	2.467	2.781	2.478	2.510	2.738
14.480	R1	2.860	2.902	2.860	2.476	2.507	2.736
14.520	R1	2.067	2.067	2.436	2.461	2.491	2.729
14.560	R1	2.807	2.882	2.807	2.481	2.512	2.724
14.600	R1	2.609	2.609	2.701	2.501	2.531	2.707
14.640	R1	2.587	2.587	2.707	2.484	2.515	2.714
14.680	R1	2.536	2.536	2.824	2.513	2.550	2.707
14.720	R1	2.747	2.807	2.747	2.499	2.536	2.701
14.760	R1	2.731	2.758	2.731	2.522	2.559	2.710
14.800	R1	2.121	2.121	2.714	2.522	2.546	2.720
14.840	R1	2.586	2.742	2.586	2.516	2.540	2.723
14.880	R1	2.558	2.558	2.748	2.519	2.543	2.718
14.920	R1	2.566	2.566	2.737	2.512	2.551	2.711
14.960	R1	2.362	2.362	2.670	2.538	2.578	2.720
15.000	R1	2.261	2.261	2.777	2.527	2.574	2.709
15.040	R1	2.541	2.662	2.541	2.534	2.588	2.711
15.080	R1	2.243	2.243	2.613	2.510	2.565	2.713
15.120	R1	2.559	2.559	2.840	2.511	2.566	2.710
15.160	R1	2.703	2.703	2.890	2.468	2.519	2.697
15.200	R1	2.416	2.416	2.756	2.437	2.487	2.686
15.240	R1	2.513	2.513	2.679	2.436	2.486	2.684
15.280	R1	2.720	3.068	2.720	2.436	2.479	2.692
15.320	R1	2.604	2.604	2.610	2.439	2.488	2.684
15.360	R1	2.583	2.812	2.583	2.445	2.499	2.682
15.400	R1	2.740	2.887	2.740	2.431	2.486	2.687
15.440	R1	2.117	2.117	2.743	2.439	2.493	2.687
15.480	R1	2.550	2.550	2.773	2.421	2.469	2.697
15.520	R1	1.886	1.886	2.478	2.432	2.480	2.698
15.560	R1	2.111	2.111	2.517	2.429	2.477	2.702
15.600	R1	2.098	2.098	2.686	2.406	2.454	2.687
15.640	R1	2.595	2.595	2.728	2.416	2.464	2.687
15.680	R1	2.607	2.752	2.607	2.416	2.464	2.695
15.720	R1	2.690	2.780	2.690	2.382	2.413	2.690
15.760	R1	2.093	2.093	2.766	2.389	2.419	2.699
15.800	R1	2.415	2.415	2.778	2.377	2.396	2.705
15.840	R1	2.186	2.186	2.731	2.368	2.392	2.696
15.880	R1	2.455	2.455	2.638	2.370	2.393	2.688
15.920	R1	2.494	2.494	2.930	2.374	2.398	2.681
15.960	R1	2.240	2.240	2.588	2.411	2.434	2.694
16.000	R1	2.628	2.628	2.751	2.439	2.462	2.704
16.040	R1	2.510	2.510	2.843	2.435	2.458	2.703
16.080	R1	2.044	2.044	2.616	2.434	2.457	2.707
16.120	R1	2.734	2.734	2.800	2.419	2.436	2.701
16.160	R1	2.352	2.352	2.705	2.409	2.430	2.690
16.200	R1	2.558	2.792	2.558	2.431	2.453	2.696
16.240	R1	2.150	2.150	2.577	2.438	2.480	2.685
16.280	R1	2.639	2.639	2.639	2.467	2.517	2.686
16.320	R1	2.616	2.616	2.725	2.442	2.492	2.693
16.360	R1	2.674	2.674	2.714	2.419	2.469	2.683
16.400	R1	2.016	2.016	2.675	2.433	2.484	2.698
16.440	R1	2.576	2.576	2.807	2.435	2.485	2.699
16.480	R1	2.316	2.316	2.478	2.438	2.489	2.686
16.520	R1	2.481	2.675	2.481	2.458	2.508	2.687
16.560	R1	2.544	2.544	2.891	2.458	2.508	2.683
16.600	R1	2.551	2.969	2.551	2.470	2.576	2.678
16.640	R1	2.762	2.925	2.762	2.470	2.628	2.678
16.680	R1	1.951	1.951	2.762	2.497	2.656	2.683
16.720	R1	2.039	2.039	2.729	2.500	2.669	2.687
16.760	R1	2.524	2.524	2.885	2.509	2.693	2.690
16.800	R1	2.662	2.662	2.780	2.478	2.661	2.687
16.840	R1	2.572	2.572	2.585	2.505	2.688	2.686
16.880	R1	2.441	2.441	2.624	2.518	2.795	2.688
16.920	R1	2.731	2.732	2.731	2.524	2.910	2.686
16.960	R1	2.598	3.699	2.598	2.522	2.898	2.692
17.000	R1	2.560	3.832	2.560	2.488	2.865	2.685
17.040	R1	2.679	2.724	2.679	2.493	2.849	2.690
17.080	R1	2.713	2.899	2.713	2.495	2.857	2.692
17.120	R1	2.796	3.083	2.796	2.525	2.926	2.681
17.160	R1	2.042	2.042	2.661	2.553	2.994	2.675
17.200	R1	2.554	2.554	2.646	2.566	3.027	2.669
17.240	R1	2.845	4.712	2.845	2.562	3.054	2.660
17.280	R1	2.440	4.630	2.440	2.566	3.058	2.668
17.320	R1	2.431	2.431	2.602	2.582	3.173	2.674
17.360	R1	1.875	1.875	2.742	2.581	3.302	2.674
17.400	R1	2.649	2.654	2.649	2.593	3.332	2.686
17.440	R1	2.803	3.081	2.803	2.597	3.297	2.690
17.480	R1	2.548	3.344	2.548	2.601	3.359	2.694
17.520	R1	2.601	3.397	2.601	2.599	3.347	2.694
17.560	R1	2.777	3.184	2.777	2.602	3.337	2.696
17.600	R1	2.590	3.202	2.590	2.635	3.409	2.699
17.640	R1	2.645	2.645	2.752	2.647	3.427	2.706
17.680	R1	2.754	4.739	2.754	2.620	3.306	2.701
17.720	R1	2.714	5.317	2.714	2.631	3.251	2.712
17.760	R1	2.839	4.296	2.839	2.640	3.294	2.713
17.800	R1	2.649	3.124	2.649	2.666	3.320	2.704
17.840	R1	2.756	3.964	2.756	2.674	3.364	2.711
17.880	R1	2.676	2.676	2.713	2.643	3.319	2.708
17.920	R1	2.845	2.870	2.845	2.638	3.274	2.712
17.960	R1	2.714	3.491	2.714	2.641	3.255	2.715
18.000	R1	2.787	2.902	2.787	2.614	3.208	2.716
18.040	R1	2.297	2.297	2.740	2.610	3.173	2.726
18.080	R1	2.668	3.535	2.668	2.614	3.189	2.725
18.120	R1	2.608	3.282	2.608	2.611	3.113	2.721
18.160	R1	2.408	2.408	2.568	2.605	3.010	2.716
18.200	R1	2.802	3.531	2.802	2.592	2.969	2.703
18.240	R1	2.180	2.180	2.732	2.600	2.975	2.711
18.280	R1	2.446	2.446	2.624	2.603	2.982	2.714
18.320	R1	2.673	3.020	2.673	2.594	3.054	2.703
18.360	R1	2.234	2.234	2.790	2.591	3.160	2.700
18.400	R1	2.497	2.497	2.789	2.604	3.229	2.713
18.440	R1	2.724	2.962	2.724	2.594	3.312	2.703
18.480	R1	2.692	3.227	2.692	2.602	3.366	2.689
18.520	R1	2.611	3.261	2.611	2.609	3.330	2.697
18.560	R1	2.564	3.478	2.564	2.612	3.305	2.699
18.600	R1	2.821	3.229	2.821	2.644	3.337	2.723
18.640	R1	2.806	4.120	2.806	2.637	3.335	2.716
18.680	R1	2.506	4.100	2.506	2.675	3.497	2.726
18.720	R1	2.787	4.995	2.787	2.688	3.616	2.731
18.760	R1	2.967	4.883	2.967	2.689	3.624	2.732
18.800	R1	2.593	4.548	2.593	2.704	3.800	2.719
18.840	R1	2.462	3.391	2.462	2.721	3.818	2.866
18.880	R1	2.806	2.806	2.814	2.726	3.959	2.871
18.920	R1	2.658	2.777	2.658	2.730	4.083	2.875
18.960	R1	3.048	3.050	3.048	2.740	4.175	2.885
19.000	R1	2.659	3.499	2.659	2.751	4.268	2.896
19.040	R1	2.938	5.417	2.938	2.739	4.423	2.884
19.080	R1	2.718	4.815	2.718	2.727	4.492	2.871
19.120	R1	2.689	3.191	2.689	2.736	4.531	2.881
19.160	R1	2.525	5.761	2.525	2.723	4.529	2.868
19.200	R1	2.849	2.849	5.736	2.685	4.395	2.982
19.240	R1	2.826	5.783	2.826	2.694	4.437	2.991
19.280	R1	2.761	5.709	2.761	2.714	4.537	3.011
19.320	R1	2.818	5.091	2.818	2.712	4.695	3.008
19.360	R1	2.777	5.341	2.777	2.723	4.884	3.019
19.400	R1	2.593	6.325	2.593	2.709	5.025	3.005
19.440	R1	2.550	5.512	2.550	2.715	5.077	3.011
19.480	R1	2.704	4.882	2.704	2.693	5.023	2.989
19.520	R1	2.525	4.951	2.525	2.702	4.961	2.998
19.560	R1	2.205	2.205	5.241	2.698	5.040	2.994
19.600	R1	2.774	5.388	2.774	2.695	4.875	3.054
19.640	R1	2.859	5.381	2.859	2.655	4.835	2.957
19.680	R1	2.762	5.973	2.762	2.642	4.674	3.038
19.720	R1	2.875	6.554	2.875	2.648	4.685	3.044
19.760	R1	2.772	5.879	2.772	2.614	4.538	3.116
19.800	R1	2.778	4.526	2.778	2.575	4.370	3.191
19.840	R1	2.507	4.348	2.507	2.575	4.184	3.263
19.880	R1	2.893	3.574	2.893	2.594	4.056	3.366
19.920	R1	2.612	4.771	2.612	2.600	4.017	3.371
19.960	R1	2.452	2.452	3.720	2.604	3.899	3.493
20.000	R1	2.054	2.054	3.802	2.629	3.957	3.367
20.040	R1	2.570	2.570	4.447	2.608	3.811	3.346
20.080	R1	2.874	5.931	2.874	2.604	3.759	3.342
20.120	R1	2.137	2.137	4.252	2.607	3.757	3.345
20.160	R1	1.995	1.995	4.283	2.593	3.696	3.330
20.200	R1	2.602	2.602	4.032	2.588	3.571	3.326
20.240	R1	2.936	2.936	4.604	2.589	3.556	3.326
20.280	R1	2.815	4.111	2.815	2.604	3.519	3.341
20.320	R1	2.598	2.598	4.955	2.579	3.460	3.339
20.360	R1	2.720	3.365	2.720	2.578	3.362	3.338
20.400	R1	2.352	2.460	2.352	2.575	3.359	3.291
20.440	R1	2.781	4.344	2.781	2.595	3.378	3.242
20.480	R1	2.823	5.933	2.823	2.599	3.413	3.153
20.520	R1	2.587	5.335	2.587	2.591	3.252	3.155
20.560	R1	2.680	3.374	2.680	2.616	3.277	3.086
20.600	R1	2.788	4.221	2.788	2.657	3.344	3.014
20.640	R1	2.802	3.608	2.802	2.651	3.408	2.936
20.680	R1	2.399	2.399	2.850	2.624	3.381	2.828
20.720	R1	2.601	2.812	2.601	2.623	3.375	2.827
20.760	R1	2.391	2.391	2.767	2.616	3.500	2.703
20.800	R1	2.445	2.445	2.835	2.619	3.572	2.706
20.840	R1	2.662	3.261	2.662	2.643	3.648	2.729
20.880	R1	2.712	2.712	2.906	2.644	3.674	2.731
20.920	R1	2.630	2.630	2.887	2.646	3.606	2.732
20.960	R1	2.825	3.350	2.825	2.670	3.492	2.764
21.000	R1	2.475	3.879	2.475	2.646	3.434	2.807
21.040	R1	2.392	2.392	2.451	2.638	3.593	2.799
21.080	R1	2.790	3.988	2.790	2.625	3.685	2.786
21.120	R1	2.476	5.105	2.476	2.630	3.779	2.768
21.160	R1	2.778	4.797	2.778	2.635	3.858	2.773
21.200	R1	2.824	3.975	2.824	2.657	3.943	2.776
21.240	R1	2.804	4.868	2.804	2.664	3.983	2.764
21.280	R1	2.862	4.573	2.862	2.667	3.984	2.766
21.320	R1	3.057	3.057	3.224	2.656	3.973	2.759
21.360	R1	2.210	2.210	3.529	2.652	3.969	2.751
21.400	R1	2.629	7.402	2.629	2.643	3.997	2.742
21.440	R1	2.545	5.444	2.545	2.663	4.006	2.762
21.480	R1	2.501	4.288	2.501	2.686	4.134	2.783
21.520	R1	2.694	4.382	2.694	2.682	4.167	2.778
21.560	R1	2.828	4.105	2.828	2.699	4.171	2.795
21.600	R1	2.586	3.234	2.586	2.721	4.176	2.817
21.640	R1	2.716	3.293	2.716	2.720	4.130	2.816
21.680	R1	2.492	2.492	2.753	2.722	4.040	2.818
21.720	R1	2.549	2.549	2.728	2.713	4.026	2.809
21.760	R1	2.654	3.915	2.654	2.705	4.023	2.793
21.800	R1	2.876	4.055	2.876	2.729	4.076	2.750
21.840	R1	2.860	4.946	2.860	2.725	3.872	2.747
21.880	R1	2.702	4.648	2.702	2.750	3.793	2.772
21.920	R1	2.807	5.180	2.807	2.764	3.745	2.786
21.960	R1	3.224	4.910	3.224	2.767	3.766	2.789
22.000	R1	2.806	3.053	2.806	2.773	3.795	2.794
22.040	R1	2.844	3.058	2.844	2.790	3.859	2.812
22.080	R1	2.682	4.305	2.682	2.790	3.904	2.812
22.120	R1	2.895	2.989	2.895	2.794	4.032	2.803
22.160	R1	2.681	3.266	2.681	2.801	4.078	2.801
22.200	R1	2.554	3.332	2.554	2.812	4.098	2.812
22.240	R1	3.043	3.856	3.043	2.803	4.031	2.807
22.280	R1	2.777	3.327	2.777	2.800	3.969	2.805
22.320	R1	2.756	4.797	2.756	2.795	3.986	2.799
22.360	R1	2.945	4.699	2.945	2.787	3.878	2.791
22.400	R1	2.940	4.505	2.940	2.764	3.864	2.768
22.440	R1	2.711	4.205	2.711	2.754	3.921	2.759
22.480	R1	2.576	5.051	2.576	2.747	3.979	2.751
22.520	R1	2.678	3.466	2.678	2.755	4.034	2.759
22.560	R1	2.876	4.318	2.876	2.738	4.218	2.742
22.600	R1	2.703	2.703	2.791	2.731	4.259	2.735
22.640	R1	2.802	3.717	2.802	2.730	4.219	2.742
22.680	R1	2.597	4.972	2.597	2.683	4.131	2.731
22.720	R1	2.642	3.023	2.642	2.656	4.077	2.715
22.760	R1	2.773	4.640	2.773	2.620	3.939	2.702
22.800	R1	2.609	4.186	2.609	2.603	3.835	2.698
22.840	R1	2.701	4.224	2.701	2.560	3.713	2.691
22.880	R1	2.838	5.396	2.838	2.559	3.650	2.689
22.920	R1	2.554	6.671	2.554	2.536	3.504	2.701
22.960	R1	2.536	4.083	2.536	2.526	3.454	2.707
23.000	R1	2.544	2.544	2.688	2.485	3.341	2.710
23.040	R1	2.103	2.103	2.826	2.462	3.318	2.714
23.080	R1	2.238	2.238	2.457	2.456	3.266	2.718
23.120	R1	2.032	2.032	2.492	2.455	3.151	2.717
23.160	R1	2.613	2.613	2.881	2.465	3.143	2.727
23.200	R1	2.079	2.079	2.783	2.444	3.029	2.726
23.240	R1	2.680	2.942	2.680	2.441	2.947	2.732
23.280	R1	2.125	2.125	2.822	2.431	2.861	2.751
23.320	R1	2.469	2.469	2.791	2.420	2.722	2.742
23.360	R1	2.051	2.051	2.948	2.432	2.632	2.755
23.400	R1	2.254	2.254	2.858	2.437	2.697	2.759
23.440	R1	2.681	2.681	2.882	2.442	2.702	2.760
23.480	R1	2.583	2.670	2.583	2.460	2.719	2.774
23.520	R1	2.834	2.861	2.834	2.489	2.762	2.793
23.560	R1	2.358	2.358	2.748	2.503	2.783	2.784
23.600	R1	2.539	2.539	2.744	2.471	2.751	2.787
23.640	R1	2.515	2.515	3.069	2.480	2.759	2.779
23.680	R1	2.610	2.610	2.668	2.487	2.799	2.786
23.720	R1	2.805	4.864	2.805	2.516	2.891	2.780
23.760	R1	2.632	5.388	2.632	2.522	2.896	2.789
23.800	R1	2.638	2.638	2.700	2.563	2.945	2.785
23.840	R1	2.454	2.454	3.103	2.600	2.993	2.792
23.880	R1	2.833	3.106	2.833	2.610	3.011	2.792
23.920	R1	2.308	2.436	2.308	2.629	3.112	2.811
23.960	R1	1.974	1.974	2.954	2.623	3.192	2.805
24.000	R1	2.251	2.251	2.611	2.625	3.320	2.787
24.040	R1	2.819	3.732	2.819	2.639	3.347	2.791
24.080	R1	2.718	3.967	2.718	2.645	3.445	2.769
24.120	R1	2.577	2.577	2.954	2.659	3.596	2.781
24.160	R1	2.880	3.031	2.880	2.665	3.589	2.787
24.200	R1	2.994	3.205	2.994	2.654	3.441	2.791
24.240	R1	2.881	3.044	2.881	2.664	3.472	2.797
24.280	R1	2.966	4.683	2.966	2.681	3.572	2.782
24.320	R1	2.705	4.471	2.705	2.682	3.609	2.782
24.360	R1	2.401	4.917	2.401	2.699	3.662	2.800
24.400	R1	2.823	3.074	2.823	2.729	3.728	2.781
24.440	R1	2.624	4.486	2.624	2.746	3.745	2.790
24.480	R1	2.904	5.612	2.904	2.710	3.663	2.791
24.520	R1	2.924	4.741	2.924	2.678	3.568	2.805
24.560	R1	2.414	2.414	2.713	2.668	3.558	2.800
24.600	R1	2.830	3.263	2.830	2.635	3.518	2.787
24.640	R1	2.797	4.463	2.797	2.629	3.501	2.787
24.680	R1	2.843	3.833	2.843	2.616	3.493	2.774
24.720	R1	2.663	3.511	2.663	2.598	3.390	2.765
24.760	R1	2.570	3.275	2.570	2.605	3.330	2.771
24.800	R1	2.591	2.591	2.798	2.609	3.209	2.789
24.840	R1	2.094	2.094	2.826	2.597	3.190	2.777
24.880	R1	2.084	2.084	3.001	2.592	3.097	2.772
24.920	R1	2.364	2.364	2.863	2.575	2.959	2.755
24.960	R1	2.231	2.231	2.625	2.567	2.860	2.752
25.000	R1	2.872	2.872	2.991	2.573	2.889	2.743
25.040	R1	2.614	2.880	2.614	2.564	2.858	2.744
25.080	R1	2.619	2.619	2.778	2.552	2.763	2.739
25.120	R1	2.837	3.285	2.837	2.536	2.697	2.733
25.160	R1	2.488	2.488	2.766	2.511	2.630	2.722
25.200	R1	2.578	2.687	2.578	2.518	2.609	2.729
25.240	R1	2.521	2.637	2.521	2.486	2.577	2.734
25.280	R1	2.573	2.841	2.573	2.519	2.610	2.736
25.320	R1	2.764	2.764	2.859	2.517	2.607	2.714
25.360	R1	2.527	2.993	2.527	2.519	2.610	2.711
25.400	R1	2.642	2.642	2.854	2.537	2.634	2.709
25.440	R1	2.557	2.557	2.697	2.505	2.602	2.700
25.480	R1	2.529	2.529	2.713	2.505	2.588	2.708
25.520	R1	2.171	2.171	2.447	2.501	2.585	2.699
25.560	R1	2.707	2.850	2.707	2.484	2.545	2.690
25.600	R1	1.953	1.953	2.909	2.493	2.554	2.689
25.640	R1	2.749	2.749	2.850	2.474	2.529	2.698
25.680	R1	2.035	2.035	2.567	2.482	2.545	2.706
25.720	R1	2.416	2.416	2.802	2.492	2.543	2.716
25.760	R1	2.586	2.709	2.586	2.453	2.503	2.719
25.800	R1	2.228	2.228	2.821	2.463	2.511	2.729
25.840	R1	2.615	2.615	2.762	2.461	2.509	2.725
25.880	R1	2.540	2.540	2.600	2.454	2.524	2.712
25.920	R1	2.496	2.496	2.663	2.456	2.525	2.709
25.960	R1	2.661	2.661	2.753	2.482	2.555	2.722
26.000	R1	2.199	2.199	2.739	2.474	2.560	2.714
26.040	R1	2.698	2.955	2.698	2.485	2.571	2.708
26.080	R1	2.775	2.794	2.775	2.471	2.557	2.717
26.120	R1	1.973	1.973	2.912	2.477	2.563	2.729
26.160	R1	2.734	3.154	2.734	2.450	2.536	2.722
26.200	R1	2.594	2.594	2.775	2.454	2.540	2.726
26.240	R1	2.425	2.857	2.425	2.470	2.556	2.719
26.280	R1	2.560	2.560	2.663	2.436	2.522	2.713
26.320	R1	2.691	2.762	2.691	2.405	2.492	2.713
26.360	R1	2.548	2.951	2.548	2.394	2.480	2.714
26.400	R1	2.175	2.175	2.788	2.381	2.467	2.707
26.440	R1	2.463	2.463	3.041	2.398	2.484	2.703
26.480	R1	2.162	2.162	2.808	2.399	2.481	2.705
26.520	R1	1.882	1.882	2.660	2.390	2.471	2.696
26.560	R1	2.656	2.778	2.656	2.411	2.512	2.670
26.600	R1	2.550	2.550	2.688	2.406	2.486	2.666
26.640	R1	1.939	1.939	2.640	2.399	2.479	2.677
26.680	R1	1.928	1.928	2.598	2.391	2.449	2.694
26.720	R1	2.266	2.266	2.692	2.396	2.467	2.694
26.760	R1	2.398	2.398	2.613	2.381	2.448	2.692
26.800	R1	2.543	2.543	2.663	2.389	2.436	2.707
26.840	R1	2.722	2.886	2.722	2.412	2.469	2.700
26.880	R1	2.595	2.595	2.604	2.427	2.503	2.685
26.920	R1	2.397	2.798	2.397	2.427	2.503	2.687
26.960	R1	2.632	2.632	2.644	2.458	2.553	2.679
27.000	R1	2.450	2.450	2.995	2.443	2.532	2.686
27.040	R1	2.257	2.257	2.764	2.448	2.536	2.684
27.080	R1	2.672	2.928	2.672	2.482	2.594	2.683
27.120	R1	2.384	2.384	2.641	2.515	2.628	2.694
27.160	R1	2.702	2.702	2.853	2.527	2.640	2.692
27.200	R1	2.648	2.842	2.648	2.530	2.642	2.697
27.240	R1	2.749	3.134	2.749	2.532	2.657	2.694
27.280	R1	2.175	2.175	2.850	2.525	2.642	2.687
27.320	R1	2.499	2.869	2.499	2.493	2.609	2.696
27.360	R1	2.361	2.361	2.779	2.501	2.599	2.705
27.400	R1	2.641	2.641	2.662	2.472	2.571	2.695
27.440	R1	2.613	3.090	2.613	2.457	2.556	2.678
27.480	R1	2.599	2.599	2.814	2.445	2.543	2.673
27.520	R1	2.507	2.507	2.654	2.445	2.530	2.675
27.560	R1	2.455	2.455	2.724	2.478	2.564	2.706
27.600	R1	2.591	2.844	2.591	2.476	2.562	2.771
27.640	R1	2.569	2.569	2.583	2.475	2.697	2.769
27.680	R1	1.949	1.949	2.797	2.481	2.839	2.775
27.720	R1	2.563	2.596	2.563	2.502	2.860	2.818
27.760	R1	2.065	2.065	2.456	2.528	2.971	2.844
27.800	R1	2.148	2.148	2.658	2.536	3.030	2.831
27.840	R1	2.011	2.011	2.654	2.544	3.082	2.838
27.880	R1	2.667	2.667	2.715	2.546	3.115	2.840
27.920	R1	3.053	3.053	3.258	2.523	3.091	2.944
27.960	R1	2.665	2.665	4.146	2.538	3.177	2.952
28.000	R1	2.623	5.548	2.623	2.545	3.184	2.963
28.040	R1	2.860	5.976	2.860	2.549	3.176	2.980
28.080	R1	2.594	2.594	3.703	2.552	3.180	2.983
28.120	R1	3.029	5.083	3.029	2.602	3.238	2.990
28.160	R1	2.510	3.536	2.510	2.608	3.242	3.000
28.200	R1	2.802	3.688	2.802	2.609	3.243	3.015
28.240	R1	2.665	3.742	2.665	2.630	3.264	3.013
28.280	R1	2.132	2.132	4.898	2.663	3.300	3.014
28.320	R1	2.806	4.217	2.806	2.661	3.298	3.013
28.360	R1	2.595	2.595	2.945	2.630	3.267	2.986
28.400	R1	2.676	2.676	2.935	2.631	3.268	2.914
28.440	R1	2.635	2.649	2.635	2.636	3.137	2.919
28.480	R1	2.941	3.111	2.941	2.617	2.962	2.925
28.520	R1	2.685	2.685	2.758	2.590	2.935	2.885
28.560	R1	2.092	2.092	2.760	2.574	2.816	2.877
28.600	R1	2.560	2.560	2.620	2.559	2.750	2.894
28.640	R1	2.667	2.725	2.667	2.559	2.706	2.910
28.680	R1	2.623	2.623	2.703	2.558	2.651	2.933
28.720	R1	2.437	2.437	2.710	2.576	2.669	2.828
28.760	R1	2.693	2.693	2.714	2.562	2.587	2.814
28.800	R1	2.723	2.935	2.723	2.543	2.568	2.808
28.840	R1	2.467	2.467	2.978	2.541	2.572	2.794
28.880	R1	2.057	2.057	2.898	2.538	2.568	2.796
28.920	R1	2.708	2.708	2.881	2.505	2.527	2.785
28.960	R1	2.216	2.216	2.847	2.504	2.526	2.788
29.000	R1	2.794	2.794	3.126	2.538	2.567	2.789
29.040	R1	2.644	2.644	3.117	2.518	2.547	2.797
29.080	R1	2.492	2.492	2.788	2.522	2.547	2.816
29.120	R1	2.530	2.574	2.530	2.532	2.571	2.822
29.160	R1	2.213	2.213	2.838	2.535	2.586	2.811
29.200	R1	2.639	2.759	2.639	2.515	2.566	2.796
29.240	R1	2.574	2.574	2.686	2.506	2.547	2.811
29.280	R1	2.289	2.289	2.723	2.522	2.562	2.805
29.320	R1	2.660	2.660	2.815	2.546	2.587	2.808
29.360	R1	2.782	2.917	2.782	2.534	2.575	2.797
29.400	R1	2.153	2.153	2.779	2.522	2.562	2.785
29.440	R1	2.742	2.742	3.037	2.518	2.562	2.764
29.480	R1	2.835	3.105	2.835	2.502	2.546	2.735
29.520	R1	2.490	2.729	2.490	2.499	2.543	2.731
29.560	R1	2.296	2.296	2.403	2.486	2.528	2.742
29.600	R1	2.545	2.545	3.032	2.508	2.549	2.739
29.640	R1	2.779	2.779	2.859	2.500	2.536	2.749
29.680	R1	2.543	2.543	2.959	2.497	2.533	2.751
29.720	R1	2.474	2.474	2.660	2.487	2.523	2.743
29.760	R1	1.965	1.965	2.600	2.469	2.505	2.728
29.800	R1	2.714	2.788	2.714	2.460	2.497	2.719
29.840	R1	2.323	2.323	2.524	2.484	2.520	2.718
29.880	R1	2.433	2.433	2.710	2.483	2.522	2.703
29.920	R1	2.268	2.268	2.756	2.471	2.497	2.697
29.960	R1	2.646	2.646	2.782	2.480	2.494	2.713
30.000	R1	2.484	2.484	2.825	2.489	2.502	2.719
30.040	R1	2.513	2.513	2.743	2.497	2.511	2.716
30.080	R1	2.103	2.103	2.560	2.486	2.500	2.718
30.120	R1	2.290	2.290	2.515	2.488	2.502	2.708
30.160	R1	2.602	2.754	2.602	2.469	2.483	2.702
30.200	R1	2.626	2.626	2.759	2.499	2.513	2.700
30.240	R1	2.730	2.779	2.730	2.463	2.474	2.692
30.280	R1	2.601	2.601	2.727	2.487	2.501	2.705
30.320	R1	2.665	2.665	2.796	2.495	2.509	2.712
30.360	R1	2.469	2.469	2.528	2.478	2.492	2.706
30.400	R1	2.720	2.720	2.982	2.481	2.495	2.710
30.440	R1	2.549	2.549	2.891	2.466	2.481	2.702
30.480	R1	2.594	2.594	2.749	2.465	2.480	2.700
30.520	R1	2.081	2.081	2.545	2.471	2.486	2.723
30.560	R1	2.561	2.573	2.561	2.476	2.491	2.729
30.600	R1	2.008	2.008	2.551	2.482	2.492	2.735
30.640	R1	2.793	2.868	2.793	2.462	2.472	2.728
30.680	R1	2.596	2.596	2.838	2.437	2.445	2.729
30.720	R1	1.919	1.919	2.638	2.458	2.466	2.750
30.760	R1	2.714	2.714	2.877	2.456	2.464	2.754
30.800	R1	2.190	2.190	2.655	2.464	2.472	2.772
30.840	R1	2.496	2.496	2.703	2.460	2.467	2.757
30.880	R1	2.223	2.223	3.017	2.464	2.472	2.755
30.920	R1	2.385	2.385	2.649	2.470	2.488	2.753
30.960	R1	2.709	2.778	2.709	2.482	2.500	2.767
31.000	R1	2.241	2.241	2.617	2.481	2.498	2.776
31.040	R1	2.228	2.228	2.747	2.510	2.527	2.786
31.080	R1	3.021	3.021	3.145	2.496	2.511	2.773
31.120	R1	2.628	2.628	2.894	2.499	2.513	2.769
31.160	R1	2.618	2.618	2.868	2.539	2.553	2.784
31.200	R1	2.639	2.639	2.701	2.539	2.554	2.776
31.240	R1	2.644	2.644	2.833	2.544	2.559	2.779
31.280	R1	2.711	2.909	2.711	2.522	2.537	2.781
31.320	R1	2.315	2.315	2.825	2.543	2.558	2.772
31.360	R1	2.537	2.537	2.743	2.557	2.572	2.774
31.400	R1	2.591	2.591	2.759	2.527	2.538	2.778
31.440	R1	2.523	2.539	2.523	2.560	2.638	2.793
31.480	R1	2.652	2.652	2.755	2.583	2.663	2.790
31.520	R1	2.721	2.721	2.955	2.578	2.658	2.796
31.560	R1	2.715	2.732	2.715	2.561	2.641	2.805
31.600	R1	2.278	2.278	2.704	2.573	2.653	2.809
31.640	R1	2.057	2.057	2.745	2.573	2.657	2.806
31.680	R1	2.644	2.644	2.840	2.560	2.645	2.796
31.720	R1	2.659	2.659	2.693	2.542	2.617	2.802
31.760	R1	2.117	2.117	2.793	2.530	2.605	2.798
31.800	R1	2.899	4.230	2.899	2.490	2.565	2.801
31.840	R1	2.690	2.734	2.690	2.497	2.572	2.799
31.880	R1	2.920	2.920	3.270	2.503	2.592	2.806
31.920	R1	2.283	2.283	3.073	2.502	2.602	2.800
31.960	R1	2.857	2.857	2.957	2.471	2.571	2.788
32.000	R1	2.639	2.730	2.639	2.462	2.561	2.799
32.040	R1	2.391	2.391	2.627	2.508	2.607	2.843
32.080	R1	2.347	2.347	2.828	2.521	2.620	2.863
32.120	R1	2.087	2.087	2.750	2.515	2.614	2.854
32.160	R1	1.740	1.740	2.802	2.525	2.625	2.862
32.200	R1	2.717	2.717	2.729	2.552	2.652	2.855
32.240	R1	2.656	2.949	2.656	2.499	2.533	2.852
32.280	R1	2.631	2.851	2.631	2.497	2.528	2.850
32.320	R1	2.100	2.100	2.720	2.475	2.506	2.822
32.360	R1	2.539	2.539	2.929	2.463	2.495	2.803
32.400	R1	3.197	3.197	3.591	2.442	2.478	2.777
32.440	R1	2.307	2.307	3.135	2.426	2.457	2.805
32.480	R1	2.535	2.535	2.668	2.453	2.484	2.846
32.520	R1	2.853	2.876	2.853	2.466	2.497	2.839
32.560	R1	2.645	2.645	2.648	2.504	2.535	2.871
32.600	R1	1.854	1.854	2.833	2.553	2.584	2.935
32.640	R1	2.644	2.644	2.663	2.559	2.590	2.975
32.680	R1	2.482	2.482	2.700	2.556	2.573	3.046
32.720	R1	2.046	2.046	2.707	2.558	2.564	3.140
32.760	R1	2.435	2.527	2.435	2.578	2.583	3.229
32.800	R1	2.318	2.318	3.202	2.565	2.571	3.297
32.840	R1	2.919	2.919	3.442	2.533	2.539	3.297
32.880	R1	2.608	2.608	2.681	2.552	2.558	3.276
32.920	R1	2.848	2.848	3.400	2.526	2.532	3.292
32.960	R1	2.730	2.730	4.080	2.520	2.525	3.301
33.000	R1	2.835	2.835	3.528	2.521	2.525	3.336
33.040	R1	2.598	2.598	4.081	2.559	2.564	3.363
33.080	R1	2.668	2.668	4.501	2.563	2.568	3.393
33.120	R1	2.492	2.492	4.493	2.547	2.552	3.419
33.160	R1	2.296	2.296	4.299	2.587	2.592	3.429
33.200	R1	2.551	2.551	3.583	2.571	2.571	3.474
33.240	R1	2.685	2.685	2.726	2.577	2.577	3.476
33.280	R1	2.018	2.018	2.981	2.561	2.561	3.467
33.320	R1	2.731	2.731	3.033	2.563	2.573	3.465
33.360	R1	2.656	2.656	3.345	2.561	2.589	3.435
33.400	R1	2.628	2.628	3.373	2.550	2.579	3.367
33.440	R1	2.721	2.721	3.279	2.542	2.580	3.324
33.480	R1	2.169	2.169	3.208	2.542	2.590	3.249
33.520	R1	2.835	2.835	2.910	2.538	2.586	3.163
33.560	R1	2.113	2.113	3.342	2.547	2.596	3.072
33.600	R1	2.442	2.442	3.242	2.579	2.628	3.062
33.640	R1	2.603	2.603	3.250	2.587	2.636	3.036
33.680	R1	2.652	2.842	2.652	2.594	2.643	3.055
33.720	R1	2.797	3.172	2.797	2.622	2.671	3.059
33.760	R1	2.520	2.520	2.718	2.628	2.677	3.055
33.800	R1	2.666	2.852	2.666	2.626	2.674	3.038
33.840	R1	2.587	2.807	2.587	2.623	2.672	3.012
33.880	R1	2.596	2.596	2.777	2.601	2.649	2.987
33.920	R1	2.668	2.673	2.668	2.645	2.694	2.986
33.960	R1	2.951	2.951	4.095	2.635	2.684	2.975
34.000	R1	2.711	2.711	3.082	2.659	2.731	2.938
34.040	R1	2.810	2.810	3.088	2.663	2.734	2.926
34.080	R1	2.588	2.588	3.079	2.669	2.740	2.903
34.120	R1	2.842	2.842	2.943	2.644	2.706	2.897
34.160	R1	2.611	2.611	3.004	2.636	2.679	2.892
34.200	R1	2.575	2.575	2.848	2.639	2.682	2.900
34.240	R1	2.277	2.277	2.776	2.634	2.680	2.895
34.280	R1	3.051	3.051	3.201	2.636	2.679	2.898
34.320	R1	2.642	2.642	2.690	2.639	2.682	2.901
34.360	R1	2.593	3.046	2.593	2.637	2.680	2.900
34.400	R1	2.515	2.515	3.006	2.622	2.667	2.827
34.440	R1	2.718	2.718	2.781	2.620	2.666	2.808
34.480	R1	2.155	2.155	2.547	2.573	2.619	2.790
34.520	R1	2.647	2.647	2.686	2.556	2.602	2.764
34.560	R1	2.567	2.567	2.880	2.548	2.594	2.756
34.600	R1	2.569	2.817	2.569	2.529	2.574	2.744
34.640	R1	2.638	2.788	2.638	2.535	2.580	2.736
34.680	R1	2.653	2.653	2.852	2.546	2.598	2.723
34.720	R1	2.632	2.632	2.637	2.493	2.545	2.691
34.760	R1	2.638	2.701	2.638	2.493	2.551	2.689
34.800	R1	2.677	2.677	2.708	2.482	2.533	2.678
34.840	R1	1.879	1.879	2.726	2.463	2.514	2.655
34.880	R1	2.240	2.240	2.559	2.447	2.508	2.636
34.920	R1	2.686	2.686	2.777	2.449	2.510	2.645
34.960	R1	2.223	2.223	2.767	2.420	2.481	2.646
35.000	R1	2.692	2.692	2.697	2.412	2.477	2.622
35.040	R1	2.505	2.623	2.505	2.412	2.465	2.637
35.080	R1	1.993	1.993	2.572	2.418	2.466	2.643
35.120	R1	2.637	2.761	2.637	2.391	2.439	2.624
35.160	R1	2.382	2.688	2.382	2.384	2.432	2.630
35.200	R1	2.135	2.135	2.547	2.383	2.427	2.631
35.240	R1	2.393	2.606	2.393	2.352	2.397	2.628
35.280	R1	2.190	2.190	2.730	2.366	2.411	2.616
35.320	R1	2.067	2.067	2.700	2.375	2.420	2.613
35.360	R1	2.410	2.486	2.410	2.369	2.418	2.603
35.400	R1	2.572	2.572	2.872	2.376	2.437	2.582
35.440	R1	2.751	2.810	2.751	2.370	2.436	2.576
35.480	R1	2.120	2.120	2.477	2.375	2.435	2.581
35.520	R1	2.493	2.493	2.755	2.410	2.479	2.588
35.560	R1	2.605	2.605	2.662	2.387	2.449	2.581
35.600	R1	2.072	2.072	2.641	2.392	2.443	2.586
35.640	R1	2.160	2.160	2.493	2.408	2.474	2.582
35.680	R1	2.417	2.417	2.494	2.417	2.482	2.591
35.720	R1	2.569	2.656	2.569	2.424	2.489	2.587
35.760	R1	2.359	2.592	2.359	2.423	2.487	2.581
35.800	R1	2.567	2.675	2.567	2.407	2.467	2.585
35.840	R1	2.603	2.604	2.603	2.406	2.485	2.570
35.880	R1	2.710	2.868	2.710	2.382	2.458	2.556
35.920	R1	2.169	2.169	2.512	2.409	2.490	2.565
35.960	R1	2.471	2.564	2.471	2.404	2.485	2.559
36.000	R1	2.463	2.758	2.463	2.406	2.487	2.570
36.040	R1	2.583	2.759	2.583	2.431	2.511	2.588
36.080	R1	2.330	2.330	2.647	2.449	2.529	2.602
36.120	R1	2.035	2.035	2.586	2.454	2.535	2.620
36.160	R1	2.084	2.084	2.487	2.457	2.533	2.632
36.200	R1	2.563	2.921	2.563	2.459	2.524	2.649
36.240	R1	2.270	2.270	2.476	2.456	2.516	2.648
36.280	R1	2.665	2.770	2.665	2.446	2.505	2.653
36.320	R1	2.393	2.393	2.622	2.433	2.500	2.640
36.360	R1	2.646	2.646	2.886	2.424	2.491	2.649
36.400	R1	2.559	2.559	3.006	2.422	2.497	2.647
36.440	R1	2.520	2.520	2.778	2.433	2.511	2.657
36.480	R1	2.517	2.517	2.849	2.433	2.515	2.658
36.520	R1	2.633	2.633	2.803	2.446	2.530	2.655
36.560	R1	2.401	2.401	2.700	2.479	2.567	2.661
36.600	R1	2.515	2.515	2.542	2.504	2.628	2.665
36.640	R1	2.388	2.388	2.702	2.503	2.638	2.664
36.680	R1	2.455	2.762	2.455	2.523	2.709	2.674
36.720	R1	1.999	1.999	2.702	2.523	2.732	2.674
36.760	R1	2.419	2.683	2.419	2.526	2.782	2.666
36.800	R1	2.677	3.036	2.677	2.527	2.872	2.655
36.840	R1	2.590	2.847	2.590	2.526	2.870	2.638
36.880	R1	2.591	2.627	2.591	2.533	2.955	2.633
36.920	R1	2.705	2.767	2.705	2.537	3.073	2.620
36.960	R1	2.568	3.312	2.568	2.539	3.246	2.613
37.000	R1	2.546	3.109	2.546	2.543	3.250	2.623
37.040	R1	2.678	3.688	2.678	2.543	3.250	2.637
37.080	R1	2.656	3.242	2.656	2.556	3.287	2.635
37.120	R1	2.466	3.398	2.466	2.568	3.283	2.651
37.160	R1	2.661	4.436	2.661	2.568	3.283	2.650
37.200	R1	2.527	2.527	2.677	2.578	3.279	2.666
37.240	R1	2.674	4.222	2.674	2.542	3.226	2.664
37.280	R1	2.587	4.869	2.587	2.525	3.196	2.685
37.320	R1	2.671	6.091	2.671	2.497	3.166	2.694
37.360	R1	2.480	2.480	2.886	2.489	3.155	2.697
37.400	R1	2.519	2.519	2.834	2.486	3.145	2.695
37.440	R1	2.655	3.117	2.655	2.500	3.130	2.719
37.480	R1	2.691	2.691	2.782	2.508	3.089	2.727
37.520	R1	1.999	1.999	2.684	2.495	3.047	2.723
37.560	R1	2.610	2.610	2.736	2.495	3.186	2.724
37.600	R1	1.975	1.975	2.638	2.487	3.193	2.715
37.640	R1	2.233	2.233	3.000	2.485	3.280	2.706
37.680	R1	2.036	2.036	2.785	2.479	3.323	2.700
37.720	R1	2.545	2.545	2.762	2.471	3.275	2.691
37.760	R1	2.512	3.111	2.512	2.457	3.149	2.678
37.800	R1	2.816	2.816	3.027	2.458	3.213	2.659
37.840	R1	2.838	2.861	2.838	2.458	3.300	2.643
37.880	R1	2.397	2.397	2.584	2.452	3.409	2.637
37.920	R1	2.481	6.185	2.481	2.445	3.515	2.626
37.960	R1	2.492	4.568	2.492	2.479	3.600	2.626
38.000	R1	2.499	4.282	2.499	2.481	3.632	2.621
38.040	R1	2.545	5.084	2.545	2.507	3.657	2.615
38.080	R1	2.418	3.902	2.418	2.521	3.691	2.591
38.120	R1	2.406	3.559	2.406	2.546	3.750	2.579
38.160	R1	2.497	3.776	2.497	2.540	3.744	2.567
38.200	R1	2.511	4.250	2.511	2.547	3.766	2.574
38.240	R1	2.543	5.298	2.543	2.541	3.794	2.557
38.280	R1	2.556	4.816	2.556	2.521	3.820	2.538
38.320	R1	2.679	3.690	2.679	2.531	3.877	2.539
38.360	R1	2.649	3.253	2.649	2.542	3.770	2.549
38.400	R1	2.484	2.484	2.522	2.551	3.803	2.559
38.440	R1	2.513	2.916	2.513	2.556	3.838	2.563
38.480	R1	2.539	3.203	2.539	2.561	3.822	2.568
38.520	R1	2.421	2.421	2.530	2.565	3.867	2.572
38.560	R1	2.651	3.560	2.651	2.569	3.948	2.576
38.600	R1	2.692	3.369	2.692	2.562	4.008	2.570
38.640	R1	2.442	3.377	2.442	2.561	4.084	2.568
38.680	R1	2.605	3.538	2.605	2.545	3.930	2.575
38.720	R1	2.690	4.055	2.690	2.543	4.026	2.574
38.760	R1	2.686	5.227	2.686	2.549	3.981	2.610
38.800	R1	2.589	4.979	2.589	2.553	4.110	2.614
38.840	R1	2.645	4.760	2.645	2.561	4.233	2.620
38.880	R1	2.497	4.809	2.497	2.568	4.356	2.627
38.920	R1	2.491	5.177	2.491	2.580	4.461	2.639
38.960	R1	2.366	4.970	2.366	2.585	4.606	2.639
39.000	R1	2.485	5.779	2.485	2.574	4.622	2.627
39.040	R1	2.213	2.213	2.683	2.569	4.616	2.623
39.080	R1	2.532	6.737	2.532	2.575	4.655	2.628
39.120	R1	2.788	2.788	3.388	2.575	4.633	2.628
39.160	R1	2.738	5.836	2.738	2.579	4.598	2.633
39.200	R1	2.646	4.943	2.646	2.566	4.507	2.620
39.240	R1	2.646	5.372	2.646	2.563	4.411	2.616
39.280	R1	2.789	5.301	2.789	2.556	4.299	2.614
39.320	R1	2.516	5.338	2.516	2.566	4.315	2.625
39.360	R1	2.419	3.868	2.419	2.563	4.339	2.621
39.400	R1	2.606	3.253	2.606	2.573	4.267	2.631
39.440	R1	2.556	4.166	2.556	2.580	4.154	2.639
39.480	R1	2.596	3.084	2.596	2.605	4.261	2.640
39.520	R1	2.780	3.357	2.780	2.608	4.170	2.643
39.560	R1	2.427	3.419	2.427	2.594	4.197	2.599
39.600	R1	2.521	3.053	2.521	2.582	4.070	2.587
39.640	R1	2.508	2.508	2.606	2.572	3.995	2.577
39.680	R1	2.702	5.138	2.702	2.552	3.911	2.557
39.720	R1	2.422	5.660	2.422	2.533	3.765	2.548
39.760	R1	2.563	3.525	2.563	2.539	3.702	2.554
39.800	R1	2.643	3.516	2.643	2.546	3.670	2.561
39.840	R1	2.710	4.349	2.710	2.538	3.659	2.553
39.880	R1	2.595	4.931	2.595	2.533	3.655	2.548
39.920	R1	2.504	3.327	2.504	2.537	3.682	2.552
39.960	R1	2.492	3.288	2.492	2.528	3.679	2.543
40.000	R1	2.446	3.449	2.446	2.540	3.685	2.555
40.040	R1	2.249	3.681	2.249	2.541	3.709	2.556
40.080	R1	2.396	2.396	2.596	2.546	3.747	2.556
40.120	R1	2.647	4.069	2.647	2.548	3.628	2.562
40.160	R1	2.556	3.229	2.556	2.547	3.465	2.569
40.200	R1	2.449	3.031	2.449	2.544	3.421	2.566
40.240	R1	2.452	4.098	2.452	2.520	3.353	2.559
40.280	R1	2.671	3.621	2.671	2.498	3.249	2.546
40.320	R1	2.614	3.282	2.614	2.486	3.120	2.552
40.360	R1	2.661	3.543	2.661	2.492	3.093	2.559
40.400	R1	2.530	3.535	2.530	2.466	3.027	2.568
40.440	R1	2.616	3.277	2.616	2.457	2.968	2.574
40.480	R1	2.751	2.751	2.822	2.476	2.921	2.593
40.520	R1	2.393	2.393	2.566	2.487	2.948	2.594
40.560	R1	2.493	2.643	2.493	2.476	2.872	2.583
40.600	R1	2.165	2.165	2.510	2.476	2.838	2.592
40.640	R1	2.278	2.278	2.448	2.476	2.809	2.599
40.680	R1	2.346	2.346	2.727	2.475	2.726	2.598
40.720	R1	2.630	2.774	2.630	2.471	2.681	2.594
40.760	R1	1.979	1.979	2.668	2.463	2.642	2.586
40.800	R1	2.268	2.268	2.578	2.453	2.599	2.576
40.840	R1	2.627	2.734	2.627	2.458	2.554	2.584
40.880	R1	2.621	2.945	2.621	2.463	2.531	2.589
40.920	R1	2.425	2.548	2.425	2.463	2.530	2.586
40.960	R1	2.552	2.552	2.727	2.473	2.550	2.587
41.000	R1	2.444	2.444	2.596	2.477	2.547	2.591
41.040	R1	2.436	2.447	2.436	2.491	2.572	2.588
41.080	R1	2.585	2.714	2.585	2.514	2.595	2.604
41.120	R1	2.462	2.495	2.462	2.528	2.618	2.600
41.160	R1	2.453	2.694	2.453	2.523	2.622	2.595
41.200	R1	2.641	2.641	2.699	2.548	2.655	2.585
41.240	R1	2.717	2.808	2.717	2.530	2.637	2.588
41.280	R1	2.742	2.742	2.743	2.528	2.638	2.586
41.320	R1	2.589	2.778	2.589	2.521	2.615	2.582
41.360	R1	2.589	2.597	2.589	2.530	2.618	2.591
41.400	R1	2.434	2.658	2.434	2.501	2.588	2.581
41.440	R1	2.733	2.733	2.779	2.507	2.595	2.590
41.480	R1	2.635	2.806	2.635	2.509	2.609	2.592
41.520	R1	2.535	2.864	2.535	2.505	2.608	2.588
41.560	R1	2.478	2.641	2.478	2.513	2.621	2.596
41.600	R1	1.900	1.900	2.625	2.516	2.625	2.599
41.640	R1	2.582	2.752	2.582	2.479	2.588	2.584
41.680	R1	2.490	2.490	2.540	2.448	2.552	2.567
41.720	R1	2.601	2.601	2.624	2.429	2.534	2.564
41.760	R1	1.963	1.963	2.515	2.424	2.530	2.559
41.800	R1	2.573	2.573	2.771	2.391	2.497	2.556
41.840	R1	2.478	2.736	2.478	2.394	2.502	2.559
41.880	R1	2.511	2.684	2.511	2.386	2.502	2.549
41.920	R1	2.617	2.764	2.617	2.364	2.472	2.551
41.960	R1	2.512	2.765	2.512	2.354	2.459	2.542
42.000	R1	1.902	1.902	2.400	2.361	2.458	2.555
42.040	R1	2.088	2.088	2.393	2.388	2.499	2.546
42.080	R1	2.375	2.375	2.676	2.371	2.474	2.535
42.120	R1	2.478	2.701	2.478	2.365	2.476	2.526
42.160	R1	1.936	1.936	2.539	2.329	2.440	2.517
42.200	R1	2.487	2.768	2.487	2.353	2.464	2.515
42.240	R1	2.579	2.739	2.579	2.329	2.440	2.503
42.280	R1	2.196	2.196	2.688	2.325	2.424	2.510
42.320	R1	2.340	2.604	2.340	2.309	2.413	2.507
42.360	R1	2.616	2.616	2.747	2.298	2.395	2.505
42.400	R1	2.433	2.725	2.433	2.287	2.371	2.511
42.440	R1	2.247	2.247	2.367	2.305	2.391	2.512
42.480	R1	2.361	2.529	2.361	2.319	2.412	2.518
42.520	R1	1.894	1.894	2.440	2.306	2.399	2.506
42.560	R1	2.437	2.437	2.484	2.304	2.396	2.504
42.600	R1	2.088	2.088	2.533	2.328	2.422	2.503
42.640	R1	2.399	2.415	2.618	2.315	2.395	2.518
42.680	R1	2.194	2.471	2.444	2.311	2.385	2.520
42.720	R1	2.397	2.397	2.571	2.320	2.393	2.508
42.760	R1	2.290	2.290	2.648	2.314	2.375	2.518
42.800	R1	2.271	2.308	2.413	2.297	2.363	2.494
42.840	R1	2.359	2.505	2.508	2.296	2.350	2.500
42.880	R1	2.115	2.115	2.432	2.300	2.367	2.504
42.920	R1	2.439	2.643	2.439	2.307	2.366	2.512
42.960	R1	2.414	2.448	2.525	2.333	2.402	2.513
43.000	R1	2.234	2.234	2.782	2.332	2.407	2.521
43.040	R1	2.501	2.540	2.618	2.347	2.428	2.524
43.080	R1	2.362	2.363	2.455	2.351	2.432	2.522
43.120	R1	2.226	2.226	2.547	2.365	2.440	2.524
43.160	R1	2.272	2.385	2.272	2.347	2.422	2.521
43.200	R1	2.420	2.473	2.534	2.352	2.431	2.516
43.240	R1	2.331	2.574	2.454	2.354	2.451	2.520
43.280	R1	2.499	2.524	2.520	2.353	2.444	2.521
43.320	R1	2.420	2.608	2.468	2.346	2.438	2.526
43.360	R1	2.405	2.526	2.633	2.321	2.403	2.531
43.400	R1	2.399	2.525	2.595	2.321	2.411	2.526
43.440	R1	2.474	2.497	2.586	2.331	2.431	2.508
43.480	R1	2.476	2.628	2.476	2.332	2.431	2.510
43.520	R1	2.035	2.035	2.507	2.332	2.432	2.515
43.560	R1	2.399	2.466	2.554	2.335	2.435	2.518
43.600	R1	2.295	2.699	2.499	2.331	2.425	2.530
43.640	R1	2.337	2.379	2.516	2.331	2.424	2.526
43.680	R1	1.994	1.994	2.536	2.336	2.417	2.530
43.720	R1	1.932	1.932	2.542	2.319	2.399	2.536
43.760	R1	2.421	2.614	2.421	2.318	2.400	2.544
43.800	R1	2.426	2.640	2.426	2.319	2.395	2.534
43.840	R1	2.513	2.539	2.648	2.306	2.376	2.531
43.880	R1	2.376	2.376	2.564	2.311	2.384	2.530
43.920	R1	2.276	2.276	2.615	2.292	2.357	2.536
43.960	R1	2.186	2.186	2.498	2.310	2.383	2.536
44.000	R1	2.424	2.468	2.461	2.312	2.381	2.538
44.040	R1	2.429	2.429	2.531	2.315	2.374	2.534
44.080	R1	2.163	2.163	2.637	2.322	2.391	2.532
44.120	R1	2.392	2.627	2.627	2.324	2.393	2.520
44.160	R1	2.430	2.430	2.435	2.340	2.409	2.515
44.200	R1	2.147	2.147	2.537	2.330	2.390	2.511
44.240	R1	2.578	2.646	2.578	2.336	2.389	2.518
44.280	R1	2.086	2.086	2.596	2.332	2.398	2.510
44.320	R1	2.396	2.554	2.499	2.328	2.413	2.513
44.360	R1	2.431	2.431	2.584	2.333	2.432	2.504
44.400	R1	2.359	2.564	2.420	2.339	2.460	2.510
44.440	R1	2.480	2.723	2.480	2.338	2.457	2.517
44.480	R1	2.035	2.035	2.290	2.339	2.468	2.515
44.520	R1	2.247	2.247	2.443	2.355	2.489	2.508
44.560	R1	2.229	2.229	2.351	2.342	2.498	2.508
44.600	R1	2.541	2.631	2.559	2.324	2.480	2.515
44.640	R1	2.430	2.712	2.499	2.335	2.503	2.509
44.680	R1	2.304	2.667	2.613	2.328	2.492	2.509
44.720	R1	2.370	2.665	2.446	2.329	2.493	2.505
44.760	R1	2.305	2.746	2.606	2.329	2.486	2.510
44.800	R1	2.405	2.416	2.603	2.328	2.509	2.501
44.840	R1	2.451	2.637	2.496	2.328	2.509	2.514
44.880	R1	2.494	2.593	2.494	2.327	2.513	2.518
44.920	R1	2.121	2.806	2.631	2.329	2.514	2.518
44.960	R1	2.063	2.063	2.566	2.337	2.527	2.524
45.000	R1	2.383	2.613	2.427	2.337	2.526	2.536
45.040	R1	2.427	2.427	2.576	2.328	2.545	2.532
45.080	R1	2.103	2.103	2.513	2.325	2.536	2.526
45.120	R1	2.407	2.407	2.602	2.329	2.535	2.526
45.160	R1	2.407	2.896	2.407	2.313	2.504	2.525
45.200	R1	2.366	2.560	2.687	2.315	2.483	2.511
45.240	R1	2.464	2.801	2.548	2.312	2.480	2.513
45.280	R1	2.065	2.065	2.301	2.306	2.483	2.504
45.320	R1	2.412	2.501	2.561	2.287	2.459	2.505
45.360	R1	2.219	2.219	2.577	2.301	2.447	2.493
45.400	R1	2.358	3.009	2.480	2.318	2.474	2.485
45.440	R1	2.386	2.526	2.386	2.295	2.439	2.490
45.480	R1	2.383	2.643	2.620	2.283	2.428	2.481
45.520	R1	2.041	2.041	2.412	2.298	2.451	2.481
45.560	R1	2.341	2.341	2.341	2.296	2.464	2.474
45.600	R1	2.358	2.358	2.628	2.298	2.456	2.482
45.640	R1	2.319	2.690	2.319	2.293	2.440	2.475
45.680	R1	2.119	2.119	2.511	2.286	2.433	2.469
45.720	R1	2.399	2.568	2.399	2.302	2.457	2.474
45.760	R1	2.400	2.591	2.400	2.300	2.457	2.468
45.800	R1	1.921	1.921	2.530	2.303	2.470	2.462
45.840	R1	2.198	2.198	2.405	2.309	2.473	2.463
45.880	R1	2.407	2.563	2.503	2.284	2.441	2.465
45.920	R1	2.363	2.673	2.455	2.286	2.451	2.459
45.960	R1	2.450	2.728	2.566	2.303	2.472	2.457
46.000	R1	2.251	2.251	2.552	2.314	2.489	2.468
46.040	R1	2.335	2.652	2.437	2.299	2.474	2.458
46.080	R1	2.387	2.553	2.387	2.307	2.479	2.480
46.120	R1	2.361	2.490	2.453	2.320	2.510	2.476
46.160	R1	2.279	2.479	2.456	2.321	2.509	2.486
46.200	R1	2.481	3.070	2.501	2.324	2.508	2.492
46.240	R1	1.891	1.891	2.418	2.342	2.530	2.497
46.280	R1	2.427	2.837	2.503	2.352	2.549	2.496
46.320	R1	2.373	2.457	2.373	2.354	2.554	2.504
46.360	R1	2.561	2.693	2.561	2.354	2.565	2.506
46.400	R1	2.053	2.053	2.431	2.350	2.555	2.496
46.440	R1	2.478	2.784	2.758	2.355	2.562	2.495
46.480	R1	2.385	2.738	2.435	2.352	2.569	2.494
46.520	R1	2.414	2.558	2.604	2.355	2.570	2.503
46.560	R1	2.468	2.567	2.521	2.357	2.580	2.509
46.600	R1	2.279	2.366	2.615	2.361	2.590	2.515
46.640	R1	2.393	2.573	2.393	2.362	2.568	2.523
46.680	R1	2.450	2.670	2.656	2.388	2.602	2.526
46.720	R1	2.367	2.878	2.500	2.368	2.562	2.529
46.760	R1	2.371	2.533	2.371	2.369	2.576	2.530
46.800	R1	2.350	2.397	2.529	2.350	2.550	2.527
46.840	R1	2.280	2.794	2.423	2.374	2.575	2.539
46.880	R1	2.441	2.565	2.564	2.370	2.563	2.529
46.920	R1	2.399	2.688	2.576	2.347	2.522	2.532
46.960	R1	2.365	2.679	2.567	2.332	2.500	2.530
47.000	R1	2.492	2.634	2.663	2.326	2.520	2.521
47.040	R1	2.410	2.570	2.481	2.307	2.497	2.515
47.080	R1	2.034	2.034	2.559	2.298	2.479	2.519
47.120	R1	2.397	2.751	2.397	2.298	2.480	2.510
47.160	R1	2.174	2.174	2.507	2.283	2.441	2.513
47.200	R1	2.526	2.554	2.668	2.282	2.453	2.525
47.240	R1	2.410	2.542	2.555	2.286	2.460	2.520
47.280	R1	1.919	1.919	2.486	2.294	2.451	2.526
47.320	R1	2.116	2.116	2.564	2.283	2.465	2.527
47.360	R1	2.354	2.963	2.354	2.281	2.463	2.526
47.400	R1	1.897	1.897	2.495	2.287	2.464	2.525
47.440	R1	2.213	2.213	2.461	2.276	2.468	2.513
47.480	R1	2.438	2.709	2.477	2.272	2.460	2.514
47.520	R1	2.082	2.082	2.564	2.288	2.476	2.511
47.560	R1	2.339	2.784	2.604	2.272	2.442	2.515
47.600	R1	2.443	2.532	2.443	2.275	2.445	2.514
47.640	R1	2.422	2.614	2.542	2.259	2.427	2.506
47.680	R1	2.240	2.845	2.585	2.259	2.434	2.505
47.720	R1	2.342	2.658	2.546	2.268	2.443	2.510
47.760	R1	2.501	2.697	2.556	2.278	2.469	2.498
47.800	R1	2.271	2.697	2.420	2.273	2.434	2.506
47.840	R1	2.319	2.412	2.488	2.293	2.459	2.504
47.880	R1	2.355	2.355	2.502	2.293	2.459	2.504
47.920	R1	2.080	2.080	2.489	2.274	2.426	2.501
47.960	R1	2.225	2.225	2.489	2.294	2.450	2.500
48.000	R1	2.207	2.207	2.505	2.296	2.445	2.498
48.040	R1	2.414	2.668	2.538	2.296	2.452	2.499
48.080	R1	2.099	2.099	2.580	2.288	2.434	2.503
48.120	R1	2.322	2.644	2.322	2.288	2.403	2.492
48.160	R1	2.258	2.258	2.508	2.292	2.408	2.491
48.200	R1	2.299	2.409	2.466	2.290	2.401	2.487
48.240	R1	2.212	2.212	2.454	2.302	2.393	2.491
48.280	R1	2.053	2.053	2.417	2.288	2.375	2.495
48.320	R1	2.476	2.559	2.539	2.293	2.382	2.492
48.360	R1	2.394	2.669	2.569	2.304	2.405	2.488
48.400	R1	2.436	2.671	2.470	2.309	2.425	2.480
48.440	R1	2.263	2.263	2.615	2.323	2.439	2.482
48.480	R1	2.234	2.234	2.377	2.320	2.428	2.474
48.520	R1	2.424	2.742	2.516	2.331	2.441	2.468
48.560	R1	2.469	2.563	2.483	2.324	2.440	2.478
48.600	R1	2.500	2.537	2.500	2.309	2.426	2.479
48.640	R1	2.046	2.046	2.562	2.302	2.412	2.486
48.680	R1	2.451	2.497	2.451	2.310	2.426	2.490
48.720	R1	2.292	2.553	2.394	2.322	2.439	2.494
48.760	R1	2.334	2.615	2.334	2.321	2.433	2.494
48.800	R1	2.483	2.483	2.544	2.310	2.422	2.500
48.840	R1	2.353	2.459	2.385	2.295	2.395	2.498
48.880	R1	2.317	2.355	2.448	2.301	2.402	2.488
48.920	R1	2.179	2.624	2.527	2.309	2.414	2.493
48.960	R1	1.970	1.970	2.539	2.308	2.405	2.489
49.000	R1	2.145	2.145	2.601	2.303	2.402	2.490
49.040	R1	2.372	2.485	2.526	2.293	2.390	2.490
49.080	R1	2.308	2.308	2.511	2.311	2.409	2.500
49.120	R1	2.447	2.447	2.539	2.310	2.415	2.516
49.160	R1	2.184	2.443	2.676	2.306	2.398	2.518
49.200	R1	2.127	2.127	2.434	2.303	2.387	2.530
49.240	R1	2.375	2.405	2.417	2.283	2.384	2.526
49.280	R1	2.392	2.477	2.484	2.280	2.376	2.526
49.320	R1	2.423	2.554	2.423	2.287	2.406	2.532
49.360	R1	2.360	2.507	2.506	2.291	2.402	2.529
49.400	R1	2.296	2.296	2.497	2.313	2.443	2.522
49.440	R1	2.407	2.423	2.759	2.298	2.429	2.520
49.480	R1	2.433	2.625	2.779	2.294	2.436	2.509
49.520	R1	2.208	2.208	2.432	2.276	2.417	2.509
49.560	R1	2.276	2.403	2.584	2.271	2.432	2.500
49.600	R1	2.096	2.426	2.446	2.284	2.452	2.501
49.640	R1	2.292	2.292	2.387	2.300	2.480	2.502
49.680	R1	2.458	2.956	2.567	2.297	2.482	2.505
49.720	R1	2.257	2.541	2.481	2.284	2.465	2.514
49.760	R1	2.398	2.794	2.398	2.281	2.470	2.520
49.800	R1	1.857	1.857	2.559	2.280	2.462	2.522
49.840	R1	2.289	2.623	2.308	2.286	2.479	2.518
49.880	R1	1.942	1.942	2.513	2.273	2.466	2.503
49.920	R1	2.358	2.745	2.358	2.275	2.457	2.502
49.960	R1	2.434	2.839	2.700	2.285	2.471	2.508
50.000	R1	2.442	2.680	2.442	2.273	2.453	2.504
50.040	R1	2.317	2.444	2.482	2.278	2.442	2.507
50.080	R1	2.136	2.136	2.668	2.289	2.457	2.513
50.120	R1	2.358	2.666	2.545	2.269	2.413	2.508
50.160	R1	2.348	2.348	2.528	2.279	2.410	2.509
50.200	R1	2.407	2.629	2.436	2.261	2.373	2.509
50.240	R1	2.159	2.159	2.448	2.290	2.422	2.503
50.280	R1	2.462	2.462	2.768	2.299	2.440	2.511
50.320	R1	2.409	2.485	2.541	2.319	2.472	2.505
50.360	R1	2.036	2.036	2.505	2.307	2.441	2.514
50.400	R1	2.205	2.205	2.502	2.305	2.419	2.505
50.440	R1	2.503	2.599	2.503	2.304	2.431	2.503
50.480	R1	2.071	2.071	2.473	2.309	2.452	2.501
50.520	R1	2.440	2.483	2.508	2.321	2.470	2.496
50.560	R1	2.054	2.054	2.392	2.317	2.465	2.492
50.600	R1	2.434	2.839	2.434	2.322	2.469	2.498
50.640	R1	2.474	2.983	2.474	2.320	2.467	2.496
50.680	R1	2.334	2.580	2.385	2.336	2.483	2.501
50.720	R1	2.120	2.120	2.548	2.334	2.483	2.484
50.760	R1	2.396	2.396	2.514	2.336	2.484	2.483
50.800	R1	2.415	2.927	2.415	2.333	2.481	2.481
50.840	R1	2.420	2.856	2.431	2.339	2.487	2.480
50.880	R1	2.379	2.506	2.571	2.328	2.499	2.482
50.920	R1	2.280	2.559	2.468	2.345	2.528	2.483
50.960	R1	2.441	2.441	2.640	2.323	2.504	2.485
51.000	R1	2.369	2.576	2.404	2.331	2.512	2.494
51.040	R1	2.481	2.481	2.545	2.315	2.475	2.491
51.080	R1	2.422	2.475	2.422	2.306	2.459	2.482
51.120	R1	2.448	2.493	2.534	2.294	2.435	2.482
51.160	R1	1.968	1.968	2.461	2.307	2.485	2.481
51.200	R1	2.335	2.335	2.483	2.307	2.492	2.483
51.240	R1	2.284	2.846	2.536	2.305	2.479	2.494
51.280	R1	2.416	2.651	2.485	2.299	2.452	2.500
51.320	R1	2.001	2.001	2.559	2.302	2.453	2.494
51.360	R1	2.209	2.209	2.569	2.311	2.460	2.501
51.400	R1	2.108	2.108	2.381	2.299	2.447	2.489
51.440	R1	2.289	2.652	2.289	2.276	2.413	2.496
51.480	R1	2.097	2.097	2.378	2.266	2.419	2.484
51.520	R1	2.384	3.116	2.536	2.266	2.416	2.491
51.560	R1	2.391	2.551	2.553	2.253	2.400	2.489
51.600	R1	2.372	2.669	2.626	2.278	2.433	2.490
51.640	R1	2.307	2.307	2.566	2.272	2.427	2.494
51.680	R1	2.443	2.521	2.443	2.280	2.411	2.489
51.720	R1	2.463	2.697	2.612	2.270	2.389	2.494
51.760	R1	2.185	2.185	2.407	2.270	2.389	2.497
51.800	R1	1.909	1.909	2.542	2.271	2.390	2.496
51.840	R1	2.299	2.582	2.299	2.278	2.397	2.505
51.880	R1	2.415	2.415	2.568	2.272	2.373	2.519
51.920	R1	2.186	2.186	2.494	2.287	2.404	2.532
51.960	R1	2.468	2.622	2.468	2.290	2.386	2.531
52.000	R1	2.222	2.222	2.566	2.291	2.409	2.524
52.040	R1	2.436	2.518	2.442	2.268	2.372	2.524
52.080	R1	2.210	2.210	2.584	2.270	2.390	2.513
52.120	R1	2.007	2.007	2.614	2.271	2.408	2.514
52.160	R1	2.221	2.221	2.560	2.256	2.382	2.506
52.200	R1	2.247	2.247	2.549	2.268	2.402	2.511
52.240	R1	2.170	2.170	2.571	2.288	2.431	2.512
52.280	R1	2.413	2.717	2.636	2.291	2.428	2.514
52.320	R1	2.437	2.769	2.526	2.290	2.440	2.506
52.360	R1	2.398	3.007	2.398	2.299	2.466	2.499
52.400	R1	1.919	1.919	2.628	2.294	2.470	2.503
52.440	R1	2.356	2.669	2.356	2.306	2.495	2.506
52.480	R1	2.453	2.884	2.453	2.297	2.482	2.506
52.520	R1	2.170	2.170	2.447	2.306	2.495	2.496
52.560	R1	2.424	2.597	2.511	2.327	2.524	2.496
52.600	R1	2.309	2.483	2.559	2.314	2.511	2.501
52.640	R1	2.354	2.529	2.354	2.315	2.512	2.495
52.680	R1	2.393	2.648	2.393	2.318	2.515	2.493
52.720	R1	2.371	2.710	2.371	2.316	2.514	2.491
52.760	R1	2.374	2.694	2.545	2.312	2.519	2.489
52.800	R1	2.457	2.726	2.630	2.309	2.486	2.499
52.840	R1	2.260	2.260	2.427	2.329	2.519	2.489
52.880	R1	2.387	2.463	2.387	2.319	2.493	2.492
52.920	R1	2.423	2.594	2.613	2.311	2.464	2.499
52.960	R1	1.955	1.955	2.662	2.316	2.468	2.498
53.000	R1	2.279	2.279	2.427	2.316	2.477	2.494
53.040	R1	2.234	2.234	2.545	2.319	2.471	2.496
53.080	R1	2.362	2.696	2.595	2.307	2.450	2.505
53.120	R1	2.354	2.851	2.484	2.309	2.468	2.511
53.160	R1	2.353	2.353	2.589	2.291	2.433	2.516
53.200	R1	2.319	2.578	2.437	2.283	2.409	2.516
53.240	R1	2.155	2.155	2.417	2.275	2.402	2.513
53.280	R1	2.294	2.294	2.587	2.281	2.417	2.511
53.320	R1	2.263	2.263	2.433	2.285	2.417	2.518
53.360	R1	2.431	2.783	2.434	2.277	2.411	2.521
53.400	R1	2.352	2.352	2.581	2.277	2.411	2.517
53.440	R1	2.116	2.116	2.548	2.280	2.429	2.513
53.480	R1	2.432	2.999	2.503	2.289	2.453	2.510
53.520	R1	2.010	2.010	2.482	2.295	2.449	2.513
53.560	R1	2.223	2.223	2.550	2.294	2.433	2.521
53.600	R1	2.305	2.579	2.568	2.297	2.452	2.512
53.640	R1	2.373	2.568	2.373	2.307	2.460	2.517
53.680	R1	2.461	2.461	2.530	2.315	2.467	2.524
53.720	R1	2.270	2.474	2.676	2.319	2.471	2.528
53.760	R1	1.950	1.950	2.577	2.314	2.466	2.534
53.800	R1	2.342	2.645	2.342	2.317	2.452	2.539
53.840	R1	2.409	2.717	2.490	2.322	2.457	2.532
53.880	R1	2.496	2.600	2.659	2.323	2.458	2.529
53.920	R1	2.330	2.539	2.644	2.299	2.405	2.545
53.960	R1	2.410	2.730	2.410	2.319	2.429	2.546
54.000	R1	2.527	2.733	2.527	2.330	2.451	2.541
54.040	R1	2.306	2.306	2.566	2.339	2.446	2.544
54.080	R1	2.376	2.376	2.667	2.330	2.428	2.555
54.120	R1	2.164	2.164	2.561	2.324	2.422	2.555
54.160	R1	2.490	2.490	2.523	2.330	2.427	2.549
54.200	R1	2.443	2.454	2.443	2.347	2.445	2.553
54.240	R1	2.134	2.134	2.489	2.357	2.444	2.563
54.280	R1	1.954	1.954	2.826	2.357	2.429	2.559
54.320	R1	2.415	2.486	2.495	2.344	2.411	2.544
54.360	R1	2.444	2.656	2.444	2.353	2.409	2.546
54.400	R1	2.481	2.481	2.639	2.355	2.397	2.548
54.440	R1	2.204	2.204	2.590	2.347	2.378	2.548
54.480	R1	2.342	2.342	2.535	2.353	2.409	2.541
54.520	R1	2.376	2.579	2.561	2.340	2.395	2.540
54.560	R1	2.307	2.307	2.651	2.358	2.429	2.539
54.600	R1	2.532	2.619	2.546	2.331	2.402	2.540
54.640	R1	2.401	2.422	2.401	2.332	2.403	2.553
54.680	R1	2.237	2.237	2.369	2.347	2.431	2.550
54.720	R1	2.515	2.515	2.683	2.374	2.464	2.536
54.760	R1	2.448	2.476	2.448	2.377	2.472	2.539
54.800	R1	2.367	2.367	2.515	2.374	2.483	2.542
54.840	R1	2.427	2.908	2.427	2.368	2.476	2.537
54.880	R1	2.110	2.110	2.659	2.377	2.497	2.538
54.920	R1	2.528	2.832	2.543	2.383	2.524	2.534
54.960	R1	1.949	1.949	2.526	2.356	2.486	2.528
55.000	R1	2.477	2.477	2.707	2.346	2.476	2.519
55.040	R1	2.431	2.706	2.431	2.318	2.444	2.509
55.080	R1	2.496	2.611	2.539	2.319	2.464	2.514
55.120	R1	2.468	2.650	2.558	2.312	2.458	2.518
55.160	R1	2.390	2.864	2.519	2.295	2.441	2.503
55.200	R1	2.346	2.346	2.533	2.284	2.428	2.498
55.240	R1	2.395	2.618	2.600	2.284	2.444	2.498
55.280	R1	2.469	2.886	2.469	2.280	2.434	2.501
55.320	R1	1.819	1.819	2.428	2.291	2.473	2.495
55.360	R1	2.110	2.110	2.469	2.288	2.458	2.496
55.400	R1	1.980	1.980	2.345	2.309	2.479	2.492
55.440	R1	2.415	2.823	2.507	2.301	2.472	2.481
55.480	R1	2.103	2.103	2.459	2.299	2.465	2.490
55.520	R1	2.181	2.181	2.368	2.299	2.460	2.489
55.560	R1	2.222	2.222	2.346	2.294	2.457	2.491
55.600	R1	2.369	2.690	2.529	2.297	2.444	2.488
55.640	R1	2.350	2.712	2.491	2.298	2.458	2.487
55.680	R1	2.316	2.875	2.527	2.296	2.445	2.493
55.720	R1	2.469	2.546	2.570	2.278	2.407	2.492
55.760	R1	2.367	2.367	2.440	2.294	2.422	2.500
55.800	R1	2.325	2.325	2.482	2.310	2.443	2.501
55.840	R1	2.400	2.570	2.621	2.323	2.456	2.517
55.880	R1	2.484	2.511	2.524	2.323	2.447	2.513
55.920	R1	2.360	2.592	2.599	2.339	2.472	2.514
55.960	R1	2.454	2.602	2.454	2.350	2.493	2.523
56.000	R1	2.374	2.637	2.510	2.355	2.497	2.533
56.040	R1	2.351	2.351	2.720	2.355	2.491	2.539
56.080	R1	2.117	2.117	2.456	2.345	2.463	2.545
56.120	R1	2.128	2.128	2.578	2.350	2.452	2.539
56.160	R1	2.438	2.530	2.502	2.348	2.455	2.532
56.200	R1	2.235	2.235	2.650	2.348	2.462	2.539
56.240	R1	2.426	2.641	2.426	2.344	2.458	2.546
56.280	R1	2.416	2.611	2.494	2.337	2.443	2.539
56.320	R1	2.408	2.591	2.546	2.336	2.447	2.536
56.360	R1	2.308	2.308	2.544	2.320	2.420	2.538
56.400	R1	2.366	2.566	2.636	2.307	2.399	2.530
56.440	R1	2.166	2.166	2.613	2.291	2.369	2.534
56.480	R1	2.410	2.656	2.410	2.291	2.369	2.530
56.520	R1	2.437	2.603	2.437	2.302	2.407	2.536
56.560	R1	2.362	2.506	2.568	2.312	2.417	2.531
56.600	R1	2.232	2.232	2.633	2.298	2.399	2.526
56.640	R1	2.271	2.271	2.472	2.286	2.386	2.529
56.680	R1	2.472	2.603	2.472	2.275	2.364	2.531
56.720	R1	2.036	2.036	2.638	2.272	2.372	2.534
56.760	R1	2.196	2.196	2.301	2.280	2.379	2.535
56.800	R1	2.042	2.042	2.586	2.288	2.389	2.533
56.840	R1	2.345	2.345	2.642	2.267	2.358	2.525
56.880	R1	2.348	2.872	2.561	2.256	2.347	2.525
56.920	R1	2.336	2.336	2.491	2.258	2.346	2.534
56.960	R1	2.155	2.155	2.392	2.261	2.345	2.539
57.000	R1	1.992	1.992	2.719	2.259	2.354	2.535
57.040	R1	2.199	2.199	2.474	2.278	2.375	2.538
57.080	R1	2.355	2.767	2.536	2.289	2.394	2.539
57.120	R1	2.568	2.730	2.568	2.291	2.389	2.544
57.160	R1	2.468	2.497	2.519	2.299	2.397	2.537
57.200	R1	1.946	1.946	2.472	2.309	2.407	2.555
57.240	R1	1.960	1.960	2.617	2.335	2.445	2.554
57.280	R1	2.446	2.626	2.590	2.340	2.463	2.545
57.320	R1	2.492	2.578	2.537	2.344	2.461	2.539
57.360	R1	2.314	2.687	2.487	2.344	2.472	2.539
57.400	R1	2.623	2.658	2.687	2.351	2.480	2.549
57.440	R1	2.485	2.651	2.485	2.381	2.534	2.547
57.480	R1	2.515	2.515	2.579	2.387	2.556	2.551
57.520	R1	2.190	2.190	2.492	2.368	2.516	2.549
57.560	R1	2.399	2.399	2.657	2.362	2.518	2.543
57.600	R1	2.562	2.793	2.573	2.360	2.527	2.545
57.640	R1	2.447	2.713	2.471	2.378	2.551	2.548
57.680	R1	2.425	2.833	2.425	2.393	2.577	2.542
57.720	R1	2.337	2.559	2.504	2.365	2.541	2.543
57.760	R1	2.302	2.302	2.593	2.357	2.535	2.533
57.800	R1	2.578	3.076	2.673	2.365	2.531	2.542
57.840	R1	2.336	2.650	2.551	2.356	2.536	2.529
57.880	R1	1.967	1.967	2.506	2.360	2.541	2.533
57.920	R1	2.449	2.769	2.449	2.356	2.543	2.526
57.960	R1	2.426	2.671	2.553	2.363	2.550	2.525
58.000	R1	2.305	2.427	2.520	2.366	2.554	2.522
58.040	R1	2.256	2.488	2.514	2.352	2.539	2.516
58.080	R1	1.887	1.887	2.600	2.352	2.529	2.515
58.120	R1	2.335	2.474	2.335	2.351	2.517	2.529
58.160	R1	2.475	2.596	2.662	2.346	2.501	2.534
58.200	R1	2.437	2.762	2.437	2.331	2.486	2.528
58.240	R1	2.566	2.748	2.566	2.326	2.456	2.520
58.280	R1	2.431	2.561	2.431	2.321	2.460	2.515
58.320	R1	2.337	2.337	2.475	2.345	2.493	2.512
58.360	R1	2.463	2.463	2.605	2.342	2.483	2.517
58.400	R1	2.270	2.501	2.455	2.333	2.462	2.513
58.440	R1	2.451	2.504	2.451	2.336	2.485	2.505
58.480	R1	2.401	2.592	2.708	2.342	2.501	2.507
58.520	R1	2.252	2.252	2.591	2.366	2.544	2.504
58.560	R1	1.994	1.994	2.470	2.371	2.550	2.516
58.600	R1	2.473	2.473	2.516	2.365	2.546	2.500
58.640	R1	2.250	2.737	2.451	2.363	2.543	2.503
58.680	R1	2.443	2.627	2.443	2.353	2.541	2.494
58.720	R1	2.386	2.571	2.547	2.352	2.545	2.492
58.760	R1	2.240	2.240	2.472	2.355	2.566	2.489
58.800	R1	2.363	2.899	2.363	2.347	2.557	2.481
58.840	R1	2.378	2.803	2.559	2.358	2.580	2.484
58.880	R1	2.369	2.743	2.541	2.343	2.563	2.491
58.920	R1	2.443	2.599	2.568	2.349	2.561	2.482
58.960	R1	2.345	2.505	2.345	2.349	2.560	2.483
59.000	R1	2.401	2.704	2.513	2.373	2.585	2.487
59.040	R1	2.372	2.709	2.372	2.371	2.591	2.486
59.080	R1	2.404	2.645	2.404	2.375	2.585	2.486
59.120	R1	2.401	2.760	2.401	2.380	2.586	2.496
59.160	R1	2.291	2.291	2.449	2.385	2.596	2.498
59.200	R1	2.493	2.961	2.517	2.373	2.583	2.501
59.240	R1	2.153	2.153	2.588	2.366	2.550	2.503
59.280	R1	2.523	2.544	2.523	2.367	2.535	2.495
59.320	R1	2.251	2.251	2.621	2.370	2.535	2.489
59.360	R1	2.478	2.478	2.539	2.368	2.525	2.487
59.400	R1	2.440	2.597	2.504	2.371	2.531	2.493
59.440	R1	2.317	2.621	2.451	2.352	2.497	2.502
59.480	R1	2.546	2.644	2.652	2.353	2.486	2.502
59.520	R1	2.494	2.765	2.585	2.358	2.480	2.514
59.560	R1	1.995	1.995	2.519	2.345	2.448	2.508
59.600	R1	2.223	2.223	2.406	2.341	2.445	2.505
59.640	R1	2.408	2.507	2.408	2.336	2.428	2.499
59.680	R1	2.416	2.747	2.416	2.339	2.431	2.499
59.720	R1	2.408	2.408	2.528	2.316	2.406	2.499
59.760	R1	2.406	2.619	2.473	2.299	2.389	2.504
59.800	R1	2.018	2.018	2.675	2.274	2.364	2.501
59.840	R1	2.389	2.494	2.389	2.270	2.389	2.509
59.880	R1	2.508	2.517	2.632	2.271	2.394	2.513
59.920	R1	2.136	2.136	2.276	2.260	2.382	2.498
59.960	R1	2.219	2.219	2.403	2.254	2.364	2.495
60.000	R1	2.396	2.616	2.396	2.270	2.393	2.499
60.040	R1	2.211	2.211	2.583	2.284	2.407	2.509
60.080	R1	2.055	2.055	2.525	2.266	2.384	2.515
60.120	R1	1.919	1.919	2.711	2.260	2.380	2.516
60.160	R1	1.968	1.968	2.494	2.261	2.392	2.516
60.200	R1	2.367	3.094	2.658	2.258	2.408	2.518
60.240	R1	2.332	2.730	2.529	2.265	2.415	2.508
60.280	R1	2.337	2.393	2.352	2.247	2.392	2.512
60.320	R1	2.376	2.403	2.527	2.243	2.406	2.515
60.360	R1	2.313	2.589	2.607	2.237	2.401	2.535
60.400	R1	2.496	2.496	2.604	2.246	2.419	2.537
60.440	R1	2.052	2.052	2.518	2.239	2.437	2.546
60.480	R1	2.301	2.659	2.448	2.231	2.429	2.542
60.520	R1	2.428	2.650	2.523	2.234	2.432	2.542
60.560	R1	2.343	2.937	2.515	2.251	2.449	2.531
60.600	R1	2.162	2.162	2.478	2.273	2.506	2.526
60.640	R1	2.030	2.030	2.471	2.274	2.488	2.513
60.680	R1	2.413	2.807	2.685	2.273	2.467	2.512
60.720	R1	2.020	2.020	2.668	2.272	2.463	2.535
60.760	R1	2.403	2.584	2.453	2.275	2.477	2.543
60.800	R1	2.258	2.979	2.565	2.271	2.459	2.543
60.840	R1	2.050	2.050	2.519	2.263	2.452	2.537
60.880	R1	2.113	2.113	2.515	2.281	2.482	2.535
60.920	R1	2.259	2.259	2.486	2.289	2.482	2.547
60.960	R1	2.408	3.121	2.408	2.270	2.452	2.555
61.000	R1	2.379	2.725	2.385	2.269	2.422	2.555
61.040	R1	2.313	2.313	2.514	2.280	2.433	2.560
61.080	R1	2.318	2.318	2.809	2.286	2.438	2.567
61.120	R1	2.435	2.671	2.684	2.288	2.428	2.556
61.160	R1	2.237	2.237	2.619	2.307	2.449	2.546
61.200	R1	2.342	2.342	2.484	2.305	2.450	2.552
61.240	R1	2.402	2.656	2.473	2.314	2.427	2.546
61.280	R1	2.469	2.671	2.694	2.331	2.444	2.546
61.320	R1	2.051	2.051	2.674	2.345	2.458	2.540
61.360	R1	2.326	2.326	2.513	2.351	2.478	2.549
61.400	R1	2.377	2.377	2.572	2.346	2.447	2.557
61.440	R1	2.140	2.140	2.629	2.352	2.436	2.562
61.480	R1	2.462	2.597	2.462	2.352	2.437	2.562
61.520	R1	2.396	2.454	2.470	2.359	2.457	2.547
61.560	R1	2.356	2.600	2.561	2.363	2.455	2.543
61.600	R1	2.453	2.522	2.453	2.370	2.462	2.539
61.640	R1	2.382	2.382	2.518	2.363	2.455	2.546
61.680	R1	2.387	2.387	2.395	2.364	2.448	2.555
61.720	R1	2.386	2.660	2.669	2.353	2.427	2.547
61.760	R1	2.309	2.517	2.562	2.358	2.432	2.538
61.800	R1	2.493	2.500	2.493	2.362	2.437	2.534
61.840	R1	2.326	2.326	2.510	2.359	2.433	2.535
61.880	R1	2.456	2.724	2.499	2.375	2.457	2.526
61.920	R1	2.512	2.637	2.608	2.376	2.452	2.535
61.960	R1	2.379	2.379	2.541	2.353	2.426	2.545
62.000	R1	2.201	2.201	2.627	2.352	2.422	2.540
62.040	R1	2.423	2.518	2.653	2.349	2.416	2.539
62.080	R1	2.251	2.251	2.538	2.345	2.431	2.537
62.120	R1	2.143	2.143	2.497	2.329	2.415	2.544
62.160	R1	2.417	2.420	2.417	2.328	2.404	2.541
62.200	R1	2.310	2.310	2.597	2.332	2.397	2.539
62.240	R1	2.450	2.610	2.450	2.310	2.375	2.540
62.280	R1	2.489	2.489	2.644	2.305	2.370	2.539
62.320	R1	1.934	1.934	2.674	2.298	2.362	2.531
62.360	R1	2.338	2.533	2.447	2.295	2.363	2.524
62.400	R1	2.402	2.402	2.436	2.292	2.371	2.521
62.440	R1	2.301	2.677	2.487	2.286	2.365	2.524
62.480	R1	2.062	2.062	2.534	2.290	2.370	2.527
62.520	R1	2.368	2.443	2.610	2.296	2.376	2.534
62.560	R1	2.390	2.390	2.523	2.291	2.371	2.539
62.600	R1	2.044	2.044	2.515	2.285	2.380	2.533
62.640	R1	2.224	2.224	2.490	2.288	2.398	2.535
62.680	R1	2.317	2.580	2.339	2.283	2.401	2.539
62.720	R1	2.458	2.659	2.472	2.270	2.414	2.529
62.760	R1	2.324	2.540	2.476	2.292	2.456	2.523
62.800	R1	2.078	2.078	2.690	2.295	2.470	2.520
62.840	R1	2.500	2.613	2.707	2.283	2.458	2.524
62.880	R1	2.378	2.378	2.668	2.290	2.448	2.521
62.920	R1	2.031	2.031	2.599	2.309	2.467	2.528
62.960	R1	2.304	2.595	2.304	2.305	2.474	2.513
63.000	R1	2.373	2.671	2.638	2.308	2.480	2.510
63.040	R1	2.340	2.682	2.518	2.326	2.499	2.505
63.080	R1	2.238	2.739	2.449	2.337	2.510	2.506
63.120	R1	2.377	2.771	2.562	2.319	2.480	2.521
63.160	R1	2.393	2.827	2.393	2.320	2.478	2.520
63.200	R1	2.156	2.156	2.502	2.325	2.486	2.519
63.240	R1	2.435	2.475	2.435	2.338	2.498	2.507
63.280	R1	2.442	2.446	2.681	2.318	2.473	2.490
63.320	R1	2.296	2.570	2.296	2.309	2.464	2.478
63.360	R1	2.445	2.528	2.461	2.316	2.471	2.475
63.400	R1	2.410	2.410	2.413	2.314	2.458	2.487
63.440	R1	2.436	2.446	2.519	2.315	2.461	2.487
63.480	R1	1.975	1.975	2.636	2.288	2.417	2.489
63.520	R1	2.461	2.637	2.461	2.292	2.396	2.487
63.560	R1	2.438	2.691	2.458	2.300	2.384	2.487
63.600	R1	2.324	2.324	2.434	2.299	2.372	2.495
63.640	R1	2.111	2.111	2.383	2.309	2.390	2.497
63.680	R1	2.190	2.190	2.428	2.305	2.383	2.507
63.720	R1	2.179	2.179	2.530	2.300	2.378	2.501
63.760	R1	2.269	2.324	2.548	2.294	2.358	2.519
63.800	R1	2.381	2.737	2.643	2.285	2.356	2.517
63.840	R1	1.800	1.800	2.550	2.276	2.346	2.524
63.880	R1	2.329	2.329	2.413	2.271	2.341	2.527
63.920	R1	2.527	2.527	2.556	2.292	2.373	2.523
63.960	R1	2.386	2.583	2.546	2.292	2.366	2.524
64.000	R1	2.357	2.511	2.547	2.289	2.355	2.520
64.040	R1	2.349	2.349	2.631	2.283	2.350	2.531
64.080	R1	2.345	2.345	2.566	2.291	2.357	2.544
64.120	R1	2.171	2.171	2.656	2.298	2.365	2.547
64.160	R1	2.266	2.476	2.418	2.301	2.368	2.543
64.200	R1	2.223	2.223	2.550	2.310	2.382	2.550
64.240	R1	2.344	2.344	2.578	2.290	2.344	2.545
64.280	R1	2.384	2.616	2.562	2.311	2.365	2.545
64.320	R1	2.459	2.483	2.479	2.315	2.369	2.548
64.360	R1	2.379	2.487	2.379	2.307	2.361	2.545
64.400	R1	2.213	2.213	2.656	2.312	2.360	2.547
64.440	R1	2.259	2.259	2.642	2.315	2.355	2.543
64.480	R1	2.343	2.343	2.485	2.315	2.356	2.547
64.520	R1	2.237	2.237	2.449	2.287	2.328	2.549
64.560	R1	2.450	2.599	2.696	2.298	2.338	2.540
64.600	R1	1.987	1.987	2.531	2.309	2.352	2.549
64.640	R1	2.217	2.217	2.563	2.318	2.366	2.555
64.680	R1	2.411	2.411	2.468	2.297	2.346	2.546
64.720	R1	2.367	2.368	2.497	2.307	2.345	2.548
64.760	R1	2.478	2.565	2.578	2.297	2.348	2.548
64.800	R1	2.412	2.412	2.469	2.301	2.357	2.556
64.840	R1	2.361	2.361	2.718	2.310	2.376	2.544
64.880	R1	1.782	1.782	2.605	2.315	2.384	2.542
64.920	R1	2.379	2.379	2.478	2.318	2.390	2.540
64.960	R1	2.494	2.747	2.596	2.317	2.388	2.548
65.000	R1	2.400	2.512	2.668	2.317	2.383	2.547
65.040	R1	1.936	1.936	2.407	2.327	2.413	2.543
65.080	R1	2.581	2.612	2.593	2.340	2.435	2.539
65.120	R1	2.257	2.532	2.476	2.326	2.420	2.542
65.160	R1	2.447	2.673	2.536	2.328	2.425	2.539
65.200	R1	2.408	2.593	2.421	2.331	2.425	2.536
65.240	R1	2.360	2.421	2.596	2.329	2.423	2.537
65.280	R1	2.401	2.453	2.450	2.329	2.423	2.533
65.320	R1	2.206	2.206	2.617	2.345	2.439	2.525
65.360	R1	2.457	2.489	2.676	2.342	2.453	2.531
65.400	R1	2.183	2.593	2.443	2.341	2.446	2.528
65.440	R1	2.488	2.659	2.495	2.332	2.431	2.519
65.480	R1	2.118	2.118	2.529	2.352	2.451	2.523
65.520	R1	2.420	2.461	2.420	2.339	2.437	2.512
65.560	R1	2.533	2.566	2.533	2.341	2.443	2.512
65.600	R1	2.362	2.362	2.474	2.339	2.443	2.510
65.640	R1	2.371	2.371	2.645	2.324	2.418	2.521
65.680	R1	2.101	2.101	2.455	2.308	2.400	2.518
65.720	R1	2.321	2.648	2.593	2.300	2.406	2.518
65.760	R1	2.479	2.626	2.531	2.308	2.430	2.513
65.800	R1	2.210	2.210	2.490	2.302	2.422	2.514
65.840	R1	2.328	2.328	2.478	2.314	2.417	2.513
65.880	R1	2.324	2.324	2.380	2.287	2.381	2.512
65.920	R1	2.298	2.652	2.478	2.300	2.417	2.515
65.960	R1	2.411	2.675	2.495	2.298	2.427	2.513
66.000	R1	2.102	2.102	2.643	2.285	2.431	2.515
66.040	R1	2.053	2.053	2.532	2.288	2.440	2.522
66.080	R1	2.232	2.581	2.447	2.286	2.458	2.513
66.120	R1	2.367	2.675	2.525	2.304	2.484	2.513
66.160	R1	2.339	2.339	2.687	2.304	2.482	2.511
66.200	R1	2.421	2.486	2.421	2.300	2.481	2.505
66.240	R1	1.943	1.943	2.483	2.308	2.506	2.518
66.280	R1	2.389	2.835	2.587	2.302	2.500	2.519
66.320	R1	2.375	2.664	2.375	2.310	2.513	2.531
66.360	R1	2.276	2.639	2.580	2.291	2.476	2.530
66.400	R1	2.420	2.556	2.617	2.293	2.477	2.527
66.440	R1	2.337	2.721	2.454	2.292	2.476	2.520
66.480	R1	2.447	2.630	2.454	2.309	2.513	2.521
66.520	R1	2.321	2.607	2.552	2.312	2.501	2.525
66.560	R1	2.396	2.598	2.423	2.310	2.484	2.522
66.600	R1	2.376	2.717	2.754	2.292	2.466	2.515
66.640	R1	2.208	2.208	2.484	2.295	2.479	2.519
66.680	R1	2.490	2.569	2.630	2.321	2.517	2.518
66.720	R1	1.921	1.921	2.446	2.325	2.501	2.513
66.760	R1	2.449	2.699	2.449	2.307	2.469	2.523
66.800	R1	2.082	2.082	2.492	2.306	2.449	2.518
66.840	R1	2.384	2.787	2.568	2.306	2.456	2.516
66.880	R1	2.295	2.351	2.513	2.309	2.451	2.519
66.920	R1	2.336	2.336	2.467	2.304	2.437	2.527
66.960	R1	1.970	1.970	2.559	2.307	2.436	2.523
67.000	R1	2.484	2.747	2.484	2.311	2.435	2.526
67.040	R1	2.471	2.695	2.471	2.308	2.427	2.507
67.080	R1	2.459	2.517	2.481	2.316	2.453	2.517
67.120	R1	2.024	2.024	2.582	2.311	2.455	2.513
67.160	R1	2.251	2.251	2.485	2.313	2.457	2.514
67.200	R1	2.416	2.682	2.565	2.300	2.431	2.521
67.240	R1	2.404	2.631	2.520	2.316	2.481	2.521
67.280	R1	2.338	2.338	2.608	2.320	2.480	2.529
67.320	R1	2.379	2.599	2.476	2.321	2.478	2.525
67.360	R1	2.476	2.586	2.476	2.314	2.472	2.527
67.400	R1	2.319	2.548	2.380	2.334	2.504	2.525
67.440	R1	2.372	2.732	2.685	2.330	2.507	2.524
67.480	R1	2.384	2.594	2.543	2.326	2.492	2.520
67.520	R1	1.976	1.976	2.481	2.319	2.494	2.517
67.560	R1	2.171	2.171	2.580	2.336	2.512	2.518
67.600	R1	2.420	3.088	2.497	2.345	2.527	2.516
67.640	R1	2.450	2.761	2.728	2.342	2.541	2.518
67.680	R1	2.311	2.311	2.432	2.342	2.530	2.514
67.720	R1	2.209	2.209	2.501	2.349	2.547	2.508
67.760	R1	2.370	2.626	2.520	2.351	2.545	2.507
67.800	R1	2.400	2.797	2.477	2.336	2.525	2.504
67.840	R1	2.385	2.397	2.385	2.331	2.508	2.516
67.880	R1	2.325	2.549	2.412	2.312	2.471	2.514
67.920	R1	2.372	2.391	2.608	2.304	2.452	2.505
67.960	R1	2.418	2.548	2.455	2.312	2.461	2.506
68.000	R1	2.370	2.967	2.596	2.318	2.466	2.511
68.040	R1	2.404	2.404	2.449	2.315	2.443	2.515
68.080	R1	2.472	2.683	2.472	2.296	2.408	2.509
68.120	R1	2.423	2.569	2.469	2.305	2.418	2.517
68.160	R1	2.178	2.178	2.403	2.317	2.430	2.519
68.200	R1	2.202	2.202	2.630	2.324	2.425	2.526
68.240	R1	2.007	2.007	2.643	2.326	2.414	2.529
68.280	R1	2.211	2.211	2.363	2.326	2.419	2.536
68.320	R1	2.145	2.145	2.491	2.324	2.407	2.549
68.360	R1	2.281	2.281	2.696	2.323	2.410	2.544
68.400	R1	2.375	2.623	2.571	2.324	2.404	2.544
68.440	R1	2.070	2.070	2.599	2.321	2.382	2.540
68.480	R1	2.479	2.504	2.597	2.322	2.384	2.546
68.520	R1	2.459	2.459	2.537	2.315	2.366	2.550
68.560	R1	2.508	2.508	2.664	2.313	2.364	2.553
68.600	R1	2.428	2.586	2.547	2.309	2.360	2.554
68.640	R1	2.390	2.503	2.510	2.321	2.378	2.545
68.680	R1	2.298	2.298	2.683	2.340	2.417	2.545
68.720	R1	2.350	2.459	2.512	2.329	2.406	2.551
68.760	R1	2.429	2.429	2.437	2.337	2.426	2.561
68.800	R1	2.309	2.521	2.526	2.342	2.437	2.552
68.840	R1	2.428	2.445	2.560	2.332	2.415	2.549
68.880	R1	2.325	2.325	2.552	2.349	2.444	2.549
68.920	R1	2.388	2.530	2.531	2.328	2.421	2.547
68.960	R1	2.103	2.103	2.438	2.328	2.424	2.558
69.000	R1	2.436	2.546	2.436	2.327	2.433	2.556
69.040	R1	2.379	2.786	2.650	2.333	2.433	2.558
69.080	R1	2.004	2.004	2.476	2.316	2.410	2.564
69.120	R1	2.301	2.547	2.688	2.313	2.419	2.553
69.160	R1	2.379	2.501	2.530	2.319	2.423	2.553
69.200	R1	2.180	2.180	2.511	2.317	2.427	2.557
69.240	R1	2.400	2.638	2.590	2.301	2.401	2.551
69.280	R1	2.058	2.058	2.564	2.286	2.384	2.551
69.320	R1	2.459	2.515	2.754	2.289	2.393	2.548
69.360	R1	2.501	2.679	2.618	2.292	2.412	2.544
69.400	R1	2.543	2.596	2.586	2.310	2.441	2.548
69.440	R1	2.044	2.044	2.627	2.296	2.421	2.551
69.480	R1	2.250	2.468	2.467	2.298	2.422	2.550
69.520	R1	2.463	2.538	2.521	2.316	2.458	2.551
69.560	R1	2.389	2.513	2.512	2.299	2.428	2.546
69.600	R1	1.997	1.997	2.404	2.295	2.434	2.541
69.640	R1	2.118	2.118	2.558	2.301	2.447	2.543
69.680	R1	2.382	2.500	2.492	2.295	2.437	2.540
69.720	R1	2.460	2.918	2.460	2.309	2.459	2.539
69.760	R1	2.459	2.675	2.520	2.300	2.456	2.526
69.800	R1	2.153	2.153	2.492	2.287	2.441	2.519
69.840	R1	2.416	2.794	2.638	2.268	2.429	2.515
69.880	R1	2.371	2.724	2.483	2.286	2.459	2.506
69.920	R1	1.954	1.954	2.598	2.289	2.458	2.509
69.960	R1	2.304	2.617	2.434	2.273	2.451	2.508
