Tiempo	Replica	Distancia_Global	CYS1	TRP4	Distancia_Global_Smooth	CYS1_Smooth	TRP4_Smooth
0.000	R2	11.497	19.662	19.314	13.872	18.115	21.280
0.040	R2	15.999	21.678	23.039	13.854	18.482	20.953
0.080	R2	17.971	23.194	24.637	14.039	18.960	21.098
0.120	R2	15.147	15.954	22.166	14.540	19.286	21.090
0.160	R2	15.066	18.069	22.863	14.678	19.366	21.159
0.200	R2	16.580	16.580	22.974	14.618	19.246	20.993
0.240	R2	13.553	17.055	21.955	14.514	19.050	20.828
0.280	R2	11.753	15.431	19.560	14.328	18.820	20.624
0.320	R2	9.497	13.496	18.207	14.176	18.553	20.541
0.360	R2	11.653	20.037	18.088	14.134	18.291	20.549
0.400	R2	13.680	22.148	17.679	14.072	18.082	20.520
0.440	R2	16.076	24.211	22.692	14.130	17.822	20.584
0.480	R2	20.546	23.208	20.993	14.057	17.539	20.462
0.520	R2	16.470	20.400	22.066	13.789	17.087	20.332
0.560	R2	13.782	17.572	18.660	13.802	17.194	20.396
0.600	R2	12.958	16.102	18.352	13.909	17.151	20.466
0.640	R2	11.345	15.153	17.371	13.926	17.742	20.163
0.680	R2	11.587	14.007	19.122	14.089	17.743	20.255
0.720	R2	13.395	13.580	20.698	14.401	17.870	20.510
0.760	R2	12.890	14.097	19.969	14.750	18.133	20.707
0.800	R2	12.655	14.477	20.587	14.981	18.051	20.828
0.840	R2	14.537	16.006	20.590	15.232	18.138	21.140
0.880	R2	12.608	14.164	22.054	15.215	18.151	20.792
0.920	R2	15.405	18.096	23.443	15.089	18.078	21.091
0.960	R2	17.203	17.203	24.250	15.041	17.857	21.166
1.000	R2	16.930	28.406	16.930	15.251	17.877	21.482
1.040	R2	16.818	17.064	23.792	15.461	17.929	21.830
1.080	R2	17.979	17.979	24.652	15.787	18.065	22.253
1.120	R2	16.483	18.748	22.152	16.115	18.272	22.686
1.160	R2	16.280	18.406	20.500	16.230	18.952	22.436
1.200	R2	18.696	23.873	23.925	16.238	19.443	22.090
1.240	R2	15.733	24.484	15.733	16.568	19.682	22.395
1.280	R2	18.031	21.750	26.970	16.549	20.234	22.074
1.320	R2	15.511	15.966	23.562	16.578	20.739	21.631
1.360	R2	17.974	17.974	24.981	16.464	21.095	21.114
1.400	R2	17.148	17.148	25.318	16.617	21.256	21.292
1.440	R2	17.878	17.878	25.836	16.850	21.119	21.735
1.480	R2	18.135	18.135	27.776	17.134	21.528	21.788
1.520	R2	15.698	27.176	15.698	17.213	22.009	21.798
1.560	R2	13.058	23.931	13.058	17.343	22.493	21.774
1.600	R2	19.258	19.258	26.688	17.486	22.990	21.790
1.640	R2	14.158	27.040	14.158	17.402	23.083	21.444
1.680	R2	13.188	24.255	13.188	17.330	23.132	21.372
1.720	R2	13.122	25.220	13.122	17.325	23.396	20.920
1.760	R2	20.263	20.430	27.793	17.359	23.710	20.552
1.800	R2	21.595	25.658	25.807	17.399	23.749	20.305
1.840	R2	22.484	25.241	24.837	17.312	23.715	19.809
1.880	R2	19.568	27.610	24.852	17.091	23.495	19.287
1.920	R2	19.072	28.428	21.688	16.785	23.268	18.499
1.960	R2	19.152	28.351	20.805	16.504	22.673	18.218
2.000	R2	17.017	25.729	17.017	16.528	22.549	18.242
2.040	R2	14.293	25.462	14.293	16.253	22.808	17.596
2.080	R2	17.918	27.029	17.918	16.246	22.550	17.589
2.120	R2	16.209	22.239	16.209	16.485	22.561	17.828
2.160	R2	18.757	18.757	20.037	16.603	22.253	17.945
2.200	R2	15.408	16.474	15.408	16.239	22.232	17.205
2.240	R2	13.472	13.472	15.398	15.746	21.891	16.502
2.280	R2	12.003	13.592	12.003	15.200	21.716	15.838
2.320	R2	10.093	15.274	10.093	14.921	21.613	15.295
2.360	R2	13.537	21.464	13.537	14.585	21.245	14.828
2.400	R2	13.758	24.438	13.758	14.207	20.924	14.367
2.440	R2	14.015	21.876	14.015	13.937	20.751	14.098
2.480	R2	17.968	24.479	17.968	13.976	20.590	14.137
2.520	R2	15.472	19.047	15.472	13.822	20.109	13.982
2.560	R2	12.994	20.014	12.994	13.779	19.975	13.939
2.600	R2	11.738	18.838	11.738	13.704	19.957	13.800
2.640	R2	11.558	21.742	11.558	13.768	19.967	14.171
2.680	R2	13.993	25.548	13.993	13.918	20.273	14.538
2.720	R2	12.339	21.067	12.339	14.280	20.681	15.174
2.760	R2	11.592	21.947	11.592	14.814	20.957	15.817
2.800	R2	11.632	22.255	11.632	15.019	20.765	16.113
2.840	R2	15.070	22.249	15.070	15.078	20.307	16.495
2.880	R2	14.826	17.412	14.826	15.106	19.941	16.874
2.920	R2	15.360	19.560	15.360	14.984	19.494	17.203
2.960	R2	17.250	18.382	17.250	15.009	19.340	17.605
3.000	R2	16.685	16.685	22.816	15.065	19.077	18.033
3.040	R2	16.475	19.581	22.747	15.285	19.011	18.582
3.080	R2	19.244	21.766	24.716	15.561	18.777	19.298
3.120	R2	20.782	20.782	22.960	15.679	18.318	19.852
3.160	R2	17.631	17.631	19.456	15.785	17.987	20.416
3.200	R2	14.945	15.282	21.391	15.941	17.626	20.984
3.240	R2	14.557	14.557	21.595	16.002	17.155	21.470
3.280	R2	15.544	15.544	24.562	15.809	16.603	21.571
3.320	R2	15.964	15.964	23.497	15.580	16.246	21.703
3.360	R2	14.108	14.756	21.560	15.390	15.845	21.756
3.400	R2	16.148	17.506	22.727	15.126	15.524	21.708
3.440	R2	17.073	17.073	25.875	14.988	15.417	21.264
3.480	R2	16.358	16.358	25.077	14.987	15.482	20.948
3.520	R2	14.451	14.451	23.609	14.967	15.388	20.680
3.560	R2	14.721	14.721	22.951	14.906	15.343	20.513
3.600	R2	12.847	12.847	21.356	14.598	15.510	20.114
3.640	R2	11.203	11.203	17.090	14.440	15.882	19.634
3.680	R2	10.261	10.261	17.460	14.396	16.078	19.238
3.720	R2	11.559	11.559	16.428	14.232	16.073	18.623
3.760	R2	11.960	11.960	16.283	14.005	15.845	18.281
3.800	R2	13.935	14.540	13.935	13.914	15.722	17.992
3.840	R2	16.439	20.870	16.439	13.811	15.696	17.560
3.880	R2	18.856	19.903	19.343	13.724	15.752	17.195
3.920	R2	19.556	19.878	19.632	14.010	16.401	17.046
3.960	R2	11.479	20.968	11.479	14.188	16.584	16.769
4.000	R2	11.785	22.713	11.785	14.597	17.180	16.767
4.040	R2	13.666	18.481	13.666	14.964	17.944	16.708
4.080	R2	12.268	15.441	12.268	15.546	18.647	16.996
4.120	R2	11.419	11.419	16.662	16.104	19.431	17.194
4.160	R2	12.294	12.294	15.770	16.536	20.018	17.382
4.200	R2	14.089	16.976	14.089	17.152	20.674	17.782
4.240	R2	15.325	18.192	18.581	17.281	21.035	18.106
4.280	R2	22.094	29.333	22.094	17.235	20.896	18.283
4.320	R2	17.999	18.121	18.062	17.030	20.769	18.302
4.360	R2	22.911	26.634	22.911	16.796	20.670	18.367
4.400	R2	20.180	28.132	20.180	17.055	20.476	18.670
4.440	R2	22.845	25.271	22.845	17.123	20.311	18.870
4.480	R2	21.423	25.924	21.423	17.027	20.441	18.774
4.520	R2	20.188	23.301	20.188	17.183	20.753	19.071
4.560	R2	24.278	25.096	24.278	17.337	21.255	19.179
4.600	R2	16.532	21.753	20.423	17.795	21.712	19.520
4.640	R2	15.508	18.088	19.982	18.099	21.872	19.829
4.680	R2	14.752	17.354	19.714	18.329	21.982	19.896
4.720	R2	14.884	17.903	20.931	18.128	21.477	19.695
4.760	R2	16.663	17.099	17.550	17.937	21.280	19.733
4.800	R2	13.135	19.401	15.782	17.557	20.738	19.353
4.840	R2	11.753	21.092	11.753	17.383	20.205	19.179
4.880	R2	15.380	21.684	18.192	17.045	19.759	18.841
4.920	R2	14.512	21.446	18.829	16.758	19.247	18.575
4.960	R2	21.441	21.441	22.585	16.504	18.940	18.321
5.000	R2	20.181	20.181	20.275	15.984	18.688	17.801
5.040	R2	19.917	20.382	19.917	15.711	18.583	17.333
5.080	R2	18.080	19.234	18.080	15.468	18.852	16.866
5.120	R2	14.174	14.174	18.823	15.430	18.943	16.580
5.160	R2	15.317	15.813	15.317	15.471	19.310	16.465
5.200	R2	16.690	17.471	16.690	15.393	19.671	16.494
5.240	R2	16.081	16.333	16.081	15.529	19.891	16.669
5.280	R2	15.702	15.702	16.114	15.847	20.187	17.192
5.320	R2	15.100	17.154	15.100	16.020	20.273	17.468
5.360	R2	13.875	20.057	13.875	16.245	20.453	17.748
5.400	R2	11.066	19.647	11.066	16.129	20.572	17.891
5.440	R2	10.652	23.465	10.652	15.917	20.619	17.964
5.480	R2	13.990	19.188	13.990	15.797	20.611	18.097
5.520	R2	15.716	25.241	18.630	15.851	20.609	18.450
5.560	R2	15.104	24.313	18.129	16.065	20.822	18.749
5.600	R2	15.854	23.793	19.288	16.139	20.871	19.048
5.640	R2	18.114	27.028	22.208	16.112	20.805	19.344
5.680	R2	18.825	23.401	23.709	16.271	20.952	19.756
5.720	R2	19.023	25.039	24.437	16.445	21.126	20.192
5.760	R2	19.117	23.816	25.438	16.574	21.162	20.639
5.800	R2	15.945	21.132	21.737	16.526	20.805	21.006
5.840	R2	17.505	20.229	22.571	16.596	20.446	21.355
5.880	R2	19.179	19.179	25.141	16.820	20.029	22.003
5.920	R2	18.436	18.436	24.807	17.141	20.090	22.484
5.960	R2	16.802	16.802	21.301	17.406	19.956	22.738
6.000	R2	16.153	16.153	22.613	17.684	19.924	23.004
6.040	R2	19.267	19.267	24.313	17.737	19.581	23.114
6.080	R2	19.184	19.184	24.825	17.747	19.145	23.182
6.120	R2	17.677	17.870	24.052	17.702	18.872	23.059
6.160	R2	12.918	12.918	21.214	17.557	18.641	22.817
6.200	R2	12.462	12.462	18.041	17.354	18.647	22.316
6.240	R2	15.121	15.121	23.611	17.138	18.551	21.929
6.280	R2	20.411	20.411	23.612	16.701	18.215	21.313
6.320	R2	21.026	22.571	23.706	16.108	17.841	20.506
6.360	R2	20.657	23.675	23.456	15.620	17.729	19.834
6.400	R2	16.917	16.917	21.484	15.162	17.763	19.337
6.440	R2	18.313	18.313	23.575	14.662	17.701	18.709
6.480	R2	17.935	17.935	21.241	14.040	17.574	17.988
6.520	R2	16.119	20.430	19.606	13.623	17.668	17.360
6.560	R2	15.051	23.941	15.408	13.216	17.823	16.765
6.600	R2	11.620	19.201	13.999	13.146	18.232	16.364
6.640	R2	8.772	13.521	10.260	13.058	18.668	16.025
6.680	R2	7.317	11.685	8.998	12.757	18.844	15.300
6.720	R2	8.685	16.204	11.364	12.129	18.675	14.621
6.760	R2	7.645	17.481	11.367	11.666	18.641	14.209
6.800	R2	6.135	14.910	10.045	11.124	18.495	13.669
6.840	R2	6.828	16.739	9.895	10.723	18.563	13.226
6.880	R2	10.853	21.045	12.274	10.260	18.286	12.693
6.920	R2	9.528	20.971	12.136	9.900	18.085	12.379
6.960	R2	11.526	21.098	13.208	9.651	17.936	12.084
7.000	R2	10.700	21.182	11.260	9.471	17.561	12.008
7.040	R2	9.097	18.651	9.097	9.316	17.470	11.734
7.080	R2	7.864	17.028	10.048	9.276	17.647	11.619
7.120	R2	11.766	21.896	15.452	9.271	17.881	11.531
7.160	R2	9.817	20.743	12.654	9.099	17.735	11.225
7.200	R2	8.885	18.287	12.632	8.846	17.561	10.786
7.240	R2	9.048	12.763	12.909	8.661	17.448	10.405
7.280	R2	10.749	13.927	14.973	8.448	17.323	10.038
7.320	R2	11.135	17.443	13.704	8.031	16.869	9.551
7.360	R2	11.445	16.453	13.883	7.681	16.515	9.071
7.400	R2	8.523	17.367	8.523	7.225	16.142	8.530
7.440	R2	7.969	17.068	7.969	6.816	15.631	8.093
7.480	R2	7.224	16.361	7.224	6.478	15.370	7.755
7.520	R2	5.247	13.286	5.247	6.208	15.032	7.376
7.560	R2	2.590	14.003	2.590	5.743	14.333	6.727
7.600	R2	2.428	12.639	2.428	5.421	13.766	6.263
7.640	R2	2.559	14.253	2.559	5.112	13.379	5.767
7.680	R2	2.516	11.952	2.516	4.794	13.279	5.256
7.720	R2	2.535	13.894	2.535	4.396	13.068	4.646
7.760	R2	2.403	13.647	2.403	3.969	12.665	4.091
7.800	R2	2.513	10.967	2.513	3.540	12.337	3.540
7.840	R2	2.346	13.418	2.346	3.258	11.766	3.258
7.880	R2	2.460	10.280	2.460	2.992	11.225	2.992
7.920	R2	2.468	7.910	2.468	2.772	10.684	2.772
7.960	R2	3.385	9.405	3.385	2.658	10.283	2.658
8.000	R2	2.699	10.536	2.699	2.656	9.852	2.656
8.040	R2	2.695	10.763	2.695	2.670	9.492	2.670
8.080	R2	2.772	9.706	2.772	2.686	9.008	2.686
8.120	R2	2.611	9.383	2.611	2.706	8.649	2.706
8.160	R2	2.862	9.895	2.862	2.718	8.196	2.718
8.200	R2	2.869	5.954	2.869	2.742	7.901	2.742
8.240	R2	2.654	6.241	2.654	2.770	7.635	2.770
8.280	R2	2.834	5.550	2.834	2.802	7.266	2.802
8.320	R2	2.952	5.255	2.952	2.806	7.076	2.806
8.360	R2	2.549	5.387	2.549	2.819	6.985	2.819
8.400	R2	2.712	5.449	2.712	2.792	6.771	2.792
8.440	R2	2.877	4.574	2.877	2.795	6.496	2.795
8.480	R2	2.913	4.767	2.913	2.798	6.404	2.798
8.520	R2	2.794	4.838	2.794	2.791	6.312	2.791
8.560	R2	2.864	7.747	2.864	2.790	6.223	2.790
8.600	R2	3.082	5.641	3.082	2.779	5.967	2.779
8.640	R2	2.993	6.043	2.993	2.777	6.006	2.777
8.680	R2	2.533	6.468	2.533	2.775	6.031	2.775
8.720	R2	2.738	6.095	2.738	2.769	6.060	2.769
8.760	R2	2.839	5.120	2.839	2.769	6.134	2.769
8.800	R2	2.746	5.053	2.746	2.775	6.204	2.775
8.840	R2	2.767	8.911	2.767	2.772	6.331	2.772
8.880	R2	2.632	7.872	2.632	2.771	6.417	2.771
8.920	R2	2.592	7.601	2.592	2.759	6.586	2.759
8.960	R2	2.629	4.781	2.629	2.762	6.781	2.762
9.000	R2	2.835	6.737	2.835	2.742	6.704	2.742
9.040	R2	2.614	6.737	2.614	2.716	6.713	2.716
9.080	R2	2.713	6.120	2.713	2.696	6.601	2.696
9.120	R2	2.950	6.747	2.950	2.710	6.434	2.710
9.160	R2	2.682	6.778	2.682	2.718	6.276	2.718
9.200	R2	2.637	7.996	2.637	2.687	6.131	2.715
9.240	R2	2.871	6.283	2.871	2.664	5.993	2.701
9.280	R2	2.663	8.163	2.663	2.662	5.683	2.702
9.320	R2	2.851	8.729	2.851	2.647	5.406	2.703
9.360	R2	2.466	6.207	2.466	2.625	5.133	2.710
9.400	R2	2.576	5.824	2.576	2.609	5.010	2.713
9.440	R2	2.578	3.804	2.578	2.607	4.830	2.711
9.480	R2	2.824	3.121	2.824	2.579	4.596	2.721
9.520	R2	2.894	2.932	2.894	2.560	4.406	2.715
9.560	R2	2.226	2.226	2.777	2.548	4.204	2.703
9.600	R2	2.284	2.284	2.467	2.550	4.050	2.705
9.640	R2	2.717	2.717	2.785	2.536	3.768	2.704
9.680	R2	2.333	2.333	2.660	2.530	3.598	2.698
9.720	R2	2.148	2.148	2.722	2.527	3.324	2.695
9.760	R2	2.315	2.315	2.685	2.511	3.015	2.682
9.800	R2	2.806	3.139	2.806	2.535	2.921	2.705
9.840	R2	2.045	2.045	2.808	2.546	2.774	2.716
9.880	R2	2.327	2.327	2.589	2.536	2.704	2.722
9.920	R2	2.718	2.718	2.720	2.529	2.695	2.714
9.960	R2	2.729	3.686	2.729	2.522	2.706	2.707
10.000	R2	2.350	2.350	2.614	2.517	2.700	2.702
10.040	R2	2.742	2.897	2.742	2.545	2.798	2.722
10.080	R2	2.604	2.678	2.604	2.552	2.908	2.726
10.120	R2	2.545	2.545	2.587	2.569	2.991	2.726
10.160	R2	2.933	4.333	2.933	2.594	3.079	2.723
10.200	R2	2.792	2.891	2.792	2.610	3.331	2.720
10.240	R2	2.395	2.395	2.697	2.607	3.557	2.717
10.280	R2	2.678	2.948	2.678	2.648	3.836	2.720
10.320	R2	2.748	3.137	2.748	2.670	3.857	2.792
10.360	R2	2.121	2.121	2.682	2.663	3.850	2.811
10.400	R2	2.863	4.240	2.863	2.629	3.769	2.820
10.440	R2	2.853	4.916	2.853	2.639	3.783	2.817
10.480	R2	2.671	3.983	2.671	2.595	3.730	2.809
10.520	R2	2.654	3.918	2.654	2.575	3.707	2.837
10.560	R2	2.634	7.358	2.634	2.581	3.713	2.845
10.600	R2	2.736	7.660	2.736	2.583	3.645	2.852
10.640	R2	2.867	7.613	2.867	2.570	3.627	2.866
10.680	R2	2.759	2.759	4.040	2.573	3.630	2.871
10.720	R2	2.579	2.579	3.089	2.539	3.582	2.878
10.760	R2	2.052	2.052	2.909	2.526	3.550	2.891
10.800	R2	2.557	2.628	2.557	2.551	3.575	2.915
10.840	R2	1.851	1.851	2.585	2.543	3.498	2.923
10.880	R2	2.213	2.213	3.174	2.538	3.391	2.967
10.920	R2	2.665	2.665	2.740	2.532	3.318	2.984
10.960	R2	2.968	2.968	3.081	2.530	3.253	3.003
11.000	R2	2.528	2.528	3.072	2.532	3.019	3.045
11.040	R2	2.457	2.457	2.777	2.527	2.768	3.076
11.080	R2	1.996	1.996	2.820	2.506	2.509	3.083
11.120	R2	2.491	2.491	3.006	2.472	2.475	3.015
11.160	R2	2.618	2.618	3.176	2.469	2.472	2.998
11.200	R2	2.702	2.702	3.026	2.495	2.498	3.015
11.240	R2	2.772	2.772	3.719	2.504	2.625	3.025
11.280	R2	2.533	2.533	3.018	2.552	2.775	3.036
11.320	R2	2.617	2.617	3.042	2.537	2.760	3.027
11.360	R2	2.682	2.682	3.468	2.541	2.929	3.027
11.400	R2	2.639	2.639	3.359	2.535	3.060	3.015
11.440	R2	2.439	2.439	2.993	2.538	3.207	2.991
11.480	R2	2.075	2.075	2.684	2.549	3.334	2.986
11.520	R2	2.518	2.518	2.755	2.581	3.379	2.977
11.560	R2	2.576	2.576	3.251	2.577	3.376	2.960
11.600	R2	2.746	5.171	2.746	2.575	3.373	2.947
11.640	R2	2.813	4.842	2.813	2.571	3.370	2.943
11.680	R2	1.905	1.905	2.988	2.569	3.373	2.893
11.720	R2	2.750	6.044	2.750	2.572	3.377	2.886
11.760	R2	2.844	5.604	2.844	2.555	3.359	2.876
11.800	R2	2.587	5.462	2.587	2.549	3.354	2.846
11.840	R2	2.670	4.996	2.670	2.548	3.353	2.815
11.880	R2	2.640	2.895	2.640	2.547	3.352	2.799
11.920	R2	2.425	2.425	2.681	2.553	3.358	2.796
11.960	R2	2.566	2.566	2.912	2.535	3.339	2.800
12.000	R2	2.633	2.633	2.947	2.509	3.314	2.766
12.040	R2	2.720	2.842	2.720	2.497	3.200	2.753
12.080	R2	2.604	2.604	2.867	2.487	3.089	2.747
12.120	R2	2.267	2.267	2.849	2.516	3.118	2.740
12.160	R2	2.568	2.568	2.856	2.512	2.955	2.736
12.200	R2	2.626	2.626	2.754	2.496	2.801	2.730
12.240	R2	2.415	2.415	2.670	2.480	2.641	2.730
12.280	R2	2.196	2.196	2.614	2.472	2.517	2.736
12.320	R2	2.149	2.149	2.846	2.455	2.487	2.749
12.360	R2	2.059	2.059	2.558	2.465	2.503	2.746
12.400	R2	2.494	2.903	2.494	2.465	2.503	2.732
12.440	R2	2.626	2.626	2.698	2.458	2.497	2.715
12.480	R2	2.476	2.476	2.844	2.449	2.482	2.710
12.520	R2	2.665	2.789	2.665	2.420	2.453	2.708
12.560	R2	2.524	2.524	2.723	2.413	2.446	2.713
12.600	R2	2.269	2.269	2.599	2.414	2.448	2.699
12.640	R2	2.510	2.510	2.774	2.417	2.451	2.697
12.680	R2	2.297	2.297	2.912	2.409	2.443	2.693
12.720	R2	2.625	2.740	2.625	2.430	2.464	2.701
12.760	R2	2.573	2.573	2.632	2.453	2.488	2.689
12.800	R2	2.504	2.504	2.606	2.485	2.524	2.696
12.840	R2	2.536	2.536	2.604	2.489	2.508	2.712
12.880	R2	2.024	2.024	2.846	2.491	2.510	2.713
12.920	R2	2.128	2.128	2.941	2.498	2.518	2.704
12.960	R2	2.582	2.611	2.582	2.462	2.475	2.708
13.000	R2	2.680	2.680	2.704	2.467	2.480	2.715
13.040	R2	2.257	2.257	2.600	2.466	2.479	2.730
13.080	R2	2.622	2.622	2.766	2.467	2.480	2.734
13.120	R2	2.612	2.627	2.612	2.468	2.481	2.725
13.160	R2	2.693	2.791	2.693	2.461	2.468	2.731
13.200	R2	2.577	2.577	2.820	2.427	2.434	2.736
13.240	R2	2.664	2.664	2.709	2.442	2.462	2.746
13.280	R2	2.628	2.628	2.659	2.447	2.473	2.748
13.320	R2	1.937	1.937	2.759	2.466	2.500	2.726
13.360	R2	2.632	2.632	2.864	2.487	2.521	2.719
13.400	R2	2.248	2.248	2.895	2.489	2.521	2.734
13.440	R2	2.519	2.519	2.843	2.482	2.514	2.730
13.480	R2	2.325	2.325	2.737	2.501	2.533	2.738
13.520	R2	2.479	2.479	2.750	2.498	2.536	2.727
13.560	R2	1.897	1.897	2.737	2.474	2.512	2.738
13.600	R2	2.792	3.064	2.792	2.458	2.490	2.740
13.640	R2	2.643	2.743	2.643	2.433	2.465	2.744
13.680	R2	2.413	2.568	2.413	2.430	2.472	2.739
13.720	R2	2.549	2.549	2.796	2.442	2.484	2.751
13.760	R2	2.608	2.608	2.890	2.453	2.495	2.755
13.800	R2	2.553	2.553	2.631	2.420	2.462	2.762
13.840	R2	2.631	2.631	2.753	2.437	2.479	2.750
13.880	R2	2.552	2.677	2.552	2.410	2.452	2.741
13.920	R2	2.148	2.148	2.832	2.419	2.461	2.741
13.960	R2	2.363	2.363	2.732	2.401	2.442	2.736
14.000	R2	2.072	2.072	2.891	2.441	2.495	2.734
14.040	R2	2.615	2.801	2.615	2.428	2.469	2.729
14.080	R2	2.872	2.872	2.890	2.419	2.455	2.736
14.120	R2	2.157	2.157	2.837	2.441	2.472	2.758
14.160	R2	1.969	1.969	3.005	2.417	2.447	2.740
14.200	R2	2.591	2.591	2.652	2.427	2.461	2.736
14.240	R2	1.966	1.966	2.674	2.430	2.464	2.740
14.280	R2	2.516	2.516	2.731	2.428	2.462	2.737
14.320	R2	2.105	2.105	2.659	2.427	2.455	2.751
14.360	R2	2.696	2.949	2.696	2.457	2.488	2.747
14.400	R2	2.535	2.535	2.684	2.475	2.507	2.747
14.440	R2	2.467	2.467	2.781	2.478	2.510	2.738
14.480	R2	2.860	2.902	2.860	2.476	2.507	2.736
14.520	R2	2.067	2.067	2.436	2.461	2.491	2.729
14.560	R2	2.807	2.882	2.807	2.481	2.512	2.724
14.600	R2	2.609	2.609	2.701	2.501	2.531	2.707
14.640	R2	2.587	2.587	2.707	2.484	2.515	2.714
14.680	R2	2.536	2.536	2.824	2.513	2.550	2.707
14.720	R2	2.747	2.807	2.747	2.499	2.536	2.701
14.760	R2	2.731	2.758	2.731	2.522	2.559	2.710
14.800	R2	2.121	2.121	2.714	2.522	2.546	2.720
14.840	R2	2.586	2.742	2.586	2.516	2.540	2.723
14.880	R2	2.558	2.558	2.748	2.519	2.543	2.718
14.920	R2	2.566	2.566	2.737	2.512	2.551	2.711
14.960	R2	2.362	2.362	2.670	2.538	2.578	2.720
15.000	R2	2.261	2.261	2.777	2.527	2.574	2.709
15.040	R2	2.541	2.662	2.541	2.534	2.588	2.711
15.080	R2	2.243	2.243	2.613	2.510	2.565	2.713
15.120	R2	2.559	2.559	2.840	2.511	2.566	2.710
15.160	R2	2.703	2.703	2.890	2.468	2.519	2.697
15.200	R2	2.416	2.416	2.756	2.437	2.487	2.686
15.240	R2	2.513	2.513	2.679	2.436	2.486	2.684
15.280	R2	2.720	3.068	2.720	2.436	2.479	2.692
15.320	R2	2.604	2.604	2.610	2.439	2.488	2.684
15.360	R2	2.583	2.812	2.583	2.445	2.499	2.682
15.400	R2	2.740	2.887	2.740	2.431	2.486	2.687
15.440	R2	2.117	2.117	2.743	2.439	2.493	2.687
15.480	R2	2.550	2.550	2.773	2.421	2.469	2.697
15.520	R2	1.886	1.886	2.478	2.432	2.480	2.698
15.560	R2	2.111	2.111	2.517	2.429	2.477	2.702
15.600	R2	2.098	2.098	2.686	2.406	2.454	2.687
15.640	R2	2.595	2.595	2.728	2.416	2.464	2.687
15.680	R2	2.607	2.752	2.607	2.416	2.464	2.695
15.720	R2	2.690	2.780	2.690	2.382	2.413	2.690
15.760	R2	2.093	2.093	2.766	2.389	2.419	2.699
15.800	R2	2.415	2.415	2.778	2.377	2.396	2.705
15.840	R2	2.186	2.186	2.731	2.368	2.392	2.696
15.880	R2	2.455	2.455	2.638	2.370	2.393	2.688
15.920	R2	2.494	2.494	2.930	2.374	2.398	2.681
15.960	R2	2.240	2.240	2.588	2.411	2.434	2.694
16.000	R2	2.628	2.628	2.751	2.439	2.462	2.704
16.040	R2	2.510	2.510	2.843	2.435	2.458	2.703
16.080	R2	2.044	2.044	2.616	2.434	2.457	2.707
16.120	R2	2.734	2.734	2.800	2.419	2.436	2.701
16.160	R2	2.352	2.352	2.705	2.409	2.430	2.690
16.200	R2	2.558	2.792	2.558	2.431	2.453	2.696
16.240	R2	2.150	2.150	2.577	2.438	2.480	2.685
16.280	R2	2.639	2.639	2.639	2.467	2.517	2.686
16.320	R2	2.616	2.616	2.725	2.442	2.492	2.693
16.360	R2	2.674	2.674	2.714	2.419	2.469	2.683
16.400	R2	2.016	2.016	2.675	2.433	2.484	2.698
16.440	R2	2.576	2.576	2.807	2.435	2.485	2.699
16.480	R2	2.316	2.316	2.478	2.438	2.489	2.686
16.520	R2	2.481	2.675	2.481	2.458	2.508	2.687
16.560	R2	2.544	2.544	2.891	2.458	2.508	2.683
16.600	R2	2.551	2.969	2.551	2.470	2.576	2.678
16.640	R2	2.762	2.925	2.762	2.470	2.628	2.678
16.680	R2	1.951	1.951	2.762	2.497	2.656	2.683
16.720	R2	2.039	2.039	2.729	2.500	2.669	2.687
16.760	R2	2.524	2.524	2.885	2.509	2.693	2.690
16.800	R2	2.662	2.662	2.780	2.478	2.661	2.687
16.840	R2	2.572	2.572	2.585	2.505	2.688	2.686
16.880	R2	2.441	2.441	2.624	2.518	2.795	2.688
16.920	R2	2.731	2.732	2.731	2.524	2.910	2.686
16.960	R2	2.598	3.699	2.598	2.522	2.898	2.692
17.000	R2	2.560	3.832	2.560	2.488	2.865	2.685
17.040	R2	2.679	2.724	2.679	2.493	2.849	2.690
17.080	R2	2.713	2.899	2.713	2.495	2.857	2.692
17.120	R2	2.796	3.083	2.796	2.525	2.926	2.681
17.160	R2	2.042	2.042	2.661	2.553	2.994	2.675
17.200	R2	2.554	2.554	2.646	2.566	3.027	2.669
17.240	R2	2.845	4.712	2.845	2.562	3.054	2.660
17.280	R2	2.440	4.630	2.440	2.566	3.058	2.668
17.320	R2	2.431	2.431	2.602	2.582	3.173	2.674
17.360	R2	1.875	1.875	2.742	2.581	3.302	2.674
17.400	R2	2.649	2.654	2.649	2.593	3.332	2.686
17.440	R2	2.803	3.081	2.803	2.597	3.297	2.690
17.480	R2	2.548	3.344	2.548	2.601	3.359	2.694
17.520	R2	2.601	3.397	2.601	2.599	3.347	2.694
17.560	R2	2.777	3.184	2.777	2.602	3.337	2.696
17.600	R2	2.590	3.202	2.590	2.635	3.409	2.699
17.640	R2	2.645	2.645	2.752	2.647	3.427	2.706
17.680	R2	2.754	4.739	2.754	2.620	3.306	2.701
17.720	R2	2.714	5.317	2.714	2.631	3.251	2.712
17.760	R2	2.839	4.296	2.839	2.640	3.294	2.713
17.800	R2	2.649	3.124	2.649	2.666	3.320	2.704
17.840	R2	2.756	3.964	2.756	2.674	3.364	2.711
17.880	R2	2.676	2.676	2.713	2.643	3.319	2.708
17.920	R2	2.845	2.870	2.845	2.638	3.274	2.712
17.960	R2	2.714	3.491	2.714	2.641	3.255	2.715
18.000	R2	2.787	2.902	2.787	2.614	3.208	2.716
18.040	R2	2.297	2.297	2.740	2.610	3.173	2.726
18.080	R2	2.668	3.535	2.668	2.614	3.189	2.725
18.120	R2	2.608	3.282	2.608	2.611	3.113	2.721
18.160	R2	2.408	2.408	2.568	2.605	3.010	2.716
18.200	R2	2.802	3.531	2.802	2.592	2.969	2.703
18.240	R2	2.180	2.180	2.732	2.600	2.975	2.711
18.280	R2	2.446	2.446	2.624	2.603	2.982	2.714
18.320	R2	2.673	3.020	2.673	2.594	3.054	2.703
18.360	R2	2.234	2.234	2.790	2.591	3.160	2.700
18.400	R2	2.497	2.497	2.789	2.604	3.229	2.713
18.440	R2	2.724	2.962	2.724	2.594	3.312	2.703
18.480	R2	2.692	3.227	2.692	2.602	3.366	2.689
18.520	R2	2.611	3.261	2.611	2.609	3.330	2.697
18.560	R2	2.564	3.478	2.564	2.612	3.305	2.699
18.600	R2	2.821	3.229	2.821	2.644	3.337	2.723
18.640	R2	2.806	4.120	2.806	2.637	3.335	2.716
18.680	R2	2.506	4.100	2.506	2.675	3.497	2.726
18.720	R2	2.787	4.995	2.787	2.688	3.616	2.731
18.760	R2	2.967	4.883	2.967	2.689	3.624	2.732
18.800	R2	2.593	4.548	2.593	2.704	3.800	2.719
18.840	R2	2.462	3.391	2.462	2.721	3.818	2.866
18.880	R2	2.806	2.806	2.814	2.726	3.959	2.871
18.920	R2	2.658	2.777	2.658	2.730	4.083	2.875
18.960	R2	3.048	3.050	3.048	2.740	4.175	2.885
19.000	R2	2.659	3.499	2.659	2.751	4.268	2.896
19.040	R2	2.938	5.417	2.938	2.739	4.423	2.884
19.080	R2	2.718	4.815	2.718	2.727	4.492	2.871
19.120	R2	2.689	3.191	2.689	2.736	4.531	2.881
19.160	R2	2.525	5.761	2.525	2.723	4.529	2.868
19.200	R2	2.849	2.849	5.736	2.685	4.395	2.982
19.240	R2	2.826	5.783	2.826	2.694	4.437	2.991
19.280	R2	2.761	5.709	2.761	2.714	4.537	3.011
19.320	R2	2.818	5.091	2.818	2.712	4.695	3.008
19.360	R2	2.777	5.341	2.777	2.723	4.884	3.019
19.400	R2	2.593	6.325	2.593	2.709	5.025	3.005
19.440	R2	2.550	5.512	2.550	2.715	5.077	3.011
19.480	R2	2.704	4.882	2.704	2.693	5.023	2.989
19.520	R2	2.525	4.951	2.525	2.702	4.961	2.998
19.560	R2	2.205	2.205	5.241	2.698	5.040	2.994
19.600	R2	2.774	5.388	2.774	2.695	4.875	3.054
19.640	R2	2.859	5.381	2.859	2.676	4.856	2.919
19.680	R2	2.762	5.973	2.762	2.664	4.696	2.964
19.720	R2	2.875	6.554	2.875	2.657	4.542	2.984
19.760	R2	2.772	5.879	2.772	2.645	4.566	2.971
19.800	R2	2.778	4.526	2.778	2.643	4.614	2.970
19.840	R2	2.507	4.348	2.507	2.656	4.440	2.993
19.880	R2	2.893	3.574	2.893	2.674	4.491	3.010
19.920	R2	2.612	4.771	2.612	2.675	4.414	3.011
19.960	R2	2.452	2.452	3.720	2.687	4.402	3.024
20.000	R2	2.481	2.481	3.029	2.708	4.468	2.894
20.040	R2	2.579	2.579	3.724	2.691	4.392	2.876
20.080	R2	2.623	2.623	3.158	2.684	4.288	2.869
20.120	R2	2.576	5.566	2.576	2.682	4.233	2.867
20.160	R2	2.743	6.302	2.743	2.655	4.023	2.895
20.200	R2	2.859	2.859	3.064	2.643	3.855	2.893
20.240	R2	2.893	6.535	2.893	2.625	3.750	2.905
20.280	R2	2.723	3.340	2.723	2.612	3.645	2.928
20.320	R2	2.784	4.697	2.784	2.604	3.611	2.920
20.360	R2	2.624	3.540	2.624	2.591	3.490	2.918
20.400	R2	2.423	3.852	2.423	2.577	3.476	2.893
20.440	R2	2.717	3.300	2.717	2.586	3.531	2.874
20.480	R2	2.719	4.887	2.719	2.583	3.528	2.833
20.520	R2	2.342	2.342	3.445	2.558	3.503	2.842
20.560	R2	2.524	2.524	2.738	2.576	3.371	2.873
20.600	R2	2.420	2.420	3.012	2.570	3.188	2.883
20.640	R2	2.254	2.254	2.969	2.565	3.190	2.868
20.680	R2	2.735	2.903	2.735	2.531	2.973	2.864
20.720	R2	2.341	2.341	2.563	2.500	2.911	2.859
20.760	R2	2.180	2.180	3.215	2.482	2.797	2.849
20.800	R2	2.662	3.582	2.662	2.461	2.731	2.856
20.840	R2	2.518	2.518	2.887	2.478	2.678	2.873
20.880	R2	2.123	2.123	3.341	2.474	2.644	2.872
20.920	R2	2.927	2.927	3.211	2.455	2.517	2.873
20.960	R2	2.635	2.635	2.943	2.474	2.550	2.837
21.000	R2	2.763	2.892	2.763	2.476	2.552	2.846
21.040	R2	2.206	2.206	2.803	2.466	2.542	2.837
21.080	R2	2.096	2.096	2.623	2.488	2.587	2.823
21.120	R2	2.428	2.428	2.590	2.477	2.568	2.825
21.160	R2	2.207	2.207	2.756	2.469	2.560	2.843
21.200	R2	2.771	2.793	2.771	2.483	2.574	2.823
21.240	R2	2.632	2.632	2.696	2.472	2.517	2.820
21.280	R2	2.347	2.347	2.734	2.474	2.518	2.813
21.320	R2	2.718	2.994	2.718	2.500	2.544	2.782
21.360	R2	2.558	2.558	2.932	2.483	2.527	2.764
21.400	R2	2.226	2.226	2.824	2.449	2.494	2.759
21.440	R2	2.684	3.156	2.684	2.441	2.491	2.751
21.480	R2	2.521	2.521	2.777	2.444	2.494	2.756
21.520	R2	2.187	2.187	2.929	2.473	2.522	2.767
21.560	R2	2.461	2.461	2.807	2.476	2.538	2.762
21.600	R2	2.435	2.435	2.601	2.496	2.557	2.759
21.640	R2	2.546	2.546	2.763	2.493	2.573	2.757
21.680	R2	2.642	2.642	2.720	2.474	2.553	2.747
21.720	R2	2.588	2.588	2.853	2.494	2.586	2.748
21.760	R2	1.959	1.959	2.834	2.472	2.550	2.748
21.800	R2	2.608	2.830	2.608	2.457	2.535	2.730
21.840	R2	2.275	2.275	2.907	2.469	2.547	2.723
21.880	R2	2.659	2.659	2.826	2.470	2.531	2.725
21.920	R2	2.493	2.737	2.493	2.464	2.525	2.725
21.960	R2	2.600	2.600	2.700	2.482	2.543	2.708
22.000	R2	2.726	3.106	2.726	2.482	2.543	2.701
22.040	R2	2.237	2.237	2.499	2.469	2.530	2.708
22.080	R2	2.762	3.003	2.762	2.473	2.534	2.709
22.120	R2	2.271	2.271	2.722	2.454	2.515	2.709
22.160	R2	2.258	2.258	2.567	2.434	2.494	2.703
22.200	R2	2.468	2.468	2.684	2.464	2.526	2.698
22.240	R2	2.713	2.840	2.713	2.459	2.510	2.698
22.280	R2	2.394	2.394	2.779	2.475	2.526	2.688
22.320	R2	2.545	2.545	2.599	2.468	2.532	2.673
22.360	R2	2.466	2.466	2.667	2.475	2.527	2.681
22.400	R2	2.172	2.172	2.733	2.455	2.506	2.685
22.440	R2	2.626	2.626	2.787	2.454	2.486	2.691
22.480	R2	2.261	2.261	2.721	2.453	2.485	2.700
22.520	R2	2.182	2.182	2.737	2.447	2.468	2.703
22.560	R2	2.566	2.594	2.732	2.454	2.484	2.687
22.600	R2	2.514	2.514	2.608	2.470	2.500	2.698
22.640	R2	2.589	2.589	2.705	2.474	2.504	2.691
22.680	R2	2.526	2.783	2.526	2.467	2.491	2.702
22.720	R2	2.632	2.632	2.655	2.461	2.484	2.704
22.760	R2	2.187	2.187	2.786	2.467	2.492	2.708
22.800	R2	2.708	2.708	2.835	2.466	2.491	2.712
22.840	R2	2.217	2.217	2.680	2.487	2.512	2.712
22.880	R2	2.646	2.646	2.817	2.461	2.486	2.697
22.920	R2	2.404	2.592	2.404	2.477	2.502	2.699
22.960	R2	2.585	2.585	2.787	2.499	2.524	2.708
23.000	R2	2.557	2.558	2.557	2.471	2.495	2.706
23.040	R2	2.565	2.565	2.931	2.459	2.482	2.724
23.080	R2	2.263	2.263	2.820	2.435	2.458	2.737
23.120	R2	2.665	2.694	2.666	2.432	2.443	2.751
23.160	R2	2.448	2.448	2.753	2.432	2.455	2.770
23.200	R2	2.605	2.605	2.734	2.460	2.483	2.769
23.240	R2	2.100	2.100	2.496	2.430	2.454	2.781
23.280	R2	2.587	2.587	2.746	2.423	2.446	2.792
23.320	R2	2.607	2.607	2.912	2.421	2.453	2.783
23.360	R2	2.019	2.019	2.712	2.401	2.423	2.803
23.400	R2	2.264	2.264	2.958	2.401	2.423	2.808
23.440	R2	2.107	2.107	2.958	2.377	2.399	2.818
23.480	R2	2.477	2.477	2.818	2.359	2.381	2.816
23.520	R2	2.624	2.868	3.040	2.379	2.401	2.826
23.560	R2	2.755	2.760	2.755	2.368	2.388	2.829
23.600	R2	2.116	2.116	3.081	2.368	2.388	2.833
23.640	R2	2.070	2.070	2.900	2.358	2.378	2.835
23.680	R2	2.607	2.772	2.640	2.364	2.385	2.838
23.720	R2	1.994	1.994	2.793	2.365	2.386	2.835
23.760	R2	2.593	2.593	2.896	2.361	2.381	2.824
23.800	R2	2.076	2.076	2.754	2.380	2.401	2.813
23.840	R2	2.208	2.208	2.898	2.396	2.417	2.808
23.880	R2	2.653	2.653	3.012	2.415	2.437	2.785
23.920	R2	2.443	2.443	2.728	2.429	2.451	2.798
23.960	R2	2.449	2.449	2.834	2.398	2.407	2.779
24.000	R2	2.406	2.406	2.760	2.371	2.380	2.807
24.040	R2	2.235	2.235	2.575	2.394	2.403	2.851
24.080	R2	2.600	2.600	2.670	2.424	2.434	2.876
24.120	R2	2.516	2.516	2.691	2.435	2.436	2.925
24.160	R2	2.409	2.409	2.501	2.464	2.465	2.983
24.200	R2	2.583	2.583	2.864	2.454	2.455	3.058
24.240	R2	2.496	2.519	2.496	2.477	2.715	3.047
24.280	R2	2.744	2.744	3.070	2.497	2.969	3.032
24.320	R2	1.998	1.998	2.654	2.505	3.180	3.023
24.360	R2	2.223	2.223	3.322	2.498	3.173	3.113
24.400	R2	2.571	2.571	3.962	2.512	3.413	3.108
24.440	R2	2.685	2.685	3.412	2.521	3.659	3.099
24.480	R2	2.816	2.816	3.620	2.545	3.907	3.106
24.520	R2	2.568	2.568	3.943	2.564	3.926	3.143
24.560	R2	2.402	2.402	4.400	2.578	4.085	3.148
24.600	R2	2.529	7.264	2.529	2.609	4.116	3.229
24.640	R2	2.607	7.296	2.607	2.612	4.210	3.219
24.680	R2	2.817	6.865	2.817	2.628	4.225	3.325
24.720	R2	2.307	2.307	4.543	2.640	4.275	3.321
24.760	R2	2.726	7.246	2.726	2.676	4.455	3.324
24.800	R2	2.580	7.331	2.580	2.687	4.466	3.342
24.840	R2	2.714	7.194	2.714	2.694	4.473	3.441
24.880	R2	2.983	2.983	3.414	2.695	4.474	3.539
24.920	R2	2.795	5.691	2.795	2.656	4.434	3.630
24.960	R2	3.024	3.024	4.115	2.631	4.410	3.637
25.000	R2	2.652	4.478	2.652	2.648	4.507	3.554
25.040	R2	2.820	2.820	4.625	2.668	4.337	3.574
25.080	R2	2.987	3.744	2.987	2.642	4.078	3.663
25.120	R2	2.715	5.583	2.715	2.635	3.868	3.703
25.160	R2	2.448	2.448	3.676	2.635	3.868	3.675
25.200	R2	2.708	2.708	5.940	2.644	3.752	3.685
25.240	R2	2.701	2.701	5.379	2.660	3.667	3.701
25.280	R2	2.033	2.033	5.441	2.628	3.411	3.852
25.320	R2	2.079	2.079	4.087	2.622	3.404	3.876
25.360	R2	2.739	4.352	2.739	2.599	3.237	3.944
25.400	R2	2.923	3.865	2.923	2.581	3.218	3.918
25.440	R2	2.097	2.097	4.396	2.551	3.097	3.974
25.480	R2	2.674	2.674	3.623	2.513	3.060	3.917
25.520	R2	2.307	2.307	3.982	2.492	3.001	3.963
25.560	R2	2.910	4.919	2.910	2.495	2.985	3.965
25.600	R2	2.898	5.638	2.898	2.516	3.099	3.925
25.640	R2	2.066	2.066	5.734	2.521	3.193	3.768
25.680	R2	2.859	2.859	3.901	2.518	3.315	3.631
25.720	R2	2.338	2.338	4.150	2.551	3.493	3.494
25.760	R2	2.660	2.660	3.613	2.585	3.635	3.428
25.800	R2	2.049	2.049	3.771	2.583	3.699	3.426
25.840	R2	2.073	2.073	3.476	2.566	3.731	3.409
25.880	R2	2.569	2.569	3.902	2.593	3.873	3.320
25.920	R2	2.770	5.274	2.770	2.586	3.970	3.266
25.960	R2	2.859	4.724	2.859	2.610	4.114	3.206
26.000	R2	2.807	4.577	2.807	2.605	4.172	3.201
26.040	R2	2.646	5.155	2.646	2.597	4.123	3.193
26.080	R2	2.689	5.584	2.689	2.626	4.172	3.039
26.120	R2	2.774	4.929	2.774	2.618	4.164	2.986
26.160	R2	2.688	5.627	2.688	2.630	4.194	2.907
26.200	R2	2.586	4.502	2.586	2.638	4.228	2.868
26.240	R2	2.633	4.941	2.633	2.676	4.265	2.822
26.280	R2	2.531	4.616	2.531	2.693	4.306	2.769
26.320	R2	2.786	5.184	2.786	2.696	4.309	2.717
26.360	R2	2.811	6.066	2.811	2.680	4.167	2.709
26.400	R2	2.740	4.673	2.740	2.644	4.038	2.708
26.440	R2	2.654	3.040	2.654	2.644	3.950	2.716
26.480	R2	2.692	2.692	2.833	2.646	3.826	2.729
26.520	R2	2.579	2.936	2.579	2.640	3.676	2.729
26.560	R2	2.831	3.339	2.831	2.642	3.569	2.732
26.600	R2	2.799	2.799	2.847	2.636	3.422	2.726
26.640	R2	2.423	2.889	2.423	2.647	3.337	2.738
26.680	R2	2.630	2.630	2.851	2.639	3.244	2.731
26.720	R2	2.440	2.440	2.607	2.651	3.201	2.742
26.760	R2	2.146	2.146	2.855	2.637	3.067	2.742
26.800	R2	2.804	2.804	2.964	2.628	2.983	2.734
26.840	R2	2.677	2.677	2.906	2.625	3.022	2.730
26.880	R2	2.584	2.584	2.678	2.625	3.074	2.730
26.920	R2	2.803	2.803	2.837	2.624	3.092	2.722
26.960	R2	2.565	2.670	2.565	2.629	3.080	2.727
27.000	R2	2.805	2.805	2.824	2.613	3.038	2.716
27.040	R2	2.491	3.081	2.491	2.610	3.115	2.711
27.080	R2	2.763	3.767	2.763	2.627	3.176	2.728
27.120	R2	2.504	2.504	2.787	2.628	3.254	2.718
27.160	R2	2.638	4.379	2.638	2.638	3.379	2.719
27.200	R2	2.667	5.452	2.667	2.672	3.460	2.717
27.240	R2	2.656	4.076	2.656	2.676	3.514	2.714
27.280	R2	2.673	3.063	2.673	2.677	3.523	2.703
27.320	R2	2.683	2.683	2.684	2.669	3.515	2.709
27.360	R2	2.508	2.508	2.601	2.661	3.512	2.700
27.400	R2	2.742	4.332	2.742	2.633	3.479	2.719
27.440	R2	2.767	4.118	2.767	2.609	3.454	2.719
27.480	R2	2.650	4.197	2.650	2.610	3.426	2.733
27.520	R2	2.625	4.939	2.625	2.601	3.376	2.724
27.560	R2	2.827	3.759	2.827	2.585	3.360	2.723
27.600	R2	2.891	3.887	2.891	2.573	3.261	2.711
27.640	R2	2.696	2.849	2.696	2.571	3.120	2.712
27.680	R2	2.430	2.430	2.799	2.566	3.044	2.708
27.720	R2	2.644	2.748	2.644	2.541	3.000	2.711
27.760	R2	2.003	2.003	2.947	2.518	2.977	2.708
27.800	R2	2.315	2.315	2.835	2.524	3.001	2.709
27.840	R2	2.508	2.508	2.764	2.506	2.903	2.714
27.880	R2	2.584	2.771	2.584	2.504	2.833	2.714
27.920	R2	2.192	2.192	2.764	2.498	2.751	2.712
27.960	R2	2.395	2.395	2.404	2.493	2.630	2.707
28.000	R2	2.627	2.627	2.692	2.467	2.557	2.696
28.040	R2	2.561	2.561	2.562	2.437	2.477	2.685
28.080	R2	2.174	2.174	2.747	2.414	2.447	2.688
28.120	R2	2.226	2.226	2.613	2.430	2.462	2.694
28.160	R2	2.627	2.988	2.627	2.400	2.428	2.694
28.200	R2	2.379	2.379	2.837	2.419	2.446	2.680
28.240	R2	2.723	2.723	2.763	2.441	2.468	2.679
28.280	R2	2.542	2.542	2.618	2.428	2.455	2.675
28.320	R2	2.519	2.519	2.520	2.433	2.451	2.683
28.360	R2	2.305	2.305	2.603	2.448	2.466	2.678
28.400	R2	2.286	2.286	2.674	2.456	2.486	2.686
28.440	R2	2.243	2.243	2.769	2.419	2.450	2.685
28.480	R2	2.743	2.743	2.917	2.418	2.448	2.688
28.520	R2	2.059	2.059	2.644	2.438	2.474	2.679
28.560	R2	2.369	2.369	2.663	2.456	2.492	2.678
28.600	R2	2.755	2.755	2.809	2.452	2.470	2.682
28.640	R2	2.254	2.254	2.699	2.467	2.486	2.674
28.680	R2	2.677	2.677	2.740	2.454	2.473	2.662
28.720	R2	2.501	2.501	2.658	2.465	2.483	2.669
28.760	R2	2.557	2.801	2.557	2.440	2.458	2.680
28.800	R2	1.891	1.891	2.672	2.422	2.441	2.677
28.840	R2	2.535	2.535	2.634	2.441	2.460	2.683
28.880	R2	2.566	2.679	2.566	2.442	2.461	2.678
28.920	R2	2.585	2.595	2.585	2.442	2.466	2.669
28.960	R2	2.550	2.550	2.710	2.469	2.493	2.673
29.000	R2	2.685	2.685	2.688	2.478	2.502	2.676
29.040	R2	2.462	2.462	2.518	2.468	2.492	2.668
29.080	R2	2.752	2.752	2.762	2.483	2.511	2.661
29.120	R2	2.027	2.027	2.725	2.483	2.513	2.658
29.160	R2	1.947	1.947	2.557	2.467	2.496	2.663
29.200	R2	2.671	2.671	2.783	2.467	2.484	2.670
29.240	R2	2.262	2.262	2.670	2.509	2.548	2.673
29.280	R2	2.745	2.856	2.745	2.493	2.533	2.678
29.320	R2	2.595	2.595	2.721	2.471	2.506	2.687
29.360	R2	2.537	2.537	2.717	2.470	2.589	2.686
29.400	R2	2.568	2.568	2.656	2.484	2.708	2.692
29.440	R2	2.552	2.631	2.552	2.477	2.848	2.684
29.480	R2	2.679	2.711	2.679	2.492	3.006	2.697
29.520	R2	2.171	2.171	2.757	2.489	3.002	2.716
29.560	R2	2.557	2.557	2.713	2.521	3.167	2.713
29.600	R2	2.726	3.175	2.726	2.559	3.331	2.721
29.640	R2	2.229	2.229	2.730	2.541	3.447	2.698
29.680	R2	2.130	2.130	2.745	2.565	3.585	2.701
29.720	R2	2.557	4.264	2.557	2.559	3.651	2.695
29.760	R2	2.835	4.937	2.835	2.552	3.816	2.682
29.800	R2	2.535	5.474	2.535	2.557	3.973	2.677
29.840	R2	2.774	5.617	2.774	2.548	4.116	2.664
29.880	R2	2.681	2.681	3.148	2.548	4.242	2.665
29.920	R2	2.660	5.320	2.660	2.548	4.329	2.664
29.960	R2	2.712	5.237	2.712	2.574	4.527	2.661
30.000	R2	2.321	4.987	2.321	2.568	4.658	2.647
30.040	R2	2.728	5.026	2.728	2.560	4.756	2.639
30.080	R2	2.642	4.164	2.642	2.585	4.893	2.639
30.120	R2	2.445	5.910	2.445	2.615	5.045	2.638
30.160	R2	2.631	5.662	2.631	2.624	5.103	2.647
30.200	R2	2.386	5.439	2.386	2.632	5.131	2.655
30.240	R2	2.571	5.149	2.571	2.643	5.031	2.666
30.280	R2	2.671	4.451	2.671	2.623	4.869	2.665
30.320	R2	2.685	6.132	2.685	2.619	4.865	2.645
30.360	R2	2.433	5.184	2.433	2.631	4.815	2.657
30.400	R2	2.581	5.119	2.581	2.625	4.710	2.651
30.440	R2	2.720	4.985	2.720	2.635	4.586	2.670
30.480	R2	2.729	5.156	2.729	2.637	4.477	2.673
30.520	R2	2.734	5.428	2.734	2.641	4.490	2.676
30.560	R2	3.001	5.501	3.001	2.653	4.391	2.688
30.600	R2	2.756	3.470	2.756	2.659	4.271	2.695
30.640	R2	2.372	2.372	2.743	2.672	4.186	2.708
30.680	R2	2.604	2.604	2.758	2.675	4.126	2.710
30.720	R2	2.888	4.322	2.888	2.681	4.125	2.717
30.760	R2	2.594	3.134	2.594	2.690	4.076	2.726
30.800	R2	2.522	2.522	2.709	2.714	4.007	2.749
30.840	R2	2.778	2.840	2.778	2.723	3.972	2.758
30.880	R2	2.713	4.421	2.713	2.718	3.949	2.753
30.920	R2	2.685	3.934	2.685	2.719	3.889	2.755
30.960	R2	2.757	3.249	2.757	2.724	3.825	2.760
31.000	R2	2.650	3.739	2.650	2.702	3.678	2.784
31.040	R2	2.619	3.957	2.619	2.664	3.604	2.807
31.080	R2	2.808	4.429	2.808	2.666	3.606	2.852
31.120	R2	2.860	5.156	2.860	2.683	3.623	2.908
31.160	R2	2.901	3.792	2.901	2.666	3.534	2.955
31.200	R2	2.765	4.418	2.765	2.667	3.509	2.965
31.240	R2	2.621	4.527	2.621	2.670	3.524	2.959
31.280	R2	2.754	3.963	2.754	2.664	3.519	2.953
31.320	R2	2.838	4.150	2.838	2.668	3.437	2.959
31.360	R2	2.561	2.561	3.485	2.655	3.378	2.946
31.400	R2	1.998	1.998	3.217	2.655	3.353	2.951
31.440	R2	2.394	2.394	3.646	2.627	3.270	2.956
31.480	R2	2.952	2.952	3.866	2.634	3.211	2.974
31.520	R2	2.548	2.548	3.830	2.605	3.101	2.973
31.560	R2	2.624	2.624	2.804	2.570	2.951	2.967
31.600	R2	2.576	2.835	2.576	2.558	2.894	2.962
31.640	R2	2.658	2.731	2.658	2.550	2.814	2.954
31.680	R2	2.792	2.792	2.836	2.530	2.699	2.958
31.720	R2	2.431	2.750	2.431	2.514	2.622	2.950
31.760	R2	2.743	2.743	2.858	2.513	2.563	2.950
31.800	R2	2.087	2.087	2.740	2.499	2.550	2.900
31.840	R2	2.772	2.772	2.976	2.528	2.586	2.868
31.880	R2	2.221	2.221	2.800	2.514	2.571	2.817
31.920	R2	2.160	2.160	2.731	2.468	2.526	2.746
31.960	R2	2.661	2.661	2.805	2.460	2.518	2.682
32.000	R2	2.608	2.819	2.608	2.448	2.506	2.672
32.040	R2	2.228	2.228	2.702	2.439	2.503	2.663
32.080	R2	2.423	2.423	2.602	2.435	2.495	2.675
32.120	R2	2.822	2.971	2.822	2.438	2.518	2.676
32.160	R2	2.286	2.286	2.493	2.417	2.481	2.682
32.200	R2	2.573	2.715	2.573	2.413	2.478	2.677
32.240	R2	2.106	2.106	2.639	2.422	2.486	2.666
32.280	R2	2.041	2.041	2.430	2.409	2.473	2.654
32.320	R2	2.388	2.388	2.566	2.406	2.470	2.640
32.360	R2	2.386	2.386	2.596	2.437	2.501	2.644
32.400	R2	2.390	2.782	2.390	2.462	2.529	2.661
32.440	R2	2.574	2.574	2.897	2.464	2.521	2.678
32.480	R2	2.856	3.251	2.856	2.473	2.552	2.662
32.520	R2	2.012	2.012	2.549	2.475	2.555	2.670
32.560	R2	2.672	2.672	2.772	2.439	2.512	2.678
32.600	R2	2.257	2.257	2.515	2.453	2.543	2.681
32.640	R2	2.509	2.509	2.727	2.447	2.530	2.683
32.680	R2	2.164	2.164	2.520	2.475	2.558	2.688
32.720	R2	2.782	2.782	2.809	2.494	2.609	2.688
32.760	R2	3.161	3.207	3.161	2.505	2.623	2.689
32.800	R2	2.658	2.658	2.938	2.517	2.636	2.697
32.840	R2	2.391	2.858	2.391	2.525	2.624	2.713
32.880	R2	2.480	2.480	2.746	2.514	2.613	2.696
32.920	R2	2.103	2.103	2.989	2.504	2.619	2.686
32.960	R2	2.560	2.921	2.560	2.529	2.658	2.684
33.000	R2	2.442	2.442	2.617	2.528	2.663	2.678
33.040	R2	2.676	2.676	2.735	2.540	2.675	2.688
33.080	R2	2.418	3.065	2.418	2.550	2.689	2.687
33.120	R2	2.600	2.668	2.600	2.560	2.711	2.679
33.160	R2	2.635	2.635	2.745	2.537	2.728	2.655
33.200	R2	2.545	2.545	2.708	2.488	2.676	2.624
33.240	R2	2.362	2.362	2.557	2.476	2.698	2.598
33.280	R2	2.654	3.371	2.654	2.473	2.689	2.595
33.320	R2	2.513	2.776	2.513	2.472	2.688	2.598
33.360	R2	2.657	2.784	2.657	2.507	2.723	2.592
33.400	R2	2.486	2.486	2.705	2.507	2.705	2.605
33.440	R2	2.710	2.795	2.710	2.495	2.693	2.611
33.480	R2	2.374	2.600	2.374	2.493	2.691	2.610
33.520	R2	2.321	3.120	2.321	2.498	2.677	2.615
33.560	R2	2.180	2.180	2.538	2.503	2.680	2.620
33.600	R2	2.418	3.097	2.418	2.476	2.653	2.602
33.640	R2	2.329	2.671	2.329	2.474	2.651	2.604
33.680	R2	2.467	2.467	2.809	2.485	2.662	2.608
33.720	R2	2.791	2.791	2.865	2.485	2.632	2.609
33.760	R2	2.562	2.562	2.835	2.493	2.636	2.616
33.800	R2	2.202	2.202	2.729	2.495	2.642	2.619
33.840	R2	2.633	2.633	2.705	2.489	2.635	2.607
33.880	R2	2.527	2.797	2.527	2.478	2.620	2.603
33.920	R2	2.693	2.726	2.693	2.500	2.631	2.629
33.960	R2	2.090	2.090	2.387	2.519	2.610	2.651
34.000	R2	2.502	2.502	2.749	2.527	2.618	2.672
34.040	R2	2.592	2.592	2.650	2.528	2.584	2.678
34.080	R2	2.656	2.773	2.656	2.551	2.590	2.736
34.120	R2	2.662	2.853	2.662	2.546	2.613	2.714
34.160	R2	2.713	2.898	2.713	2.526	2.599	2.691
34.200	R2	2.348	2.348	2.473	2.526	2.598	2.684
34.240	R2	2.506	2.506	2.624	2.547	2.629	2.679
34.280	R2	2.804	2.804	2.889	2.541	2.623	2.674
34.320	R2	2.705	2.705	2.771	2.545	2.621	2.677
34.360	R2	2.344	2.344	2.962	2.511	2.586	2.669
34.400	R2	2.428	2.428	2.527	2.544	2.618	2.706
34.440	R2	2.787	2.787	3.495	2.546	2.645	2.696
34.480	R2	2.366	2.916	2.366	2.540	2.675	2.688
34.520	R2	2.408	2.515	2.408	2.531	2.695	2.678
34.560	R2	2.552	2.552	2.695	2.525	2.680	2.678
34.600	R2	2.622	2.805	2.622	2.523	2.670	2.676
34.640	R2	2.519	2.519	2.602	2.535	2.681	2.684
34.680	R2	2.599	2.760	2.599	2.526	2.672	2.687
34.720	R2	2.023	2.023	2.531	2.506	2.667	2.663
34.760	R2	2.736	2.736	3.127	2.506	2.675	2.660
34.800	R2	2.556	3.045	2.556	2.517	2.686	2.640
34.840	R2	2.473	3.181	2.473	2.524	2.693	2.648
34.880	R2	2.472	3.185	2.472	2.490	2.659	2.601
34.920	R2	2.544	2.544	2.648	2.501	2.651	2.612
34.960	R2	2.676	2.688	2.676	2.502	2.660	2.613
35.000	R2	2.583	2.583	2.643	2.504	2.670	2.608
35.040	R2	2.314	2.314	2.684	2.488	2.655	2.592
35.080	R2	2.409	2.706	2.409	2.487	2.654	2.593
35.120	R2	2.704	2.866	2.704	2.490	2.651	2.596
35.160	R2	2.560	2.566	2.560	2.511	2.684	2.591
35.200	R2	2.571	2.571	2.683	2.485	2.657	2.554
35.240	R2	2.113	2.113	2.571	2.488	2.638	2.557
35.280	R2	2.581	2.748	2.581	2.492	2.608	2.566
35.320	R2	2.432	2.692	2.432	2.499	2.589	2.573
35.360	R2	2.586	2.757	2.586	2.501	2.590	2.574
35.400	R2	2.307	2.499	2.307	2.499	2.587	2.579
35.440	R2	2.507	2.507	2.612	2.481	2.570	2.574
35.480	R2	2.661	2.693	2.661	2.489	2.585	2.563
35.520	R2	2.443	2.682	2.443	2.497	2.591	2.571
35.560	R2	2.212	2.212	2.389	2.464	2.550	2.553
35.600	R2	2.605	2.662	2.605	2.469	2.558	2.558
35.640	R2	2.568	2.568	2.658	2.470	2.562	2.553
35.680	R2	2.613	2.808	2.613	2.499	2.591	2.561
35.720	R2	2.571	2.571	2.656	2.487	2.574	2.550
35.760	R2	2.632	2.632	2.778	2.474	2.547	2.564
35.800	R2	2.238	2.238	2.559	2.449	2.514	2.561
35.840	R2	2.459	2.618	2.459	2.443	2.499	2.572
35.880	R2	2.574	2.820	2.574	2.449	2.505	2.575
35.920	R2	2.052	2.052	2.330	2.438	2.528	2.564
35.960	R2	2.660	2.715	2.660	2.447	2.573	2.573
36.000	R2	2.586	2.654	2.586	2.457	2.624	2.574
36.040	R2	2.691	2.691	2.742	2.456	2.625	2.573
36.080	R2	2.350	2.411	2.350	2.455	2.679	2.567
36.120	R2	2.160	2.160	2.724	2.453	2.699	2.566
36.160	R2	2.084	2.084	2.514	2.447	2.731	2.555
36.200	R2	2.193	2.193	2.531	2.445	2.734	2.546
36.240	R2	2.637	2.637	2.672	2.461	2.764	2.546
36.280	R2	2.443	3.143	2.443	2.459	2.769	2.544
36.320	R2	2.620	3.588	2.620	2.466	2.764	2.554
36.360	R2	2.398	3.230	2.398	2.491	2.792	2.566
36.400	R2	2.587	2.688	2.587	2.484	2.798	2.559
36.440	R2	2.547	3.640	2.547	2.480	2.802	2.555
36.480	R2	2.588	3.214	2.588	2.469	2.793	2.541
36.520	R2	2.441	3.204	2.441	2.476	2.815	2.549
36.560	R2	2.596	2.702	2.596	2.469	2.807	2.550
36.600	R2	2.560	2.834	2.560	2.500	2.845	2.559
36.640	R2	2.409	2.730	2.409	2.500	2.845	2.563
36.680	R2	2.710	2.710	2.791	2.491	2.836	2.553
36.720	R2	2.562	2.614	2.562	2.495	2.824	2.558
36.760	R2	2.526	2.833	2.526	2.475	2.755	2.551
36.800	R2	2.490	2.743	2.490	2.491	2.729	2.571
36.840	R2	2.477	2.500	2.477	2.484	2.725	2.565
36.880	R2	2.497	2.848	2.497	2.481	2.668	2.567
36.920	R2	2.012	2.012	2.741	2.476	2.634	2.562
36.960	R2	2.698	2.845	2.698	2.479	2.598	2.574
37.000	R2	2.193	2.193	2.606	2.474	2.595	2.569
37.040	R2	2.461	2.461	2.489	2.465	2.572	2.568
37.080	R2	2.537	2.888	2.537	2.451	2.542	2.573
37.120	R2	2.208	2.208	2.488	2.422	2.513	2.570
37.160	R2	2.713	2.713	2.799	2.418	2.507	2.566
37.200	R2	2.462	2.614	2.462	2.418	2.503	2.566
37.240	R2	2.490	2.490	2.589	2.416	2.489	2.574
37.280	R2	2.474	2.536	2.474	2.424	2.502	2.583
37.320	R2	2.499	2.499	2.686	2.427	2.487	2.585
37.360	R2	2.505	2.627	2.505	2.445	2.505	2.586
37.400	R2	2.387	2.387	2.539	2.436	2.489	2.578
37.440	R2	2.124	2.124	2.511	2.422	2.475	2.593
37.480	R2	2.119	2.119	2.725	2.434	2.487	2.604
37.520	R2	2.488	2.498	2.488	2.410	2.445	2.610
37.560	R2	2.520	2.758	2.520	2.419	2.464	2.605
37.600	R2	2.457	2.457	2.649	2.382	2.427	2.592
37.640	R2	2.650	2.769	2.650	2.374	2.424	2.583
37.680	R2	2.539	2.539	2.554	2.346	2.397	2.588
37.720	R2	2.385	2.385	2.750	2.350	2.408	2.591
37.760	R2	2.513	2.513	2.542	2.356	2.427	2.589
37.800	R2	1.919	1.919	2.907	2.351	2.415	2.589
37.840	R2	2.692	2.692	2.702	2.364	2.434	2.594
37.880	R2	2.055	2.055	2.654	2.350	2.421	2.600
37.920	R2	2.393	2.580	2.393	2.378	2.456	2.598
37.960	R2	1.971	1.971	2.531	2.378	2.481	2.598
38.000	R2	2.295	2.570	2.295	2.375	2.466	2.607
38.040	R2	1.945	1.945	2.688	2.373	2.464	2.603
38.080	R2	2.538	2.757	2.538	2.363	2.454	2.592
38.120	R2	2.633	2.877	2.633	2.370	2.469	2.598
38.160	R2	2.392	2.392	2.513	2.352	2.452	2.588
38.200	R2	2.641	2.764	2.641	2.360	2.463	2.595
38.240	R2	1.852	1.852	2.629	2.392	2.494	2.581
38.280	R2	2.677	2.826	2.677	2.369	2.471	2.565
38.320	R2	2.492	2.993	2.492	2.375	2.478	2.557
38.360	R2	2.467	2.467	2.699	2.381	2.482	2.565
38.400	R2	2.414	2.414	2.562	2.407	2.516	2.564
38.440	R2	2.440	2.566	2.440	2.404	2.498	2.586
38.480	R2	2.677	2.847	2.677	2.413	2.508	2.580
38.520	R2	2.036	2.036	2.550	2.404	2.487	2.583
38.560	R2	2.675	2.731	2.675	2.398	2.470	2.579
38.600	R2	2.550	2.550	2.625	2.395	2.466	2.589
38.640	R2	2.231	2.231	2.393	2.379	2.460	2.582
38.680	R2	2.188	2.188	2.491	2.408	2.489	2.579
38.720	R2	2.505	2.654	2.559	2.396	2.475	2.575
38.760	R2	2.495	2.654	2.495	2.394	2.454	2.582
38.800	R2	2.225	2.225	2.751	2.390	2.450	2.571
38.840	R2	2.128	2.128	2.568	2.387	2.448	2.566
38.880	R2	2.353	2.353	2.581	2.379	2.433	2.570
38.920	R2	2.527	2.527	2.560	2.356	2.417	2.561
38.960	R2	2.318	2.318	2.717	2.363	2.424	2.561
39.000	R2	2.335	2.641	2.508	2.332	2.390	2.554
39.040	R2	2.428	2.428	2.563	2.325	2.391	2.544
39.080	R2	2.440	2.555	2.589	2.326	2.392	2.545
39.120	R2	2.445	2.562	2.629	2.338	2.405	2.559
39.160	R2	2.382	2.399	2.492	2.337	2.399	2.567
39.200	R2	2.361	2.361	2.449	2.320	2.374	2.557
39.240	R2	2.273	2.273	2.525	2.327	2.394	2.538
39.280	R2	2.232	2.527	2.495	2.332	2.399	2.546
39.320	R2	2.168	2.168	2.549	2.339	2.409	2.553
39.360	R2	2.053	2.053	2.540	2.340	2.412	2.553
39.400	R2	2.420	2.573	2.420	2.320	2.392	2.545
39.440	R2	2.249	2.249	2.425	2.322	2.387	2.539
39.480	R2	2.422	2.460	2.762	2.321	2.386	2.540
39.520	R2	2.486	2.520	2.720	2.318	2.379	2.529
39.560	R2	2.156	2.156	2.305	2.313	2.375	2.525
39.600	R2	2.358	2.622	2.358	2.313	2.374	2.525
39.640	R2	2.242	2.242	2.723	2.312	2.380	2.519
39.680	R2	2.482	2.543	2.740	2.322	2.390	2.526
39.720	R2	2.545	2.594	2.545	2.325	2.384	2.522
39.760	R2	1.914	1.914	2.555	2.335	2.399	2.513
39.800	R2	2.391	2.537	2.391	2.333	2.397	2.511
39.840	R2	2.410	2.410	2.584	2.330	2.396	2.508
39.880	R2	2.375	2.429	2.375	2.341	2.409	2.522
39.920	R2	2.347	2.481	2.539	2.340	2.415	2.510
39.960	R2	2.378	2.378	2.496	2.335	2.414	2.506
40.000	R2	2.340	2.472	2.340	2.322	2.401	2.522
40.040	R2	2.480	2.480	2.653	2.327	2.393	2.541
40.080	R2	2.285	2.402	2.430	2.334	2.400	2.534
40.120	R2	2.366	2.467	2.366	2.305	2.369	2.538
40.160	R2	2.007	2.007	2.493	2.297	2.358	2.540
40.200	R2	2.359	2.551	2.359	2.314	2.375	2.541
40.240	R2	2.472	2.514	2.711	2.313	2.373	2.547
40.280	R2	2.416	2.591	2.522	2.313	2.373	2.553
40.320	R2	2.375	2.495	2.641	2.312	2.370	2.554
40.360	R2	1.895	1.895	2.623	2.308	2.359	2.547
40.400	R2	2.455	2.455	2.727	2.310	2.361	2.552
40.440	R2	2.388	2.388	2.597	2.287	2.332	2.571
40.480	R2	1.913	1.913	2.815	2.263	2.308	2.561
40.520	R2	2.375	2.375	2.577	2.264	2.312	2.570
40.560	R2	2.253	2.253	2.577	2.253	2.295	2.577
40.600	R2	2.368	2.512	2.520	2.273	2.319	2.592
40.640	R2	2.412	2.412	2.707	2.263	2.300	2.609
40.680	R2	2.352	2.352	2.381	2.261	2.309	2.595
40.720	R2	2.263	2.263	2.399	2.260	2.308	2.592
40.760	R2	2.422	2.427	2.610	2.263	2.304	2.597
40.800	R2	1.883	1.883	2.723	2.295	2.336	2.592
40.840	R2	2.008	2.008	2.447	2.292	2.334	2.586
40.880	R2	2.305	2.474	2.616	2.288	2.337	2.588
40.920	R2	2.141	2.141	2.502	2.309	2.358	2.582
40.960	R2	2.410	2.485	2.787	2.299	2.350	2.585
41.000	R2	2.158	2.158	2.707	2.287	2.338	2.584
41.040	R2	2.425	2.696	2.425	2.293	2.337	2.595
41.080	R2	2.408	2.565	2.458	2.292	2.337	2.584
41.120	R2	2.427	2.427	2.737	2.293	2.341	2.589
41.160	R2	2.528	2.532	2.528	2.301	2.359	2.610
41.200	R2	2.405	2.424	2.602	2.290	2.360	2.619
41.240	R2	2.301	2.433	2.650	2.318	2.389	2.620
41.280	R2	2.338	2.338	2.693	2.338	2.409	2.628
41.320	R2	2.174	2.217	2.640	2.340	2.412	2.625
41.360	R2	2.008	2.008	2.540	2.352	2.425	2.619
41.400	R2	2.496	2.496	2.754	2.353	2.423	2.617
41.440	R2	2.377	2.406	2.490	2.360	2.430	2.618
41.480	R2	2.384	2.439	2.477	2.357	2.417	2.627
41.520	R2	2.417	2.622	2.815	2.360	2.420	2.628
41.560	R2	2.210	2.449	2.785	2.357	2.418	2.615
41.600	R2	2.434	2.470	2.748	2.344	2.412	2.624
41.640	R2	2.407	2.407	2.615	2.341	2.417	2.611
41.680	R2	2.342	2.520	2.540	2.341	2.415	2.610
41.720	R2	2.383	2.418	2.383	2.330	2.403	2.609
41.760	R2	2.437	2.437	2.764	2.342	2.414	2.617
41.800	R2	2.298	2.298	2.717	2.342	2.414	2.620
41.840	R2	2.371	2.440	2.609	2.336	2.414	2.615
41.880	R2	2.471	2.616	2.471	2.336	2.420	2.626
41.920	R2	2.365	2.386	2.482	2.342	2.423	2.640
41.960	R2	2.259	2.422	2.699	2.342	2.413	2.634
42.000	R2	2.346	2.526	2.346	2.352	2.411	2.627
42.040	R2	2.307	2.380	2.629	2.349	2.408	2.622
42.080	R2	2.105	2.105	2.676	2.348	2.407	2.616
42.120	R2	2.427	2.427	2.793	2.351	2.401	2.619
42.160	R2	2.008	2.008	2.617	2.346	2.395	2.628
42.200	R2	2.376	2.498	2.654	2.344	2.394	2.632
42.240	R2	2.370	2.531	2.697	2.324	2.374	2.632
42.280	R2	2.497	2.497	2.757	2.328	2.383	2.630
42.320	R2	2.420	2.420	2.697	2.317	2.381	2.642
42.360	R2	2.422	2.422	2.648	2.317	2.383	2.645
42.400	R2	2.373	2.399	2.636	2.329	2.388	2.642
42.440	R2	2.382	2.382	2.500	2.338	2.389	2.655
42.480	R2	2.401	2.401	2.596	2.339	2.385	2.648
42.520	R2	2.275	2.302	2.576	2.349	2.405	2.630
42.560	R2	2.404	2.421	2.833	2.334	2.389	2.624
42.600	R2	1.906	1.906	2.717	2.353	2.410	2.617
42.640	R2	2.439	2.609	2.582	2.353	2.406	2.614
42.680	R2	2.250	2.571	2.714	2.355	2.406	2.611
42.720	R2	2.375	2.441	2.540	2.326	2.377	2.604
42.760	R2	2.487	2.508	2.638	2.322	2.382	2.597
42.800	R2	2.544	2.544	2.604	2.323	2.383	2.593
42.840	R2	2.314	2.314	2.484	2.318	2.385	2.585
42.880	R2	2.316	2.497	2.316	2.321	2.388	2.598
42.920	R2	2.119	2.119	2.669	2.324	2.391	2.596
42.960	R2	2.394	2.429	2.475	2.317	2.405	2.608
43.000	R2	2.369	2.415	2.597	2.313	2.403	2.598
43.040	R2	2.410	2.528	2.641	2.334	2.431	2.593
43.080	R2	1.923	1.923	2.628	2.325	2.419	2.594
43.120	R2	2.339	2.509	2.543	2.330	2.408	2.586
43.160	R2	2.449	2.449	2.582	2.326	2.401	2.597
43.200	R2	2.268	2.434	2.475	2.310	2.384	2.590
43.240	R2	2.436	2.436	2.746	2.300	2.381	2.589
43.280	R2	2.466	2.466	2.564	2.284	2.365	2.597
43.320	R2	2.128	2.582	2.818	2.287	2.360	2.611
43.360	R2	2.329	2.381	2.629	2.304	2.378	2.600
43.400	R2	2.330	2.460	2.611	2.292	2.365	2.607
43.440	R2	2.254	2.381	2.610	2.291	2.362	2.604
43.480	R2	2.346	2.350	2.544	2.292	2.367	2.602
43.520	R2	2.295	2.295	2.767	2.312	2.396	2.597
43.560	R2	2.163	2.163	2.506	2.307	2.383	2.604
43.600	R2	2.361	2.493	2.570	2.304	2.383	2.602
43.640	R2	1.982	1.982	2.654	2.311	2.390	2.603
43.680	R2	2.376	2.401	2.583	2.306	2.400	2.587
43.720	R2	2.457	2.484	2.457	2.289	2.397	2.581
43.760	R2	2.167	2.167	2.618	2.295	2.389	2.552
43.800	R2	2.334	2.359	2.542	2.284	2.378	2.548
43.840	R2	2.431	2.629	2.589	2.288	2.383	2.545
43.880	R2	2.322	2.504	2.535	2.297	2.390	2.542
43.920	R2	2.246	2.246	2.687	2.284	2.377	2.535
43.960	R2	2.386	2.436	2.538	2.284	2.383	2.521
44.000	R2	2.416	2.591	2.490	2.290	2.403	2.518
44.040	R2	2.326	2.620	2.436	2.291	2.399	2.508
44.080	R2	2.131	2.423	2.443	2.310	2.420	2.504
44.120	R2	2.239	2.408	2.239	2.308	2.418	2.497
44.160	R2	2.109	2.165	2.537	2.301	2.423	2.502
44.200	R2	2.414	2.566	2.551	2.308	2.442	2.497
44.240	R2	2.436	2.526	2.552	2.312	2.454	2.491
44.280	R2	2.085	2.085	2.413	2.311	2.448	2.484
44.320	R2	2.294	2.408	2.487	2.305	2.432	2.475
44.360	R2	2.295	2.575	2.436	2.314	2.442	2.463
44.400	R2	2.380	2.402	2.380	2.315	2.445	2.461
44.440	R2	2.349	2.405	2.571	2.306	2.437	2.461
44.480	R2	2.352	2.356	2.437	2.312	2.428	2.466
44.520	R2	2.317	2.590	2.549	2.319	2.438	2.467
44.560	R2	2.299	2.537	2.520	2.319	2.429	2.478
44.600	R2	2.420	2.604	2.420	2.328	2.447	2.470
44.640	R2	2.410	2.506	2.456	2.331	2.448	2.476
44.680	R2	2.186	2.186	2.348	2.311	2.424	2.472
44.720	R2	2.445	2.445	2.461	2.313	2.426	2.480
44.760	R2	2.390	2.499	2.485	2.317	2.438	2.474
44.800	R2	2.248	2.434	2.507	2.318	2.425	2.476
44.840	R2	2.431	2.431	2.535	2.310	2.416	2.482
44.880	R2	2.289	2.638	2.445	2.312	2.435	2.474
44.920	R2	2.227	2.227	2.474	2.317	2.452	2.482
44.960	R2	2.292	2.516	2.380	2.307	2.448	2.477
45.000	R2	2.465	2.589	2.670	2.309	2.447	2.471
45.040	R2	2.055	2.055	2.473	2.311	2.455	2.477
45.080	R2	2.110	2.110	2.556	2.286	2.425	2.473
45.120	R2	2.382	2.647	2.382	2.276	2.415	2.486
45.160	R2	2.322	2.322	2.469	2.274	2.431	2.487
45.200	R2	2.218	2.218	2.506	2.271	2.422	2.488
45.240	R2	2.388	2.790	2.413	2.276	2.432	2.480
45.280	R2	2.453	2.703	2.581	2.285	2.441	2.484
45.320	R2	2.114	2.501	2.465	2.296	2.436	2.486
45.360	R2	2.338	2.524	2.393	2.296	2.436	2.475
45.400	R2	2.451	2.754	2.537	2.305	2.448	2.484
45.440	R2	1.908	1.908	2.387	2.295	2.460	2.469
45.480	R2	1.992	1.992	2.601	2.313	2.490	2.470
45.520	R2	2.411	2.756	2.486	2.310	2.487	2.466
45.560	R2	2.331	2.331	2.497	2.292	2.455	2.472
45.600	R2	2.352	2.630	2.352	2.271	2.434	2.472
45.640	R2	2.606	2.615	2.606	2.276	2.459	2.464
45.680	R2	2.499	2.538	2.499	2.275	2.458	2.467
45.720	R2	2.226	2.226	2.249	2.258	2.429	2.463
45.760	R2	2.472	2.755	2.567	2.268	2.434	2.466
45.800	R2	2.271	2.828	2.368	2.270	2.445	2.479
45.840	R2	2.414	2.643	2.494	2.244	2.403	2.474
45.880	R2	2.060	2.060	2.471	2.266	2.433	2.478
45.920	R2	2.013	2.013	2.497	2.270	2.437	2.476
45.960	R2	1.899	1.899	2.480	2.246	2.396	2.477
46.000	R2	2.321	2.707	2.347	2.234	2.384	2.476
46.040	R2	2.369	2.782	2.466	2.236	2.379	2.479
46.080	R2	2.118	2.118	2.499	2.218	2.360	2.480
46.120	R2	2.308	2.602	2.520	2.205	2.345	2.482
46.160	R2	2.389	2.735	2.655	2.215	2.376	2.494
46.200	R2	1.914	1.914	2.445	2.206	2.368	2.488
46.240	R2	2.349	2.514	2.462	2.216	2.358	2.492
46.280	R2	2.070	2.070	2.565	2.214	2.368	2.487
46.320	R2	1.943	1.943	2.504	2.219	2.372	2.489
46.360	R2	2.084	2.084	2.481	2.236	2.403	2.489
46.400	R2	2.403	2.538	2.403	2.259	2.426	2.492
46.440	R2	2.231	2.231	2.636	2.242	2.389	2.503
46.480	R2	2.249	2.249	2.533	2.226	2.353	2.500
46.520	R2	2.434	2.843	2.493	2.238	2.376	2.498
46.560	R2	2.287	2.594	2.435	2.247	2.370	2.502
46.600	R2	2.459	2.621	2.465	2.248	2.355	2.505
46.640	R2	2.383	2.836	2.383	2.278	2.392	2.513
46.680	R2	2.156	2.156	2.505	2.279	2.386	2.517
46.720	R2	2.353	2.624	2.510	2.299	2.412	2.511
46.760	R2	2.368	2.368	2.524	2.328	2.462	2.514
46.800	R2	1.968	1.968	2.580	2.343	2.477	2.512
46.840	R2	2.060	2.060	2.401	2.342	2.478	2.517
46.880	R2	2.355	2.565	2.459	2.346	2.508	2.509
46.920	R2	2.494	2.494	2.599	2.338	2.500	2.516
46.960	R2	2.392	2.425	2.712	2.336	2.478	2.526
47.000	R2	2.518	2.662	2.610	2.345	2.478	2.530
47.040	R2	2.370	2.381	2.532	2.339	2.484	2.534
47.080	R2	2.464	2.603	2.464	2.337	2.468	2.539
47.120	R2	2.525	2.930	2.546	2.341	2.493	2.537
47.160	R2	2.389	2.389	2.454	2.340	2.502	2.534
47.200	R2	2.386	2.567	2.508	2.328	2.490	2.536
47.240	R2	2.314	2.824	2.465	2.347	2.526	2.531
47.280	R2	2.094	2.094	2.668	2.353	2.532	2.540
47.320	R2	2.390	2.390	2.694	2.355	2.527	2.544
47.360	R2	2.459	2.599	2.518	2.353	2.545	2.543
47.400	R2	2.343	2.739	2.551	2.356	2.554	2.540
47.440	R2	2.352	2.525	2.487	2.323	2.514	2.536
47.480	R2	2.233	2.649	2.456	2.317	2.517	2.534
47.520	R2	2.324	2.809	2.447	2.313	2.508	2.535
47.560	R2	2.131	2.131	2.568	2.302	2.492	2.522
47.600	R2	2.349	2.683	2.488	2.303	2.502	2.528
47.640	R2	2.183	2.183	2.569	2.300	2.498	2.518
47.680	R2	2.392	2.460	2.553	2.304	2.483	2.517
47.720	R2	2.458	2.849	2.570	2.318	2.501	2.512
47.760	R2	2.455	2.620	2.650	2.316	2.505	2.509
47.800	R2	1.855	1.855	2.532	2.315	2.506	2.507
47.840	R2	2.254	2.437	2.490	2.318	2.514	2.508
47.880	R2	2.382	2.420	2.478	2.324	2.531	2.513
47.920	R2	2.295	2.624	2.295	2.332	2.534	2.510
47.960	R2	2.415	2.582	2.563	2.340	2.520	2.520
48.000	R2	2.322	2.483	2.322	2.358	2.552	2.518
48.040	R2	2.385	2.519	2.447	2.359	2.558	2.518
48.080	R2	2.391	2.468	2.562	2.373	2.575	2.515
48.120	R2	2.334	2.466	2.632	2.360	2.559	2.509
48.160	R2	2.442	2.624	2.483	2.344	2.523	2.507
48.200	R2	2.412	2.887	2.575	2.346	2.533	2.505
48.240	R2	2.460	2.878	2.583	2.352	2.539	2.509
48.280	R2	2.390	2.692	2.400	2.346	2.524	2.510
48.320	R2	2.491	2.539	2.639	2.341	2.520	2.517
48.360	R2	2.495	2.777	2.533	2.343	2.505	2.521
48.400	R2	2.359	2.793	2.478	2.329	2.483	2.516
48.440	R2	2.470	2.525	2.521	2.325	2.471	2.529
48.480	R2	2.140	2.140	2.427	2.328	2.469	2.529
48.520	R2	2.128	2.128	2.540	2.315	2.452	2.531
48.560	R2	2.501	2.820	2.611	2.307	2.453	2.521
48.600	R2	1.970	1.970	2.605	2.301	2.442	2.526
48.640	R2	2.144	2.144	2.500	2.302	2.421	2.535
48.680	R2	2.274	2.335	2.634	2.293	2.411	2.527
48.720	R2	2.334	2.334	2.370	2.295	2.408	2.536
48.760	R2	2.146	2.146	2.469	2.286	2.397	2.526
48.800	R2	2.238	2.238	2.570	2.280	2.377	2.530
48.840	R2	2.446	2.481	2.446	2.286	2.361	2.534
48.880	R2	2.121	2.121	2.614	2.266	2.339	2.528
48.920	R2	2.167	2.482	2.416	2.277	2.351	2.526
48.960	R2	2.339	2.414	2.584	2.294	2.368	2.526
49.000	R2	2.421	2.467	2.762	2.280	2.338	2.524
49.040	R2	2.291	2.671	2.420	2.299	2.358	2.514
49.080	R2	2.415	2.631	2.573	2.304	2.362	2.513
49.120	R2	2.315	2.315	2.441	2.293	2.349	2.504
49.160	R2	2.377	2.377	2.611	2.294	2.349	2.511
49.200	R2	2.476	2.488	2.573	2.305	2.361	2.515
49.240	R2	2.072	2.072	2.404	2.314	2.369	2.517
49.280	R2	2.372	2.389	2.372	2.299	2.353	2.522
49.320	R2	2.456	2.467	2.554	2.315	2.375	2.518
49.360	R2	2.215	2.215	2.563	2.320	2.379	2.525
49.400	R2	2.366	2.366	2.402	2.297	2.351	2.519
49.440	R2	2.235	2.235	2.477	2.291	2.343	2.503
49.480	R2	2.065	2.065	2.448	2.292	2.325	2.513
49.520	R2	2.341	2.341	2.521	2.284	2.316	2.517
49.560	R2	2.375	2.375	2.545	2.285	2.329	2.520
49.600	R2	2.412	2.412	2.611	2.281	2.325	2.517
49.640	R2	2.155	2.155	2.541	2.283	2.328	2.516
49.680	R2	2.439	2.566	2.546	2.303	2.352	2.523
49.720	R2	2.271	2.552	2.542	2.306	2.357	2.532
49.760	R2	1.866	1.866	2.476	2.288	2.338	2.529
49.800	R2	2.302	2.302	2.440	2.301	2.357	2.532
49.840	R2	2.316	2.316	2.624	2.299	2.361	2.537
49.880	R2	2.257	2.445	2.642	2.311	2.373	2.538
49.920	R2	2.338	2.583	2.507	2.323	2.385	2.537
49.960	R2	2.291	2.291	2.549	2.327	2.409	2.549
50.000	R2	2.520	2.543	2.552	2.325	2.428	2.557
50.040	R2	2.468	2.553	2.556	2.324	2.432	2.550
50.080	R2	2.437	2.487	2.550	2.333	2.462	2.544
50.120	R2	2.097	2.097	2.494	2.334	2.459	2.548
50.160	R2	2.470	2.583	2.612	2.340	2.464	2.563
50.200	R2	2.323	2.458	2.514	2.367	2.506	2.566
50.240	R2	2.474	2.474	2.497	2.357	2.496	2.559
50.280	R2	2.308	2.308	2.420	2.364	2.504	2.560
50.320	R2	2.424	2.807	2.758	2.370	2.519	2.558
50.360	R2	2.340	2.758	2.706	2.362	2.498	2.554
50.400	R2	2.383	2.499	2.465	2.368	2.504	2.552
50.440	R2	2.342	2.748	2.430	2.345	2.480	2.549
50.480	R2	2.458	2.501	2.619	2.342	2.480	2.542
50.520	R2	2.393	2.657	2.840	2.330	2.465	2.540
50.560	R2	2.397	2.718	2.539	2.339	2.489	2.549
50.600	R2	2.096	2.096	2.314	2.331	2.476	2.534
50.640	R2	2.456	2.472	2.636	2.324	2.462	2.538
50.680	R2	2.387	2.743	2.598	2.324	2.470	2.539
50.720	R2	2.169	2.169	2.436	2.314	2.461	2.548
50.760	R2	2.410	2.410	2.510	2.313	2.454	2.536
50.800	R2	2.059	2.059	2.486	2.315	2.452	2.520
50.840	R2	2.419	2.558	2.419	2.317	2.449	2.530
50.880	R2	2.196	2.196	2.517	2.319	2.456	2.535
50.920	R2	2.278	2.572	2.654	2.307	2.441	2.529
50.960	R2	2.314	2.314	2.319	2.306	2.444	2.510
51.000	R2	2.178	2.178	2.598	2.308	2.439	2.516
51.040	R2	2.463	2.645	2.519	2.311	2.442	2.527
51.080	R2	2.127	2.127	2.601	2.292	2.423	2.518
51.120	R2	2.394	2.660	2.522	2.293	2.412	2.507
51.160	R2	2.372	2.727	2.372	2.289	2.407	2.513
51.200	R2	2.425	2.436	2.678	2.290	2.420	2.514
51.240	R2	2.398	2.874	2.527	2.309	2.438	2.522
51.280	R2	2.219	2.219	2.488	2.302	2.425	2.529
51.320	R2	2.361	2.708	2.466	2.316	2.440	2.527
51.360	R2	2.435	2.619	2.654	2.324	2.440	2.516
51.400	R2	2.162	2.162	2.549	2.329	2.448	2.521
51.440	R2	2.083	2.083	2.440	2.328	2.448	2.509
51.480	R2	2.395	2.515	2.395	2.326	2.444	2.508
51.520	R2	2.087	2.087	2.544	2.342	2.464	2.507
51.560	R2	2.437	2.658	2.529	2.341	2.466	2.499
51.600	R2	2.430	2.430	2.650	2.340	2.447	2.502
51.640	R2	2.284	2.284	2.550	2.341	2.448	2.490
51.680	R2	2.482	2.499	2.482	2.324	2.408	2.492
51.720	R2	2.437	2.567	2.437	2.310	2.394	2.497
51.760	R2	2.415	2.491	2.415	2.299	2.366	2.494
51.800	R2	2.162	2.162	2.356	2.296	2.353	2.490
51.840	R2	2.414	2.568	2.513	2.314	2.383	2.489
51.880	R2	2.442	2.533	2.565	2.322	2.391	2.486
51.920	R2	2.372	2.692	2.372	2.314	2.377	2.497
51.960	R2	2.362	2.362	2.432	2.296	2.359	2.499
52.000	R2	2.443	2.454	2.443	2.292	2.359	2.492
52.040	R2	2.065	2.065	2.565	2.293	2.373	2.488
52.080	R2	1.932	1.932	2.585	2.286	2.366	2.480
52.120	R2	2.147	2.147	2.407	2.269	2.348	2.476
52.160	R2	2.367	2.367	2.579	2.268	2.349	2.479
52.200	R2	2.517	2.755	2.529	2.270	2.361	2.487
52.240	R2	2.251	2.251	2.364	2.284	2.387	2.492
52.280	R2	2.236	2.236	2.631	2.284	2.386	2.497
52.320	R2	1.720	1.720	2.576	2.269	2.367	2.490
52.360	R2	2.352	2.659	2.381	2.271	2.370	2.508
52.400	R2	2.462	2.714	2.572	2.279	2.383	2.526
52.440	R2	2.143	2.143	2.402	2.278	2.382	2.533
52.480	R2	2.146	2.146	2.404	2.280	2.384	2.535
52.520	R2	2.416	2.580	2.489	2.303	2.410	2.529
52.560	R2	2.453	2.725	2.577	2.319	2.431	2.536
52.600	R2	2.445	2.692	2.445	2.303	2.416	2.527
52.640	R2	2.405	2.554	2.621	2.298	2.399	2.523
52.680	R2	2.143	2.143	2.434	2.311	2.412	2.530
52.720	R2	2.423	2.758	2.724	2.322	2.437	2.524
52.760	R2	2.520	2.627	2.783	2.363	2.478	2.522
52.800	R2	2.423	2.423	2.601	2.363	2.468	2.521
52.840	R2	2.105	2.105	2.603	2.363	2.475	2.529
52.880	R2	2.386	2.451	2.457	2.368	2.480	2.530
52.920	R2	2.461	2.574	2.543	2.386	2.500	2.536
52.960	R2	2.057	2.057	2.403	2.384	2.496	2.544
53.000	R2	2.420	2.420	2.450	2.386	2.486	2.553
53.040	R2	2.512	2.519	2.514	2.383	2.476	2.552
53.080	R2	2.450	2.720	2.503	2.378	2.464	2.547
53.120	R2	2.535	2.551	2.535	2.377	2.463	2.550
53.160	R2	2.352	2.450	2.352	2.360	2.429	2.539
53.200	R2	2.461	2.854	2.739	2.351	2.417	2.525
53.240	R2	2.249	2.249	2.431	2.351	2.426	2.527
53.280	R2	2.508	2.540	2.508	2.349	2.424	2.529
53.320	R2	2.377	2.508	2.662	2.353	2.441	2.529
53.360	R2	2.485	2.535	2.751	2.334	2.416	2.529
53.400	R2	2.380	2.479	2.425	2.352	2.459	2.542
53.440	R2	2.321	2.321	2.522	2.346	2.454	2.535
53.480	R2	2.119	2.119	2.491	2.338	2.462	2.538
53.520	R2	2.076	2.076	2.507	2.334	2.457	2.531
53.560	R2	2.340	2.388	2.505	2.324	2.457	2.536
53.600	R2	2.434	2.603	2.634	2.325	2.457	2.541
53.640	R2	2.065	2.065	2.646	2.321	2.443	2.526
53.680	R2	2.462	2.785	2.462	2.329	2.466	2.534
53.720	R2	2.081	2.081	2.547	2.311	2.446	2.539
53.760	R2	2.412	2.918	2.657	2.289	2.418	2.530
53.800	R2	2.304	2.329	2.304	2.271	2.398	2.519
53.840	R2	2.351	2.662	2.585	2.279	2.414	2.532
53.880	R2	2.360	2.629	2.360	2.280	2.427	2.529
53.920	R2	2.338	2.542	2.635	2.289	2.457	2.529
53.960	R2	2.377	2.448	2.450	2.305	2.475	2.528
54.000	R2	2.386	2.589	2.429	2.304	2.489	2.535
54.040	R2	2.404	2.707	2.603	2.300	2.495	2.533
54.080	R2	2.141	2.141	2.598	2.316	2.533	2.526
54.120	R2	1.946	1.946	2.480	2.316	2.525	2.528
54.160	R2	2.127	2.127	2.534	2.336	2.557	2.537
54.200	R2	2.532	2.795	2.689	2.329	2.532	2.532
54.240	R2	2.346	2.586	2.454	2.311	2.513	2.546
54.280	R2	2.287	2.722	2.502	2.316	2.525	2.544
54.320	R2	2.406	2.431	2.493	2.315	2.512	2.557
54.360	R2	2.313	2.674	2.646	2.321	2.510	2.555
54.400	R2	2.365	2.727	2.578	2.298	2.483	2.555
54.440	R2	2.388	2.823	2.520	2.300	2.484	2.558
54.480	R2	2.454	2.624	2.498	2.296	2.480	2.551
54.520	R2	2.483	2.725	2.724	2.309	2.493	2.545
54.560	R2	2.272	2.415	2.551	2.306	2.489	2.548
54.600	R2	1.949	1.949	2.585	2.312	2.508	2.545
54.640	R2	2.453	2.890	2.559	2.301	2.502	2.538
54.680	R2	2.337	2.374	2.613	2.307	2.502	2.544
54.720	R2	2.450	2.502	2.602	2.309	2.503	2.556
54.760	R2	1.920	1.920	2.440	2.302	2.520	2.560
54.800	R2	2.435	2.593	2.497	2.300	2.513	2.553
54.840	R2	2.318	2.628	2.467	2.293	2.507	2.552
54.880	R2	2.399	2.399	2.469	2.291	2.498	2.554
54.920	R2	1.884	1.884	2.544	2.287	2.498	2.559
54.960	R2	2.251	2.501	2.478	2.274	2.472	2.550
55.000	R2	2.307	2.664	2.540	2.281	2.475	2.552
55.040	R2	2.462	2.593	2.567	2.304	2.522	2.557
55.080	R2	2.341	2.735	2.758	2.289	2.485	2.565
55.120	R2	2.261	2.773	2.573	2.296	2.497	2.566
55.160	R2	2.272	2.549	2.493	2.289	2.488	2.560
55.200	R2	2.226	2.589	2.566	2.311	2.517	2.559
55.240	R2	2.355	2.652	2.564	2.313	2.516	2.558
55.280	R2	2.372	2.616	2.596	2.316	2.516	2.557
55.320	R2	2.222	2.222	2.544	2.318	2.549	2.556
55.360	R2	2.403	2.463	2.580	2.339	2.585	2.557
55.400	R2	2.415	2.889	2.696	2.344	2.580	2.562
55.440	R2	2.145	2.145	2.708	2.340	2.559	2.569
55.480	R2	2.487	2.622	2.628	2.335	2.583	2.570
55.520	R2	2.313	2.313	2.481	2.324	2.552	2.557
55.560	R2	2.356	2.503	2.440	2.334	2.541	2.554
55.600	R2	2.462	2.586	2.462	2.347	2.547	2.559
55.640	R2	2.379	2.614	2.455	2.351	2.533	2.549
55.680	R2	2.450	3.066	2.450	2.343	2.510	2.542
55.720	R2	2.296	2.608	2.556	2.331	2.486	2.533
55.760	R2	2.348	2.396	2.588	2.330	2.485	2.529
55.800	R2	2.242	2.242	2.671	2.317	2.468	2.519
55.840	R2	2.350	3.066	2.585	2.318	2.451	2.509
55.880	R2	2.131	2.131	2.514	2.334	2.485	2.498
55.920	R2	2.448	2.540	2.503	2.331	2.483	2.487
55.960	R2	2.535	2.668	2.584	2.330	2.482	2.484
56.000	R2	2.315	2.315	2.379	2.323	2.467	2.488
56.040	R2	2.188	2.188	2.425	2.322	2.464	2.498
56.080	R2	2.135	2.135	2.409	2.309	2.440	2.499
56.120	R2	2.208	2.208	2.477	2.301	2.401	2.500
56.160	R2	2.131	2.131	2.376	2.307	2.391	2.503
56.200	R2	2.435	2.548	2.492	2.303	2.393	2.496
56.240	R2	2.479	2.828	2.479	2.313	2.406	2.485
56.280	R2	2.422	2.575	2.422	2.313	2.370	2.490
56.320	R2	2.287	2.287	2.417	2.326	2.384	2.499
56.360	R2	2.209	2.209	2.520	2.300	2.352	2.496
56.400	R2	2.453	2.530	2.649	2.287	2.366	2.488
56.440	R2	2.122	2.122	2.492	2.289	2.378	2.506
56.480	R2	2.294	2.294	2.467	2.295	2.384	2.509
56.520	R2	2.407	2.407	2.608	2.310	2.407	2.519
56.560	R2	2.265	2.438	2.458	2.315	2.413	2.516
56.600	R2	2.439	2.498	2.439	2.326	2.443	2.523
56.640	R2	2.345	2.345	2.698	2.310	2.421	2.528
56.680	R2	2.404	2.404	2.679	2.276	2.370	2.532
56.720	R2	1.917	1.917	2.441	2.273	2.365	2.540
56.760	R2	2.281	2.930	2.440	2.274	2.382	2.552
56.800	R2	2.363	2.557	2.740	2.263	2.372	2.552
56.840	R2	2.307	2.307	2.486	2.229	2.334	2.544
56.880	R2	2.421	2.606	2.592	2.240	2.361	2.541
56.920	R2	2.320	2.327	2.426	2.246	2.370	2.541
56.960	R2	2.350	2.725	2.515	2.239	2.378	2.538
57.000	R2	2.106	2.106	2.594	2.244	2.390	2.537
57.040	R2	1.804	1.804	2.560	2.215	2.358	2.535
57.080	R2	2.370	2.493	2.581	2.198	2.341	2.527
57.120	R2	2.293	2.624	2.660	2.196	2.346	2.519
57.160	R2	1.992	1.992	2.514	2.206	2.357	2.528
57.200	R2	1.785	1.785	2.489	2.193	2.311	2.535
57.240	R2	2.328	2.657	2.436	2.195	2.311	2.521
57.280	R2	2.412	2.483	2.467	2.188	2.304	2.527
57.320	R2	2.270	2.564	2.541	2.182	2.293	2.525
57.360	R2	2.378	2.680	2.443	2.174	2.284	2.536
57.400	R2	1.858	1.858	2.404	2.153	2.245	2.545
57.440	R2	1.999	1.999	2.538	2.158	2.250	2.546
57.480	R2	2.357	2.507	2.512	2.184	2.285	2.549
57.520	R2	2.127	2.127	2.626	2.187	2.305	2.542
57.560	R2	2.012	2.012	2.569	2.196	2.309	2.538
57.600	R2	2.403	2.554	2.471	2.217	2.340	2.543
57.640	R2	2.167	2.167	2.604	2.231	2.353	2.549
57.680	R2	2.304	2.387	2.558	2.223	2.329	2.554
57.720	R2	2.159	2.159	2.646	2.212	2.314	2.557
57.760	R2	1.933	1.933	2.678	2.218	2.310	2.561
57.800	R2	2.216	2.216	2.630	2.204	2.282	2.564
57.840	R2	2.309	2.501	2.617	2.230	2.316	2.576
57.880	R2	2.429	2.900	2.433	2.245	2.348	2.588
57.920	R2	2.479	2.691	2.580	2.237	2.369	2.583
57.960	R2	2.420	2.613	2.611	2.258	2.398	2.583
58.000	R2	2.050	2.050	2.607	2.266	2.407	2.573
58.040	R2	2.177	2.177	2.539	2.267	2.406	2.588
58.080	R2	2.192	2.192	2.537	2.284	2.425	2.595
58.120	R2	2.382	2.479	2.611	2.287	2.436	2.592
58.160	R2	2.114	2.114	2.504	2.294	2.464	2.574
58.200	R2	2.372	2.545	2.657	2.305	2.476	2.570
58.240	R2	2.302	2.637	2.762	2.316	2.490	2.560
58.280	R2	2.200	2.915	2.429	2.318	2.508	2.547
58.320	R2	2.529	2.724	2.613	2.306	2.472	2.549
58.360	R2	2.179	2.179	2.380	2.297	2.472	2.543
58.400	R2	2.431	2.531	2.766	2.296	2.463	2.544
58.440	R2	2.508	2.562	2.750	2.314	2.481	2.540
58.480	R2	2.364	2.607	2.483	2.316	2.502	2.543
58.520	R2	2.286	2.716	2.286	2.321	2.520	2.538
58.560	R2	2.167	2.167	2.603	2.322	2.527	2.538
58.600	R2	2.429	2.494	2.429	2.332	2.555	2.545
58.640	R2	2.350	2.856	2.361	2.335	2.562	2.537
58.680	R2	2.197	2.197	2.469	2.340	2.566	2.522
58.720	R2	2.298	2.674	2.472	2.344	2.551	2.520
58.760	R2	2.396	2.447	2.619	2.331	2.543	2.520
58.800	R2	2.414	2.414	2.525	2.329	2.541	2.524
58.840	R2	2.205	2.593	2.603	2.319	2.525	2.516
58.880	R2	2.298	2.548	2.445	2.307	2.526	2.509
58.920	R2	2.394	2.621	2.596	2.289	2.525	2.512
58.960	R2	2.312	2.677	2.658	2.291	2.529	2.530
59.000	R2	2.449	2.679	2.488	2.300	2.552	2.517
59.040	R2	2.386	2.715	2.472	2.295	2.544	2.530
59.080	R2	2.291	2.608	2.389	2.292	2.530	2.543
59.120	R2	2.275	2.565	2.601	2.300	2.563	2.546
59.160	R2	2.137	2.137	2.466	2.292	2.536	2.553
59.200	R2	2.218	2.218	2.604	2.292	2.543	2.542
59.240	R2	2.280	2.594	2.613	2.287	2.558	2.541
59.280	R2	1.989	2.572	2.543	2.273	2.524	2.545
59.320	R2	2.334	2.807	2.636	2.271	2.511	2.548
59.360	R2	2.345	2.628	2.345	2.267	2.519	2.546
59.400	R2	2.326	2.326	2.702	2.255	2.488	2.544
59.440	R2	2.290	2.588	2.617	2.246	2.468	2.539
59.480	R2	2.371	2.841	2.527	2.232	2.437	2.547
59.520	R2	2.133	2.133	2.617	2.233	2.428	2.559
59.560	R2	2.397	2.605	2.397	2.236	2.422	2.545
59.600	R2	2.319	2.711	2.498	2.242	2.439	2.550
59.640	R2	1.907	1.907	2.683	2.251	2.448	2.542
59.680	R2	2.270	2.292	2.505	2.256	2.438	2.533
59.720	R2	2.316	2.766	2.550	2.277	2.439	2.535
59.760	R2	2.066	2.066	2.625	2.271	2.440	2.530
59.800	R2	2.273	2.273	2.380	2.275	2.438	2.538
59.840	R2	2.098	2.098	2.644	2.259	2.422	2.531
59.880	R2	2.316	2.436	2.616	2.264	2.434	2.534
59.920	R2	2.328	2.443	2.328	2.264	2.411	2.539
59.960	R2	2.268	2.480	2.559	2.272	2.434	2.527
60.000	R2	2.403	2.403	2.462	2.273	2.438	2.541
60.040	R2	2.375	2.379	2.432	2.254	2.399	2.546
60.080	R2	2.405	2.587	2.580	2.277	2.429	2.542
60.120	R2	2.206	2.832	2.527	2.279	2.441	2.540
60.160	R2	2.440	2.592	2.513	2.278	2.441	2.539
60.200	R2	2.003	2.003	2.552	2.293	2.466	2.530
60.240	R2	2.387	2.829	2.690	2.299	2.480	2.533
60.280	R2	2.361	2.378	2.618	2.314	2.494	2.528
60.320	R2	2.305	2.597	2.377	2.317	2.507	2.529
60.360	R2	2.420	2.684	2.680	2.317	2.511	2.534
60.400	R2	1.933	1.933	2.589	2.324	2.546	2.534
60.440	R2	2.364	2.507	2.621	2.316	2.539	2.537
60.480	R2	2.316	2.541	2.455	2.316	2.552	2.544
60.520	R2	2.301	2.756	2.526	2.310	2.546	2.542
60.560	R2	2.361	2.575	2.447	2.321	2.533	2.539
60.600	R2	2.400	2.548	2.435	2.318	2.551	2.537
60.640	R2	2.384	2.385	2.555	2.338	2.593	2.530
60.680	R2	2.381	2.699	2.627	2.338	2.582	2.524
60.720	R2	2.326	2.511	2.428	2.323	2.567	2.522
60.760	R2	2.404	3.192	2.557	2.322	2.555	2.532
60.800	R2	2.244	2.244	2.525	2.320	2.543	2.518
60.840	R2	2.371	2.640	2.582	2.343	2.579	2.514
60.880	R2	2.290	2.482	2.541	2.332	2.560	2.515
60.920	R2	2.423	2.559	2.466	2.335	2.570	2.519
60.960	R2	2.389	2.959	2.462	2.342	2.563	2.520
61.000	R2	2.392	2.833	2.419	2.342	2.563	2.519
61.040	R2	2.393	2.619	2.570	2.327	2.541	2.521
61.080	R2	2.071	2.071	2.579	2.298	2.512	2.518
61.120	R2	2.276	2.360	2.582	2.300	2.509	2.508
61.160	R2	2.389	2.456	2.389	2.303	2.503	2.511
61.200	R2	2.391	2.640	2.519	2.303	2.476	2.520
61.240	R2	2.127	2.127	2.632	2.302	2.474	2.516
61.280	R2	2.391	2.738	2.547	2.304	2.485	2.508
61.320	R2	2.443	2.614	2.548	2.297	2.468	2.504
61.360	R2	2.355	2.585	2.421	2.274	2.439	2.501
61.400	R2	2.108	2.108	2.473	2.274	2.424	2.498
61.440	R2	1.799	1.799	2.493	2.269	2.414	2.498
61.480	R2	2.418	2.648	2.418	2.265	2.417	2.494
61.520	R2	2.395	2.395	2.488	2.282	2.444	2.498
61.560	R2	2.405	2.637	2.746	2.283	2.460	2.503
61.600	R2	2.211	2.211	2.451	2.283	2.458	2.511
61.640	R2	2.416	2.858	2.416	2.258	2.421	2.515
61.680	R2	2.143	2.143	2.468	2.269	2.448	2.509
61.720	R2	1.975	1.975	2.406	2.272	2.434	2.507
61.760	R2	2.388	2.655	2.388	2.272	2.425	2.504
61.800	R2	2.286	2.648	2.436	2.270	2.423	2.508
61.840	R2	2.307	2.672	2.484	2.290	2.451	2.515
61.880	R2	2.416	2.606	2.651	2.319	2.498	2.528
61.920	R2	2.298	2.685	2.688	2.316	2.501	2.547
61.960	R2	2.391	2.428	2.557	2.320	2.511	2.550
62.000	R2	1.894	1.894	2.588	2.315	2.494	2.535
62.040	R2	2.344	2.664	2.507	2.317	2.496	2.545
62.080	R2	2.449	2.454	2.518	2.311	2.475	2.553
62.120	R2	2.441	2.441	2.482	2.319	2.495	2.551
62.160	R2	2.317	2.549	2.500	2.337	2.513	2.562
62.200	R2	2.510	2.661	2.610	2.336	2.516	2.576
62.240	R2	2.376	2.739	2.764	2.338	2.519	2.571
62.280	R2	2.368	2.705	2.790	2.337	2.500	2.584
62.320	R2	2.460	2.587	2.550	2.334	2.494	2.576
62.360	R2	2.310	2.310	2.439	2.343	2.490	2.565
62.400	R2	2.242	2.242	2.658	2.347	2.498	2.563
62.440	R2	2.301	2.442	2.572	2.370	2.523	2.553
62.480	R2	2.311	2.541	2.428	2.377	2.523	2.553
62.520	R2	2.328	2.344	2.625	2.364	2.509	2.547
62.560	R2	2.365	2.718	2.679	2.363	2.524	2.551
62.600	R2	2.334	2.701	2.334	2.358	2.507	2.554
62.640	R2	2.291	2.291	2.748	2.338	2.479	2.552
62.680	R2	2.349	2.477	2.475	2.327	2.450	2.539
62.720	R2	2.481	2.618	2.481	2.330	2.439	2.523
62.760	R2	2.462	2.580	2.508	2.313	2.415	2.528
62.800	R2	2.360	2.403	2.402	2.315	2.434	2.525
62.840	R2	2.492	2.653	2.492	2.324	2.449	2.517
62.880	R2	2.188	2.188	2.402	2.323	2.469	2.521
62.920	R2	2.422	2.732	2.558	2.332	2.468	2.534
62.960	R2	2.203	2.203	2.571	2.343	2.478	2.532
63.000	R2	2.112	2.112	2.569	2.347	2.468	2.522
63.040	R2	2.155	2.155	2.503	2.357	2.488	2.538
63.080	R2	2.445	2.477	2.470	2.365	2.511	2.523
63.120	R2	2.115	2.115	2.654	2.359	2.498	2.521
63.160	R2	2.342	2.697	2.369	2.351	2.483	2.528
63.200	R2	2.422	2.526	2.502	2.342	2.468	2.525
63.240	R2	2.289	2.855	2.658	2.344	2.476	2.525
63.280	R2	2.486	2.525	2.681	2.341	2.472	2.523
63.320	R2	2.542	2.542	2.575	2.347	2.491	2.523
63.360	R2	2.459	2.507	2.493	2.348	2.485	2.528
63.400	R2	2.526	3.111	2.646	2.355	2.492	2.521
63.440	R2	2.461	2.744	2.461	2.368	2.521	2.511
63.480	R2	2.225	2.225	2.423	2.381	2.540	2.507
63.520	R2	2.311	2.311	2.629	2.380	2.542	2.512
63.560	R2	2.279	2.279	2.440	2.396	2.559	2.507
63.600	R2	2.413	2.572	2.413	2.377	2.523	2.511
63.640	R2	2.422	2.562	2.448	2.357	2.498	2.519
63.680	R2	2.315	2.570	2.399	2.361	2.502	2.504
63.720	R2	2.432	2.612	2.652	2.346	2.485	2.499
63.760	R2	2.350	2.350	2.433	2.328	2.467	2.498
63.800	R2	2.374	2.694	2.374	2.324	2.473	2.497
63.840	R2	2.418	2.523	2.418	2.322	2.442	2.495
63.880	R2	2.419	2.531	2.573	2.292	2.398	2.491
63.920	R2	2.430	2.445	2.545	2.292	2.398	2.491
63.960	R2	1.971	1.971	2.467	2.293	2.407	2.479
64.000	R2	2.026	2.026	2.648	2.286	2.399	2.485
64.040	R2	2.361	2.943	2.361	2.277	2.383	2.500
64.080	R2	2.186	2.186	2.587	2.282	2.380	2.510
64.120	R2	2.188	2.188	2.542	2.292	2.394	2.516
64.160	R2	2.369	2.618	2.473	2.292	2.400	2.513
64.200	R2	2.492	2.492	2.605	2.294	2.424	2.520
64.240	R2	1.862	1.862	2.386	2.288	2.402	2.529
64.280	R2	2.220	2.220	2.427	2.288	2.416	2.541
64.320	R2	2.340	2.489	2.388	2.285	2.422	2.530
64.360	R2	2.123	2.123	2.563	2.270	2.406	2.524
64.400	R2	2.248	2.248	2.713	2.287	2.446	2.527
64.440	R2	2.517	2.517	2.639	2.305	2.472	2.523
64.480	R2	2.508	2.845	2.525	2.308	2.450	2.535
64.520	R2	2.444	2.732	2.588	2.318	2.474	2.533
64.560	R2	2.385	2.830	2.581	2.326	2.482	2.532
64.600	R2	2.252	2.252	2.550	2.324	2.472	2.547
64.640	R2	2.413	2.812	2.656	2.319	2.470	2.545
64.680	R2	2.360	2.650	2.360	2.334	2.484	2.547
64.720	R2	2.127	2.127	2.416	2.330	2.480	2.560
64.760	R2	2.318	2.759	2.537	2.333	2.478	2.568
64.800	R2	2.388	2.545	2.570	2.346	2.499	2.560
64.840	R2	2.424	2.515	2.594	2.340	2.493	2.553
64.880	R2	2.388	2.667	2.553	2.338	2.493	2.549
64.920	R2	2.346	2.346	2.523	2.335	2.488	2.548
64.960	R2	2.327	2.414	2.767	2.330	2.478	2.536
65.000	R2	2.392	2.440	2.556	2.334	2.471	2.529
65.040	R2	2.157	2.157	2.441	2.338	2.495	2.532
65.080	R2	2.139	2.139	2.673	2.326	2.463	2.530
65.120	R2	2.406	2.450	2.565	2.334	2.468	2.542
65.160	R2	2.387	2.543	2.387	2.347	2.486	2.547
65.200	R2	2.129	2.129	2.575	2.347	2.464	2.551
65.240	R2	2.478	2.504	2.562	2.335	2.445	2.548
65.280	R2	2.448	2.746	2.507	2.337	2.453	2.547
65.320	R2	2.340	2.538	2.340	2.329	2.430	2.555
65.360	R2	2.457	2.688	2.457	2.324	2.425	2.559
65.400	R2	2.336	2.734	2.599	2.308	2.406	2.539
65.440	R2	2.179	2.179	2.615	2.303	2.403	2.538
65.480	R2	2.523	2.742	2.596	2.313	2.413	2.544
65.520	R2	2.371	2.491	2.523	2.322	2.430	2.532
65.560	R2	2.321	2.321	2.611	2.317	2.432	2.528
65.600	R2	2.163	2.163	2.511	2.318	2.437	2.542
65.640	R2	2.461	2.669	2.575	2.313	2.432	2.537
65.680	R2	2.215	2.215	2.721	2.303	2.421	2.531
65.720	R2	2.244	2.244	2.599	2.287	2.390	2.541
65.760	R2	2.024	2.024	2.372	2.289	2.392	2.543
65.800	R2	2.289	2.375	2.523	2.264	2.355	2.538
65.840	R2	2.358	2.358	2.563	2.254	2.325	2.528
65.880	R2	2.306	2.491	2.439	2.261	2.332	2.524
65.920	R2	2.317	2.489	2.489	2.259	2.319	2.521
65.960	R2	2.392	2.637	2.672	2.248	2.303	2.526
66.000	R2	2.034	2.034	2.462	2.232	2.287	2.524
66.040	R2	2.275	2.275	2.453	2.242	2.315	2.528
66.080	R2	2.136	2.136	2.693	2.233	2.296	2.529
66.120	R2	2.382	2.577	2.382	2.240	2.309	2.526
66.160	R2	1.942	1.942	2.372	2.237	2.306	2.511
66.200	R2	2.138	2.138	2.382	2.229	2.298	2.514
66.240	R2	2.323	2.323	2.546	2.232	2.320	2.513
66.280	R2	2.482	2.482	2.536	2.230	2.318	2.512
66.320	R2	2.162	2.162	2.619	2.236	2.320	2.515
66.360	R2	1.997	1.997	2.562	2.236	2.312	2.514
66.400	R2	2.355	2.739	2.610	2.231	2.294	2.509
66.440	R2	2.288	2.288	2.595	2.251	2.323	2.510
66.480	R2	2.345	2.459	2.659	2.238	2.311	2.512
66.520	R2	2.188	2.188	2.294	2.251	2.327	2.502
66.560	R2	1.878	1.878	2.423	2.233	2.299	2.511
66.600	R2	2.346	2.801	2.511	2.255	2.320	2.520
66.640	R2	2.315	2.326	2.548	2.251	2.316	2.517
66.680	R2	2.432	2.537	2.500	2.253	2.336	2.521
66.720	R2	2.311	2.311	2.468	2.252	2.342	2.520
66.760	R2	2.281	2.281	2.557	2.266	2.369	2.512
66.800	R2	2.433	2.623	2.493	2.269	2.371	2.505
66.840	R2	2.029	2.029	2.496	2.272	2.361	2.500
66.880	R2	2.395	2.448	2.484	2.281	2.375	2.498
66.920	R2	2.022	2.022	2.571	2.274	2.362	2.488
66.960	R2	2.377	2.377	2.549	2.282	2.386	2.497
67.000	R2	2.057	2.057	2.326	2.307	2.427	2.497
67.040	R2	2.367	2.706	2.625	2.307	2.427	2.489
67.080	R2	2.463	2.617	2.516	2.311	2.439	2.487
67.120	R2	2.450	2.695	2.458	2.305	2.444	2.484
67.160	R2	2.044	2.044	2.412	2.306	2.445	2.486
67.200	R2	2.424	2.542	2.521	2.317	2.465	2.483
67.240	R2	2.462	2.558	2.539	2.315	2.456	2.479
67.280	R2	2.208	2.208	2.466	2.326	2.467	2.479
67.320	R2	2.340	2.650	2.479	2.310	2.448	2.485
67.360	R2	2.382	2.708	2.414	2.330	2.482	2.479
67.400	R2	2.353	2.802	2.353	2.324	2.475	2.477
67.440	R2	2.385	2.556	2.519	2.345	2.501	2.488
67.480	R2	2.321	2.647	2.429	2.347	2.489	2.487
67.520	R2	2.334	2.334	2.512	2.342	2.477	2.497
67.560	R2	2.497	2.679	2.503	2.343	2.483	2.505
67.600	R2	2.398	2.441	2.398	2.357	2.497	2.515
67.640	R2	2.246	2.246	2.497	2.355	2.499	2.511
67.680	R2	2.065	2.065	2.619	2.352	2.505	2.509
67.720	R2	2.433	2.702	2.437	2.357	2.548	2.504
67.760	R2	2.251	2.251	2.515	2.335	2.511	2.510
67.800	R2	2.486	2.561	2.556	2.330	2.490	2.512
67.840	R2	2.406	2.479	2.586	2.318	2.455	2.528
67.880	R2	2.363	2.363	2.722	2.317	2.448	2.531
67.920	R2	2.459	2.819	2.621	2.316	2.447	2.525
67.960	R2	2.334	2.334	2.606	2.315	2.456	2.514
68.000	R2	2.377	2.573	2.459	2.303	2.435	2.516
68.040	R2	2.401	2.677	2.485	2.303	2.434	2.523
68.080	R2	2.319	3.082	2.367	2.318	2.452	2.527
68.120	R2	1.895	1.895	2.606	2.319	2.453	2.521
68.160	R2	2.284	2.284	2.444	2.315	2.436	2.530
68.200	R2	2.103	2.103	2.689	2.323	2.452	2.532
68.240	R2	2.374	2.423	2.567	2.319	2.452	2.526
68.280	R2	2.303	2.630	2.303	2.319	2.449	2.526
68.320	R2	2.301	2.518	2.301	2.315	2.444	2.512
68.360	R2	2.258	2.258	2.535	2.317	2.431	2.508
68.400	R2	2.396	2.420	2.551	2.320	2.441	2.498
68.440	R2	2.559	2.610	2.580	2.324	2.442	2.501
68.480	R2	2.072	2.072	2.493	2.322	2.430	2.495
68.520	R2	2.362	2.362	2.621	2.324	2.401	2.509
68.560	R2	2.413	2.580	2.555	2.352	2.433	2.502
68.600	R2	2.398	2.559	2.431	2.340	2.421	2.499
68.640	R2	2.417	2.417	2.580	2.355	2.444	2.490
68.680	R2	2.268	2.268	2.440	2.364	2.462	2.496
68.720	R2	2.502	2.545	2.554	2.368	2.454	2.500
68.760	R2	2.398	2.537	2.398	2.369	2.445	2.513
68.800	R2	2.458	2.595	2.527	2.376	2.460	2.505
68.840	R2	2.364	2.449	2.364	2.368	2.451	2.504
68.880	R2	2.351	2.489	2.651	2.365	2.460	2.505
68.920	R2	2.457	2.532	2.457	2.385	2.495	2.508
68.960	R2	2.044	2.044	2.377	2.384	2.515	2.510
69.000	R2	2.415	2.567	2.518	2.386	2.520	2.515
69.040	R2	2.538	2.783	2.677	2.375	2.501	2.518
69.080	R2	2.386	2.485	2.386	2.365	2.491	2.515
69.120	R2	2.331	2.331	2.556	2.370	2.518	2.521
69.160	R2	2.384	2.556	2.384	2.365	2.540	2.515
69.200	R2	2.243	2.243	2.521	2.344	2.512	2.526
69.240	R2	2.491	2.793	2.618	2.341	2.505	2.525
69.280	R2	2.491	2.766	2.554	2.338	2.519	2.534
69.320	R2	2.337	2.756	2.660	2.341	2.520	2.533
69.360	R2	2.438	2.681	2.638	2.338	2.517	2.538
69.400	R2	2.182	2.182	2.497	2.355	2.549	2.555
69.440	R2	2.221	2.221	2.519	2.332	2.518	2.554
69.480	R2	2.369	2.806	2.565	2.317	2.491	2.546
69.520	R2	2.399	2.981	2.432	2.317	2.494	2.550
69.560	R2	1.987	1.987	2.609	2.316	2.493	2.541
69.600	R2	2.384	2.450	2.515	2.305	2.473	2.553
69.640	R2	2.309	2.720	2.551	2.308	2.485	2.555
69.680	R2	2.416	2.508	2.635	2.298	2.468	2.551
69.720	R2	2.403	2.489	2.547	2.287	2.450	2.551
69.760	R2	2.382	2.683	2.712	2.283	2.431	2.544
69.800	R2	1.944	1.944	2.498	2.273	2.415	2.538
69.840	R2	2.236	2.236	2.521	2.280	2.431	2.541
69.880	R2	2.401	2.549	2.462	2.284	2.447	2.542
69.920	R2	2.301	2.301	2.373	2.277	2.417	2.541
69.960	R2	2.160	2.160	2.632	2.266	2.366	2.550
